
          


    
          0		0        
   0.20000E-02  0.626021E-003
   0.40000E-02  0.125204E-002
   0.60000E-02  0.187806E-002
   0.80000E-02  0.250408E-002
   0.10000E-01  0.313010E-002
   0.12000E-01  0.375612E-002
   0.14000E-01  0.438214E-002
   0.16000E-01  0.500816E-002
   0.18000E-01  0.563418E-002
   0.20000E-01  0.626021E-002
   0.22000E-01  0.688623E-002
   0.24000E-01  0.751225E-002
   0.26000E-01  0.813827E-002
   0.28000E-01  0.876429E-002
   0.30000E-01  0.939031E-002
   0.32000E-01  0.100163E-001
   0.34000E-01  0.106423E-001
   0.36000E-01  0.112684E-001
   0.38000E-01  0.118944E-001
   0.40000E-01  0.125204E-001

          


    
                  
   0.42000E-01  0.131464E-001
   0.44000E-01  0.137725E-001
   0.46000E-01  0.145712E-001
   0.48000E-01  0.154976E-001
   0.50000E-01  0.164774E-001
   0.52000E-01  0.178660E-001
   0.54000E-01  0.192976E-001
   0.56000E-01  0.207210E-001
   0.58000E-01  0.221327E-001
   0.60000E-01  0.235455E-001
   0.62000E-01  0.249593E-001
   0.64000E-01  0.263735E-001
   0.66000E-01  0.278370E-001
   0.68000E-01  0.295073E-001
   0.70000E-01  0.311886E-001
   0.72000E-01  0.328678E-001
   0.74000E-01  0.346023E-001
   0.76000E-01  0.363399E-001
   0.78000E-01  0.380906E-001
   0.80000E-01  0.400630E-001

          


    
                  
   0.82000E-01  0.423380E-001
   0.84000E-01  0.450253E-001
   0.86000E-01  0.479289E-001
   0.88000E-01  0.509953E-001
   0.90000E-01  0.540030E-001
   0.92000E-01  0.571066E-001
   0.94000E-01  0.603370E-001
   0.96000E-01  0.635279E-001
   0.98000E-01  0.668237E-001
   0.10000      0.703137E-001
   0.10200      0.743116E-001
   0.10400      0.786848E-001
   0.10600      0.831773E-001
   0.10800      0.875577E-001
   0.11000      0.921361E-001
   0.11200      0.966903E-001
   0.11400      0.101429     
   0.11600      0.106433     
   0.11800      0.111991     
   0.12000      0.117723     

          


    
                  
   0.12200      0.123498     
   0.12400      0.129356     
   0.12600      0.135215     
   0.12800      0.141328     
   0.13000      0.148037     
   0.13200      0.155206     
   0.13400      0.162110     
   0.13600      0.169250     
   0.13800      0.176422     
   0.14000      0.184062     
   0.14200      0.192298     
   0.14400      0.200577     
   0.14600      0.208809     
   0.14800      0.217156     
   0.15000      0.226019     
   0.15200      0.235482     
   0.15400      0.244737     
   0.15600      0.254080     
   0.15800      0.263618     
   0.16000      0.273945     

          


    
                  
   0.16200      0.284332     
   0.16400      0.294537     
   0.16600      0.304967     
   0.16800      0.315962     
   0.17000      0.327354     
   0.17200      0.338340     
   0.17400      0.349527     
   0.17600      0.361463     
   0.17800      0.373280     
   0.18000      0.384975     
   0.18200      0.397040     
   0.18400      0.409560     
   0.18600      0.421906     
   0.18800      0.434353     
   0.19000      0.447730     
   0.19200      0.460417     
   0.19400      0.473080     
   0.19600      0.486952     
   0.19800      0.500166     
   0.20000      0.513143     

          


    
                  
   0.20200      0.527447     
   0.20400      0.541086     
   0.20600      0.554471     
   0.20800      0.569182     
   0.21000      0.583119     
   0.21200      0.596694     
   0.21400      0.611331     
   0.21600      0.625906     
   0.21800      0.640100     
   0.22000      0.655515     
   0.22200      0.669798     
   0.22400      0.684997     
   0.22600      0.699543     
   0.22800      0.713988     
   0.23000      0.729546     
   0.23200      0.743885     
   0.23400      0.759121     
   0.23600      0.774171     
   0.23800      0.788787     
   0.24000      0.804032     

          


    
                  
   0.24200      0.818768     
   0.24400      0.832957     
   0.24600      0.848371     
   0.24800      0.863308     
   0.25000      0.878411     
   0.25200      0.893230     
   0.25400      0.907768     
   0.25600      0.922805     
   0.25800      0.937554     
   0.26000      0.952942     
   0.26200      0.967514     
   0.26400      0.982139     
   0.26600      0.997920     
   0.26800       1.01217     
   0.27000       1.02678     
   0.27200       1.04195     
   0.27400       1.05664     
   0.27600       1.07224     
   0.27800       1.08639     
   0.28000       1.10119     

          


    
                  
   0.28200       1.11630     
   0.28400       1.13038     
   0.28600       1.14537     
   0.28800       1.15960     
   0.29000       1.17372     
   0.29200       1.18859     
   0.29400       1.20317     
   0.29600       1.21688     
   0.29800       1.23159     
   0.30000       1.24589     
   0.30200       1.25995     
   0.30400       1.27448     
   0.30600       1.28816     
   0.30800       1.30265     
   0.31000       1.31689     
   0.31200       1.33098     
   0.31400       1.34572     
   0.31600       1.35933     
   0.31800       1.37340     
   0.32000       1.38786     

          


    
                  
   0.32200       1.40200     
   0.32400       1.41704     
   0.32600       1.43107     
   0.32800       1.44504     
   0.33000       1.45998     
   0.33200       1.47448     
   0.33400       1.48913     
   0.33600       1.50370     
   0.33800       1.51769     
   0.34000       1.53248     
   0.34200       1.54666     
   0.34400       1.56153     
   0.34600       1.57557     
   0.34800       1.58944     
   0.35000       1.60432     
   0.35200       1.61855     
   0.35400       1.63321     
   0.35600       1.64726     
   0.35800       1.66092     
   0.36000       1.67606     

          


    
                  
   0.36200       1.68969     
   0.36400       1.70390     
   0.36600       1.71896     
   0.36800       1.73215     
   0.37000       1.74719     
   0.37200       1.76205     
   0.37400       1.77470     
   0.37600       1.78993     
   0.37800       1.80432     
   0.38000       1.81840     
   0.38200       1.83230     
   0.38400       1.84645     
   0.38600       1.86008     
   0.38800       1.87548     
   0.39000       1.88911     
   0.39200       1.90262     
   0.39400       1.91816     
   0.39600       1.93227     
   0.39800       1.94742     
   0.40000       1.95983     

          


    
                  
   0.40200       1.97452     
   0.40400       1.98874     
   0.40600       2.00246     
   0.40800       2.01457     
   0.41000       2.03023     
   0.41200       2.04496     
   0.41400       2.05781     
   0.41600       2.07114     
   0.41800       2.08551     
   0.42000       2.10090     
   0.42200       2.11221     
   0.42400       2.12588     
   0.42600       2.14091     
   0.42800       2.15603     
   0.42818       2.15786     
   0.42819       2.15779     
  

