
          


      
         0		0           
   0.20000E-02  0.344347E+008
   0.40000E-02  0.688694E+008
   0.60000E-02  0.103304E+009
   0.80000E-02  0.137739E+009
   0.10000E-01  0.172173E+009
   0.12000E-01  0.206608E+009
   0.14000E-01  0.241043E+009
   0.16000E-01  0.275478E+009
   0.18000E-01  0.309912E+009
   0.20000E-01  0.344347E+009
   0.22000E-01  0.378782E+009
   0.24000E-01  0.413216E+009
   0.26000E-01  0.447651E+009
   0.28000E-01  0.482086E+009
   0.30000E-01  0.516520E+009
   0.32000E-01  0.550955E+009
   0.34000E-01  0.585390E+009
   0.36000E-01  0.619825E+009
   0.38000E-01  0.654259E+009
   0.40000E-01  0.688694E+009

          


      
                    
   0.42000E-01  0.723129E+009
   0.44000E-01  0.757563E+009
   0.46000E-01  0.770900E+009
   0.48000E-01  0.768644E+009
   0.50000E-01  0.766266E+009
   0.52000E-01  0.762909E+009
   0.54000E-01  0.759467E+009
   0.56000E-01  0.756059E+009
   0.58000E-01  0.752694E+009
   0.60000E-01  0.749341E+009
   0.62000E-01  0.746001E+009
   0.64000E-01  0.742675E+009
   0.66000E-01  0.739249E+009
   0.68000E-01  0.735358E+009
   0.70000E-01  0.731464E+009
   0.72000E-01  0.727595E+009
   0.74000E-01  0.723619E+009
   0.76000E-01  0.719658E+009
   0.78000E-01  0.715689E+009
   0.80000E-01  0.711244E+009

          


      
                    
   0.82000E-01  0.706155E+009
   0.84000E-01  0.700191E+009
   0.86000E-01  0.693806E+009
   0.88000E-01  0.687124E+009
   0.90000E-01  0.680633E+009
   0.92000E-01  0.673999E+009
   0.94000E-01  0.667163E+009
   0.96000E-01  0.660479E+009
   0.98000E-01  0.653644E+009
   0.10000      0.646484E+009
   0.10200      0.638378E+009
   0.10400      0.629628E+009
   0.10600      0.620763E+009
   0.10800      0.612240E+009
   0.11000      0.603457E+009
   0.11200      0.594845E+009
   0.11400      0.586013E+009
   0.11600      0.576832E+009
   0.11800      0.566801E+009
   0.12000      0.556639E+009

          


      
                    
   0.12200      0.546585E+009
   0.12400      0.536571E+009
   0.12600      0.526742E+009
   0.12800      0.516677E+009
   0.13000      0.505851E+009
   0.13200      0.494534E+009
   0.13400      0.483876E+009
   0.13600      0.473094E+009
   0.13800      0.462507E+009
   0.14000      0.451489E+009
   0.14200      0.439906E+009
   0.14400      0.428562E+009
   0.14600      0.417573E+009
   0.14800      0.406719E+009
   0.15000      0.395502E+009
   0.15200      0.383867E+009
   0.15400      0.372820E+009
   0.15600      0.361991E+009
   0.15800      0.351260E+009
   0.16000      0.340001E+009

          


      
                    
   0.16200      0.329041E+009
   0.16400      0.318618E+009
   0.16600      0.308307E+009
   0.16800      0.297798E+009
   0.17000      0.287289E+009
   0.17200      0.277505E+009
   0.17400      0.267886E+009
   0.17600      0.257991E+009
   0.17800      0.248556E+009
   0.18000      0.239558E+009
   0.18200      0.230618E+009
   0.18400      0.221694E+009
   0.18600      0.213233E+009
   0.18800      0.205030E+009
   0.19000      0.196568E+009
   0.19200      0.188865E+009
   0.19400      0.181479E+009
   0.19600      0.173720E+009
   0.19800      0.166639E+009
   0.20000      0.159967E+009

          


      
                    
   0.20200      0.152923E+009
   0.20400      0.146496E+009
   0.20600      0.140453E+009
   0.20800      0.134100E+009
   0.21000      0.128348E+009
   0.21200      0.122983E+009
   0.21400      0.117452E+009
   0.21600      0.112191E+009
   0.21800      0.107297E+009
   0.22000      0.102224E+009
   0.22200      0.977403E+008
   0.22400      0.931860E+008
   0.22600      0.890274E+008
   0.22800      0.850831E+008
   0.23000      0.810314E+008
   0.23200      0.774699E+008
   0.23400      0.738587E+008
   0.23600      0.704584E+008
   0.23800      0.673077E+008
   0.24000      0.641729E+008

          


      
                    
   0.24200      0.612835E+008
   0.24400      0.586256E+008
   0.24600      0.558704E+008
   0.24800      0.533256E+008
   0.25000      0.508721E+008
   0.25200      0.485762E+008
   0.25400      0.464262E+008
   0.25600      0.443042E+008
   0.25800      0.423190E+008
   0.26000      0.403443E+008
   0.26200      0.385611E+008
   0.26400      0.368525E+008
   0.26600      0.350957E+008
   0.26800      0.335836E+008
   0.27000      0.321022E+008
   0.27200      0.306345E+008
   0.27400      0.292802E+008
   0.27600      0.279084E+008
   0.27800      0.267225E+008
   0.28000      0.255372E+008

          


      
                    
   0.28200      0.243835E+008
   0.28400      0.233576E+008
   0.28600      0.223145E+008
   0.28800      0.213691E+008
   0.29000      0.204732E+008
   0.29200      0.195712E+008
   0.29400      0.187278E+008
   0.29600      0.179699E+008
   0.29800      0.171924E+008
   0.30000      0.164711E+008
   0.30200      0.157933E+008
   0.30400      0.151239E+008
   0.30600      0.145212E+008
   0.30800      0.139113E+008
   0.31000      0.133388E+008
   0.31200      0.127974E+008
   0.31400      0.122570E+008
   0.31600      0.117796E+008
   0.31800      0.113080E+008
   0.32000      0.108448E+008

          


      
                    
   0.32200      0.104122E+008
   0.32400      0.997320E+007
   0.32600      0.958235E+007
   0.32800      0.921032E+007
   0.33000      0.883071E+007
   0.33200      0.847926E+007
   0.33400      0.814067E+007
   0.33600      0.781937E+007
   0.33800      0.752466E+007
   0.34000      0.722746E+007
   0.34200      0.695571E+007
   0.34400      0.668363E+007
   0.34600      0.643878E+007
   0.34800      0.620754E+007
   0.35000      0.597080E+007
   0.35200      0.575502E+007
   0.35400      0.554287E+007
   0.35600      0.534896E+007
   0.35800      0.516889E+007
   0.36000      0.497850E+007

          


      
                    
   0.36200      0.481508E+007
   0.36400      0.465234E+007
   0.36600      0.448802E+007
   0.36800      0.435066E+007
   0.37000      0.420130E+007
   0.37200      0.406080E+007
   0.37400      0.394670E+007
   0.37600      0.381555E+007
   0.37800      0.369761E+007
   0.38000      0.358765E+007
   0.38200      0.348414E+007
   0.38400      0.338366E+007
   0.38600      0.329138E+007
   0.38800      0.319208E+007
   0.39000      0.310850E+007
   0.39200      0.302950E+007
   0.39400      0.294304E+007
   0.39600      0.286848E+007
   0.39800      0.279241E+007
   0.40000      0.273305E+007

          


      
                    
   0.40200      0.266603E+007
   0.40400      0.260444E+007
   0.40600      0.254788E+007
   0.40800      0.250025E+007
   0.41000      0.244165E+007
   0.41200      0.238950E+007
   0.41400      0.234622E+007
   0.41600      0.230344E+007
   0.41800      0.225966E+007
   0.42000      0.221532E+007
   0.42200      0.218431E+007
   0.42400      0.214858E+007
   0.42600      0.211142E+007
   0.42800      0.207616E+007
   0.42818      0.207202E+007
   0.42819      0.207195E+007
    

