
          


        
       0	    0              
   0.20000E-01   451.540     
   0.40000E-01   903.080     
   0.60000E-01   1354.62     
   0.80000E-01   1806.16     
   0.10000       2257.70     
   0.12000       2709.24     
   0.14000       3160.78     
   0.16000       3612.32     
   0.18000       4063.86     
   0.20000       4515.40     
   0.22000       4966.94     
   0.24000       5418.48     
   0.26000       5870.02     
   0.28000       6320.01     
   0.30000       6769.29     
   0.32000       7218.48     
   0.34000       7664.96     
   0.36000       8110.78     
   0.38000       8556.56     
   0.40000       9001.65     

          


        
                    
   0.42000       9443.58     
   0.44000       9882.80     
   0.46000       10319.9     
   0.48000       10755.3     
   0.50000       11186.0     
   0.52000       11612.4     
   0.54000       12035.1     
   0.56000       12450.2     
   0.58000       12860.4     
   0.60000       13260.5     
   0.62000       13651.4     
   0.64000       14029.6     
   0.66000       14390.1     
   0.68000       14731.7     
   0.70000       15046.6     
   0.72000       15329.6     
   0.74000       15566.4     
   0.76000       15742.4     
   0.78000       15829.2     
   0.80000       15784.9     

          


        
                    
   0.82000       15524.5     
   0.84000       14989.0     
   0.84900       14626.5     
   0.85800       14297.0     
   0.85837       14242.9     
   

