
          


     
         0		0         
   0.20000E-02  0.343971E-003
   0.40000E-02  0.687942E-003
   0.60000E-02  0.103191E-002
   0.80000E-02  0.137588E-002
   0.10000E-01  0.171986E-002
   0.12000E-01  0.206383E-002
   0.14000E-01  0.240780E-002
   0.16000E-01  0.275177E-002
   0.18000E-01  0.309574E-002
   0.20000E-01  0.343971E-002
   0.22000E-01  0.378368E-002
   0.24000E-01  0.412765E-002
   0.26000E-01  0.447162E-002
   0.28000E-01  0.481560E-002
   0.30000E-01  0.515957E-002
   0.32000E-01  0.550354E-002
   0.34000E-01  0.584751E-002
   0.36000E-01  0.619148E-002
   0.38000E-01  0.653545E-002
   0.40000E-01  0.687942E-002

          


     
                  
   0.42000E-01  0.722339E-002
   0.44000E-01  0.756736E-002
   0.46000E-01  0.791134E-002
   0.48000E-01  0.825531E-002
   0.50000E-01  0.859928E-002
   0.52000E-01  0.894325E-002
   0.54000E-01  0.928722E-002
   0.56000E-01  0.963119E-002
   0.58000E-01  0.997516E-002
   0.60000E-01  0.103191E-001
   0.62000E-01  0.106631E-001
   0.64000E-01  0.110071E-001
   0.66000E-01  0.113510E-001
   0.68000E-01  0.116950E-001
   0.70000E-01  0.120390E-001
   0.72000E-01  0.123830E-001
   0.74000E-01  0.127269E-001
   0.76000E-01  0.130709E-001
   0.78000E-01  0.134149E-001
   0.80000E-01  0.137588E-001

          


     
                  
   0.82000E-01  0.141028E-001
   0.84000E-01  0.144758E-001
   0.86000E-01  0.153276E-001
   0.88000E-01  0.162311E-001
   0.90000E-01  0.171230E-001
   0.92000E-01  0.180110E-001
   0.94000E-01  0.188946E-001
   0.96000E-01  0.197784E-001
   0.98000E-01  0.206622E-001
   0.10000      0.215454E-001
   0.10200      0.224279E-001
   0.10400      0.233097E-001
   0.10600      0.241908E-001
   0.10800      0.250713E-001
   0.11000      0.259512E-001
   0.11200      0.268304E-001
   0.11400      0.277090E-001
   0.11600      0.285869E-001
   0.11800      0.294643E-001
   0.12000      0.303410E-001

          


     
                  
   0.12200      0.312172E-001
   0.12400      0.321992E-001
   0.12600      0.334341E-001
   0.12800      0.347673E-001
   0.13000      0.360667E-001
   0.13200      0.373268E-001
   0.13400      0.385849E-001
   0.13600      0.398483E-001
   0.13800      0.411136E-001
   0.14000      0.423763E-001
   0.14200      0.436360E-001
   0.14400      0.448929E-001
   0.14600      0.461480E-001
   0.14800      0.474010E-001
   0.15000      0.486522E-001
   0.15200      0.499013E-001
   0.15400      0.511486E-001
   0.15600      0.523940E-001
   0.15800      0.536376E-001
   0.16000      0.550325E-001

          


     
                  
   0.16200      0.568404E-001
   0.16400      0.585970E-001
   0.16600      0.603504E-001
   0.16800      0.620958E-001
   0.17000      0.638358E-001
   0.17200      0.655712E-001
   0.17400      0.672994E-001
   0.17600      0.690221E-001
   0.17800      0.707379E-001
   0.18000      0.724491E-001
   0.18200      0.741617E-001
   0.18400      0.761009E-001
   0.18600      0.782092E-001
   0.18800      0.803099E-001
   0.19000      0.823715E-001
   0.19200      0.844162E-001
   0.19400      0.864537E-001
   0.19600      0.884820E-001
   0.19800      0.905012E-001
   0.20000      0.925117E-001

          


     
                  
   0.20200      0.945112E-001
   0.20400      0.965031E-001
   0.20600      0.984862E-001
   0.20800      0.100886     
   0.21000      0.103342     
   0.21200      0.105779     
   0.21400      0.108200     
   0.21600      0.110610     
   0.21800      0.112989     
   0.22000      0.115355     
   0.22200      0.117707     
   0.22400      0.120039     
   0.22600      0.122372     
   0.22800      0.124912     
   0.23000      0.127624     
   0.23200      0.130305     
   0.23400      0.132926     
   0.23600      0.135514     
   0.23800      0.138086     
   0.24000      0.140635     

          


     
                  
   0.24200      0.143164     
   0.24400      0.145676     
   0.24600      0.148163     
   0.24800      0.150784     
   0.25000      0.153858     
   0.25200      0.156782     
   0.25400      0.159687     
   0.25600      0.162555     
   0.25800      0.165398     
   0.26000      0.168204     
   0.26200      0.170989     
   0.26400      0.173736     
   0.26600      0.176666     
   0.26800      0.179809     
   0.27000      0.182923     
   0.27200      0.185958     
   0.27400      0.188929     
   0.27600      0.191867     
   0.27800      0.194782     
   0.28000      0.197658     

          


     
                  
   0.28200      0.200505     
   0.28400      0.203446     
   0.28600      0.206824     
   0.28800      0.210157     
   0.29000      0.213404     
   0.29200      0.216577     
   0.29400      0.219721     
   0.29600      0.222824     
   0.29800      0.225883     
   0.30000      0.228943     
   0.30200      0.232373     
   0.30400      0.235704     
   0.30600      0.238998     
   0.30800      0.242260     
   0.31000      0.245444     
   0.31200      0.248586     
   0.31400      0.251691     
   0.31600      0.254770     
   0.31800      0.257819     
   0.32000      0.261276     

          


     
                  
   0.32200      0.264802     
   0.32400      0.268268     
   0.32600      0.271644     
   0.32800      0.274943     
   0.33000      0.278192     
   0.33200      0.281420     
   0.33400      0.284617     
   0.33600      0.288181     
   0.33800      0.291643     
   0.34000      0.295067     
   0.34200      0.298459     
   0.34400      0.301757     
   0.34600      0.305011     
   0.34800      0.308227     
   0.35000      0.311407     
   0.35200      0.314653     
   0.35400      0.318359     
   0.35600      0.321982     
   0.35800      0.325497     
   0.36000      0.328921     

          


     
                  
   0.36200      0.332312     
   0.36400      0.335651     
   0.36600      0.338968     
   0.36800      0.342614     
   0.37000      0.346184     
   0.37200      0.349710     
   0.37400      0.353206     
   0.37600      0.356595     
   0.37800      0.359932     
   0.38000      0.363230     
   0.38200      0.366489     
   0.38400      0.370005     
   0.38600      0.373692     
   0.38800      0.377397     
   0.39000      0.380989     
   0.39200      0.384517     
   0.39400      0.387931     
   0.39600      0.391283     
   0.39800      0.394697     
   0.40000      0.398420     

          


     
                  
   0.40200      0.402088     
   0.40400      0.405646     
   0.40600      0.409118     
   0.40800      0.412526     
   0.41000      0.415887     
   0.41200      0.419228     
   0.41400      0.422532     
   0.41600      0.426204     
   0.41800      0.429984     
   0.42000      0.433658     
   0.42200      0.437192     
   0.42400      0.440674     
   0.42600      0.444120     
   0.42800      0.447520     
   0.43000      0.451140     
   0.43200      0.454853     
   0.43400      0.458491     
   0.43600      0.462052     
   0.43800      0.465496     
   0.44000      0.468898     

          


     
                  
   0.44200      0.472269     
   0.44400      0.475600     
   0.44600      0.479222     
   0.44800      0.483017     
   0.45000      0.486785     
   0.45200      0.490420     
   0.45400      0.493956     
   0.45600      0.497386     
   0.45800      0.500789     
   0.46000      0.504527     
   0.46200      0.508119     
   0.46400      0.511835     
   0.46600      0.515429     
   0.46800      0.518916     
   0.47000      0.522355     
   0.47200      0.525738     
   0.47400      0.529091     
   0.47600      0.532516     
   0.47800      0.536373     
   0.48000      0.540148     

          


     
                  
   0.48200      0.543819     
   0.48400      0.547389     
   0.48600      0.550820     
   0.48800      0.554237     
   0.49000      0.557658     
   0.49200      0.561317     
   0.49400      0.565030     
   0.49600      0.568651     
   0.49800      0.572197     
   0.50000      0.575625     
   0.50200      0.579023     
   0.50400      0.582399     
   0.50600      0.585724     
   0.50800      0.589099     
   0.51000      0.592939     
   0.51200      0.596660     
   0.51400      0.600316     
   0.51600      0.603815     
   0.51800      0.607257     
   0.52000      0.610666     

          


     
                  
   0.52200      0.614065     
   0.52400      0.617710     
   0.52600      0.621438     
   0.52800      0.625034     
   0.53000      0.628520     
   0.53200      0.631952     
   0.53400      0.635354     
   0.53600      0.638712     
   0.53800      0.642031     
   0.54000      0.645609     
   0.54200      0.649362     
   0.54400      0.653124     
   0.54600      0.656718     
   0.54800      0.660190     
   0.55000      0.663613     
   0.55200      0.667020     
   0.55400      0.670554     
   0.55600      0.674200     
   0.55800      0.677863     
   0.56000      0.681444     

          


     
                  
   0.56200      0.684983     
   0.56400      0.688401     
   0.56600      0.691767     
   0.56800      0.695107     
   0.57000      0.698432     
   0.57200      0.702091     
   0.57400      0.705849     
   0.57600      0.709567     
   0.57800      0.713144     
   0.58000      0.716632     
   0.58200      0.720021     
   0.58400      0.723401     
   0.58600      0.726999     
   0.58800      0.730698     
   0.59000      0.734341     
   0.59200      0.737909     
   0.59400      0.741345     
   0.59600      0.744740     
   0.59800      0.748124     
   0.60000      0.751476     

          


     
                  
   0.60200      0.754785     
   0.60400      0.758605     
   0.60600      0.762444     
   0.60800      0.766058     
   0.61000      0.769623     
   0.61200      0.773077     
   0.61400      0.776516     
   0.61600      0.779938     
   0.61800      0.783599     
   0.62000      0.787360     
   0.62200      0.790992     
   0.62400      0.794500     
   0.62600      0.797948     
   0.62800      0.801377     
   0.63000      0.804762     
   0.63200      0.808107     
   0.63400      0.811702     
   0.63600      0.815551     
   0.63800      0.819281     
   0.64000      0.822872     

          


     
                  
   0.64200      0.826461     
   0.64400      0.829869     
   0.64600      0.833283     
   0.64800      0.836740     
   0.65000      0.840510     
   0.65200      0.844209     
   0.65400      0.847817     
   0.65600      0.851274     
   0.65800      0.854777     
   0.66000      0.858140     
   0.66200      0.861512     
   0.66400      0.864850     
   0.66600      0.868415     
   0.66800      0.872186     
   0.67000      0.875914     
   0.67200      0.879519     
   0.67400      0.883063     
   0.67600      0.886498     
   0.67800      0.889911     
   0.68000      0.893363     

          


     
                  
   0.68200      0.897108     
   0.68400      0.900843     
   0.68600      0.904446     
   0.68800      0.907994     
   0.69000      0.911379     
   0.69200      0.914787     
   0.69400      0.918170     
   0.69600      0.921520     
   0.69800      0.925188     
   0.70000      0.929025     
   0.70200      0.932763     
   0.70400      0.936399     
   0.70600      0.939868     
   0.70800      0.943346     
   0.71000      0.946805     
   0.71200      0.950519     
   0.71400      0.954279     
   0.71600      0.957888     
   0.71800      0.961434     
   0.72000      0.964950     

          


     
                  
   0.72200      0.968441     
   0.72400      0.971850     
   0.72600      0.975233     
   0.72800      0.978687     
   0.73000      0.982463     
   0.73200      0.986329     
   0.73400      0.990048     
   0.73600      0.993513     
   0.73800      0.997060     
   0.74000       1.00053     
   0.74200       1.00400     
   0.74400       1.00770     
   0.74600       1.01141     
   0.74800       1.01509     
   0.75000       1.01869     
   0.75200       1.02215     
   0.75400       1.02555     
   0.75600       1.02898     
   0.75800       1.03236     
   0.76000       1.03573     

          


     
                  
   0.76200       1.03964     
   0.76400       1.04345     
   0.76600       1.04718     
   0.76800       1.05075     
   0.77000       1.05426     
   0.77200       1.05763     
   0.77400       1.06110     
   0.77600       1.06493     
   0.77800       1.06864     
   0.78000       1.07230     
   0.78200       1.07594     
   0.78400       1.07932     
   0.78600       1.08277     
   0.78800       1.08619     
   0.79000       1.08958     
   0.79200       1.09333     
   0.79400       1.09717     
   0.79600       1.10092     
   0.79800       1.10464     
   0.80000       1.10810     

          


     
                  
   0.80200       1.11160     
   0.80400       1.11508     
   0.80490       1.11664     
   0.80580       1.11828     
    1.0000       1.11835     

