
          


      
         0		0           
   0.20000E-02  0.192177E+008
   0.40000E-02  0.384354E+008
   0.60000E-02  0.576530E+008
   0.80000E-02  0.768707E+008
   0.10000E-01  0.960884E+008
   0.12000E-01  0.115306E+009
   0.14000E-01  0.134524E+009
   0.16000E-01  0.153741E+009
   0.18000E-01  0.172959E+009
   0.20000E-01  0.192177E+009
   0.22000E-01  0.211394E+009
   0.24000E-01  0.230612E+009
   0.26000E-01  0.249830E+009
   0.28000E-01  0.269047E+009
   0.30000E-01  0.288265E+009
   0.32000E-01  0.307483E+009
   0.34000E-01  0.326701E+009
   0.36000E-01  0.345918E+009
   0.38000E-01  0.365136E+009
   0.40000E-01  0.384354E+009

          


      
                    
   0.42000E-01  0.403571E+009
   0.44000E-01  0.422789E+009
   0.46000E-01  0.442007E+009
   0.48000E-01  0.461224E+009
   0.50000E-01  0.480442E+009
   0.52000E-01  0.499660E+009
   0.54000E-01  0.518877E+009
   0.56000E-01  0.538095E+009
   0.58000E-01  0.557313E+009
   0.60000E-01  0.576530E+009
   0.62000E-01  0.595748E+009
   0.64000E-01  0.614966E+009
   0.66000E-01  0.634183E+009
   0.68000E-01  0.653401E+009
   0.70000E-01  0.672619E+009
   0.72000E-01  0.691836E+009
   0.74000E-01  0.711054E+009
   0.76000E-01  0.730272E+009
   0.78000E-01  0.749489E+009
   0.80000E-01  0.768707E+009

          


      
                    
   0.82000E-01  0.787925E+009
   0.84000E-01  0.808765E+009
   0.86000E-01  0.805849E+009
   0.88000E-01  0.801233E+009
   0.90000E-01  0.796704E+009
   0.92000E-01  0.792220E+009
   0.94000E-01  0.787783E+009
   0.96000E-01  0.783369E+009
   0.98000E-01  0.778980E+009
   0.10000      0.774619E+009
   0.10200      0.770285E+009
   0.10400      0.765979E+009
   0.10600      0.761701E+009
   0.10800      0.757449E+009
   0.11000      0.753224E+009
   0.11200      0.749026E+009
   0.11400      0.744854E+009
   0.11600      0.740708E+009
   0.11800      0.736588E+009
   0.12000      0.732494E+009

          


      
                    
   0.12200      0.728425E+009
   0.12400      0.723890E+009
   0.12600      0.718230E+009
   0.12800      0.712174E+009
   0.13000      0.706318E+009
   0.13200      0.700685E+009
   0.13400      0.695105E+009
   0.13600      0.689546E+009
   0.13800      0.684024E+009
   0.14000      0.678557E+009
   0.14200      0.673147E+009
   0.14400      0.667791E+009
   0.14600      0.662486E+009
   0.14800      0.657232E+009
   0.15000      0.652026E+009
   0.15200      0.646871E+009
   0.15400      0.641764E+009
   0.15600      0.636705E+009
   0.15800      0.631693E+009
   0.16000      0.626118E+009

          


      
                    
   0.16200      0.618967E+009
   0.16400      0.612098E+009
   0.16600      0.605317E+009
   0.16800      0.598641E+009
   0.17000      0.592059E+009
   0.17200      0.585566E+009
   0.17400      0.579171E+009
   0.17600      0.572866E+009
   0.17800      0.566654E+009
   0.18000      0.560526E+009
   0.18200      0.554459E+009
   0.18400      0.547669E+009
   0.18600      0.540380E+009
   0.18800      0.533214E+009
   0.19000      0.526275E+009
   0.19200      0.519481E+009
   0.19400      0.512798E+009
   0.19600      0.506230E+009
   0.19800      0.499776E+009
   0.20000      0.493432E+009

          


      
                    
   0.20200      0.487202E+009
   0.20400      0.481073E+009
   0.20600      0.475049E+009
   0.20800      0.467858E+009
   0.21000      0.460612E+009
   0.21200      0.453534E+009
   0.21400      0.446609E+009
   0.21600      0.439822E+009
   0.21800      0.433220E+009
   0.22000      0.426756E+009
   0.22200      0.420424E+009
   0.22400      0.414238E+009
   0.22600      0.408143E+009
   0.22800      0.401607E+009
   0.23000      0.394745E+009
   0.23200      0.388076E+009
   0.23400      0.381665E+009
   0.23600      0.375440E+009
   0.23800      0.369353E+009
   0.24000      0.363417E+009

          


      
                    
   0.24200      0.357624E+009
   0.24400      0.351961E+009
   0.24600      0.346442E+009
   0.24800      0.340719E+009
   0.25000      0.334129E+009
   0.25200      0.327977E+009
   0.25400      0.321978E+009
   0.25600      0.316163E+009
   0.25800      0.310503E+009
   0.26000      0.305015E+009
   0.26200      0.299666E+009
   0.26400      0.294480E+009
   0.26600      0.289049E+009
   0.26800      0.283333E+009
   0.27000      0.277782E+009
   0.27200      0.272477E+009
   0.27400      0.267382E+009
   0.27600      0.262437E+009
   0.27800      0.257622E+009
   0.28000      0.252958E+009

          


      
                    
   0.28200      0.248424E+009
   0.28400      0.243825E+009
   0.28600      0.238648E+009
   0.28800      0.233649E+009
   0.29000      0.228878E+009
   0.29200      0.224312E+009
   0.29400      0.219876E+009
   0.29600      0.215585E+009
   0.29800      0.211436E+009
   0.30000      0.207366E+009
   0.30200      0.202897E+009
   0.30400      0.198650E+009
   0.30600      0.194538E+009
   0.30800      0.190549E+009
   0.31000      0.186734E+009
   0.31200      0.183046E+009
   0.31400      0.179472E+009
   0.31600      0.175997E+009
   0.31800      0.172623E+009
   0.32000      0.168875E+009

          


      
                    
   0.32200      0.165136E+009
   0.32400      0.161542E+009
   0.32600      0.158116E+009
   0.32800      0.154839E+009
   0.33000      0.151678E+009
   0.33200      0.148602E+009
   0.33400      0.145616E+009
   0.33600      0.142360E+009
   0.33800      0.139265E+009
   0.34000      0.136272E+009
   0.34200      0.133370E+009
   0.34400      0.130608E+009
   0.34600      0.127939E+009
   0.34800      0.125354E+009
   0.35000      0.122851E+009
   0.35200      0.120346E+009
   0.35400      0.117550E+009
   0.35600      0.114879E+009
   0.35800      0.112347E+009
   0.36000      0.109932E+009

          


      
                    
   0.36200      0.107594E+009
   0.36400      0.105339E+009
   0.36600      0.103147E+009
   0.36800      0.100789E+009
   0.37000      0.985337E+008
   0.37200      0.963559E+008
   0.37400      0.942438E+008
   0.37600      0.922409E+008
   0.37800      0.903108E+008
   0.38000      0.884427E+008
   0.38200      0.866346E+008
   0.38400      0.847260E+008
   0.38600      0.827696E+008
   0.38800      0.808500E+008
   0.39000      0.790308E+008
   0.39200      0.772845E+008
   0.39400      0.756320E+008
   0.39600      0.740432E+008
   0.39800      0.724603E+008
   0.40000      0.707725E+008

          


      
                    
   0.40200      0.691481E+008
   0.40400      0.676082E+008
   0.40600      0.661392E+008
   0.40800      0.647281E+008
   0.41000      0.633667E+008
   0.41200      0.620415E+008
   0.41400      0.607586E+008
   0.41600      0.593640E+008
   0.41800      0.579618E+008
   0.42000      0.566312E+008
   0.42200      0.553805E+008
   0.42400      0.541750E+008
   0.42600      0.530081E+008
   0.42800      0.518820E+008
   0.43000      0.507091E+008
   0.43200      0.495340E+008
   0.43400      0.484094E+008
   0.43600      0.473333E+008
   0.43800      0.463156E+008
   0.44000      0.453322E+008

          


      
                    
   0.44200      0.443784E+008
   0.44400      0.434556E+008
   0.44600      0.424745E+008
   0.44800      0.414704E+008
   0.45000      0.404971E+008
   0.45200      0.395803E+008
   0.45400      0.387085E+008
   0.45600      0.378811E+008
   0.45800      0.370783E+008
   0.46000      0.362162E+008
   0.46200      0.354068E+008
   0.46400      0.345888E+008
   0.46600      0.338159E+008
   0.46800      0.330826E+008
   0.47000      0.323754E+008
   0.47200      0.316945E+008
   0.47400      0.310341E+008
   0.47600      0.303739E+008
   0.47800      0.296474E+008
   0.48000      0.289535E+008

          


      
                    
   0.48200      0.282946E+008
   0.48400      0.276684E+008
   0.48600      0.270800E+008
   0.48800      0.265065E+008
   0.49000      0.259447E+008
   0.49200      0.253574E+008
   0.49400      0.247752E+008
   0.49600      0.242205E+008
   0.49800      0.236895E+008
   0.50000      0.231877E+008
   0.50200      0.227008E+008
   0.50400      0.222276E+008
   0.50600      0.217712E+008
   0.50800      0.213178E+008
   0.51000      0.208136E+008
   0.51200      0.203368E+008
   0.51400      0.198792E+008
   0.51600      0.194512E+008
   0.51800      0.190393E+008
   0.52000      0.186402E+008

          


      
                    
   0.52200      0.182508E+008
   0.52400      0.178426E+008
   0.52600      0.174348E+008
   0.52800      0.170505E+008
   0.53000      0.166863E+008
   0.53200      0.163356E+008
   0.53400      0.159954E+008
   0.53600      0.156669E+008
   0.53800      0.153490E+008
   0.54000      0.150137E+008
   0.54200      0.146703E+008
   0.54400      0.143341E+008
   0.54600      0.140205E+008
   0.54800      0.137242E+008
   0.55000      0.134385E+008
   0.55200      0.131603E+008
   0.55400      0.128781E+008
   0.55600      0.125936E+008
   0.55800      0.123144E+008
   0.56000      0.120476E+008

          


      
                    
   0.56200      0.117899E+008
   0.56400      0.115465E+008
   0.56600      0.113120E+008
   0.56800      0.110843E+008
   0.57000      0.108623E+008
   0.57200      0.106235E+008
   0.57400      0.103840E+008
   0.57600      0.101526E+008
   0.57800      0.993520E+007
   0.58000      0.972791E+007
   0.58200      0.953092E+007
   0.58400      0.933871E+007
   0.58600      0.913858E+007
   0.58800      0.893765E+007
   0.59000      0.874435E+007
   0.59200      0.855933E+007
   0.59400      0.838517E+007
   0.59600      0.821681E+007
   0.59800      0.805258E+007
   0.60000      0.789344E+007

          


      
                    
   0.60200      0.773966E+007
   0.60400      0.756618E+007
   0.60600      0.739606E+007
   0.60800      0.723970E+007
   0.61000      0.708898E+007
   0.61200      0.694625E+007
   0.61400      0.680725E+007
   0.61600      0.667195E+007
   0.61800      0.653049E+007
   0.62000      0.638856E+007
   0.62200      0.625477E+007
   0.62400      0.612848E+007
   0.62600      0.600714E+007
   0.62800      0.588909E+007
   0.63000      0.577510E+007
   0.63200      0.566484E+007
   0.63400      0.554903E+007
   0.63600      0.542797E+007
   0.63800      0.531349E+007
   0.64000      0.520587E+007

          


      
                    
   0.64200      0.510075E+007
   0.64400      0.500322E+007
   0.64600      0.490762E+007
   0.64800      0.481295E+007
   0.65000      0.471210E+007
   0.65200      0.461554E+007
   0.65400      0.452356E+007
   0.65600      0.443742E+007
   0.65800      0.435209E+007
   0.66000      0.427198E+007
   0.66200      0.419342E+007
   0.66400      0.411729E+007
   0.66600      0.403782E+007
   0.66800      0.395575E+007
   0.67000      0.387657E+007
   0.67200      0.380181E+007
   0.67400      0.373001E+007
   0.67600      0.366199E+007
   0.67800      0.359590E+007
   0.68000      0.353055E+007

          


      
                    
   0.68200      0.346130E+007
   0.68400      0.339390E+007
   0.68600      0.333043E+007
   0.68800      0.326937E+007
   0.69000      0.321245E+007
   0.69200      0.315640E+007
   0.69400      0.310198E+007
   0.69600      0.304927E+007
   0.69800      0.299289E+007
   0.70000      0.293534E+007
   0.70200      0.288068E+007
   0.70400      0.282877E+007
   0.70600      0.278040E+007
   0.70800      0.273301E+007
   0.71000      0.268695E+007
   0.71200      0.263864E+007
   0.71400      0.259095E+007
   0.71600      0.254627E+007
   0.71800      0.250340E+007
   0.72000      0.246189E+007

          


      
                    
   0.72200      0.242162E+007
   0.72400      0.238320E+007
   0.72600      0.234592E+007
   0.72800      0.230872E+007
   0.73000      0.226902E+007
   0.73200      0.222941E+007
   0.73400      0.219226E+007
   0.73600      0.215846E+007
   0.73800      0.212468E+007
   0.74000      0.209239E+007
   0.74200      0.206089E+007
   0.74400      0.202809E+007
   0.74600      0.199599E+007
   0.74800      0.196495E+007
   0.75000      0.193530E+007
   0.75200      0.190754E+007
   0.75400      0.188078E+007
   0.75600      0.185454E+007
   0.75800      0.182919E+007
   0.76000      0.180454E+007

          


      
                    
   0.76200      0.177660E+007
   0.76400      0.175012E+007
   0.76600      0.172485E+007
   0.76800      0.170124E+007
   0.77000      0.167858E+007
   0.77200      0.165736E+007
   0.77400      0.163607E+007
   0.77600      0.161306E+007
   0.77800      0.159143E+007
   0.78000      0.157057E+007
   0.78200      0.155040E+007
   0.78400      0.153208E+007
   0.78600      0.151386E+007
   0.78800      0.149622E+007
   0.79000      0.147915E+007
   0.79200      0.146070E+007
   0.79400      0.144238E+007
   0.79600      0.142489E+007
   0.79800      0.140804E+007
   0.80000      0.139277E+007

          


      
                    
   0.80200      0.137770E+007
   0.80400      0.136309E+007
   0.80490      0.135666E+007
   0.80580      0.134998E+007
    1.0000      0.134969E+007

