	0	    0  
   0.20000E-02   101.603     
   0.40000E-02   203.206     
   0.60000E-02   304.809     
   0.80000E-02   406.412     
   0.10000E-01   508.015     
   0.12000E-01   609.618     
   0.14000E-01   711.221     
   0.16000E-01   812.824     
   0.18000E-01   914.427     
   0.20000E-01   1016.03     
   0.22000E-01   1117.63     
   0.24000E-01   1219.24     
   0.26000E-01   1320.84     
   0.28000E-01   1422.44     
   0.30000E-01   1524.04     
   0.32000E-01   1625.65     
   0.34000E-01   1727.25     
   0.36000E-01   1828.85     
   0.38000E-01   1930.46     
   0.40000E-01   2032.06     
  
   0.42000E-01   2133.66     
   0.44000E-01   2235.27     
   0.46000E-01   2336.87     
   0.48000E-01   2438.47     
   0.50000E-01   2540.07     
   0.52000E-01   2641.68     
   0.54000E-01   2743.28     
   0.56000E-01   2844.88     
   0.58000E-01   2946.49     
   0.60000E-01   3048.09     
   0.62000E-01   3149.69     
   0.64000E-01   3251.30     
   0.66000E-01   3352.90     
   0.68000E-01   3454.50     
   0.70000E-01   3556.10     
   0.72000E-01   3657.71     
   0.74000E-01   3759.31     
   0.76000E-01   3860.91     
   0.78000E-01   3962.52     
   0.80000E-01   4064.12     
  
   0.82000E-01   4161.58     
   0.84000E-01   4254.13     
   0.86000E-01   4345.43     
   0.88000E-01   4437.00     
   0.90000E-01   4529.15     
   0.92000E-01   4621.39     
   0.94000E-01   4713.62     
   0.96000E-01   4805.80     
   0.98000E-01   4898.01     
   0.10000       4990.23     
   0.10200       5082.47     
   0.10400       5174.58     
   0.10600       5266.70     
   0.10800       5358.84     
   0.11000       5451.00     
   0.11200       5543.17     
   0.11400       5635.23     
   0.11600       5726.41     
   0.11800       5815.24     
   0.12000       5899.56     
  
   0.12200       5983.00     
   0.12400       6064.05     
   0.12600       6145.61     
   0.12800       6227.70     
   0.13000       6310.66     
   0.13200       6393.88     
   0.13400       6477.27     
   0.13600       6560.64     
   0.13800       6644.09     
   0.14000       6727.67     
   0.14200       6811.34     
   0.14400       6894.51     
   0.14600       6977.27     
   0.14800       7060.07     
   0.15000       7142.59     
   0.15200       7224.56     
   0.15400       7304.47     
   0.15600       7375.42     
   0.15800       7444.78     
   0.16000       7515.53     
  
   0.16200       7586.79     
   0.16400       7658.08     
   0.16600       7729.69     
   0.16800       7801.32     
   0.17000       7873.08     
   0.17200       7944.75     
   0.17400       8015.45     
   0.17600       8081.23     
   0.17800       8143.66     
   0.18000       8202.85     
   0.18200       8262.78     
   0.18400       8322.69     
   0.18600       8382.80     
   0.18800       8443.09     
   0.19000       8503.61     
   0.19200       8564.68     
   0.19400       8626.28     
   0.19600       8688.22     
   0.19800       8739.52     
   0.20000       8786.91     
  
   0.20200       8833.92     
   0.20400       8879.83     
   0.20600       8927.67     
   0.20800       8976.49     
   0.21000       9026.77     
   0.21200       9077.24     
   0.21400       9125.96     
   0.21600       9165.70     
   0.21800       9199.31     
   0.22000       9233.55     
   0.22200       9269.08     
   0.22400       9305.87     
   0.22600       9344.34     
   0.22800       9384.11     
   0.23000       9425.40     
   0.23200       9467.62     
   0.23400       9498.44     
   0.23600       9523.58     
   0.23800       9548.63     
   0.24000       9571.09     
  
   0.24200       9597.91     
   0.24400       9626.57     
   0.24600       9658.79     
   0.24800       9687.13     
   0.25000       9702.79     
   0.25200       9712.29     
   0.25400       9724.19     
   0.25600       9739.87     
   0.25800       9758.35     
   0.26000       9779.47     
   0.26200       9803.63     
   0.26400       9828.61     
   0.26600       9837.32     
   0.26800       9840.62     
   0.27000       9845.31     
   0.27200       9854.16     
   0.27400       9865.94     
   0.27600       9881.83     
   0.27800       9895.11     
   0.28000       9892.92     
  
   0.28200       9889.85     
   0.28400       9889.35     
   0.28600       9888.10     
   0.28800       9892.38     
   0.29000       9899.43     
   0.29200       9912.62     
   0.29400       9926.30     
   0.29600       9926.39     
   0.29800       9918.49     
   0.30000       9911.49     
   0.30200       9909.25     
   0.30400       9909.32     
   0.30600       9915.13     
   0.30800       9919.76     
   0.31000       9905.83     
   0.31200       9891.46     
   0.31400       9879.11     
   0.31600       9871.22     
   0.31800       9867.42     
   0.32000       9870.45     
  
   0.32200       9875.11     
   0.32400       9881.10     
   0.32600       9863.40     
   0.32800       9843.71     
   0.33000       9830.21     
   0.33200       9823.53     
   0.33400       9821.04     
   0.33600       9816.86     
   0.33800       9797.81     
   0.34000       9775.02     
   0.34200       9752.67     
   0.34400       9735.98     
   0.34600       9726.86     
   0.34800       9719.12     
   0.35000       9719.63     
   0.35200       9715.98     
   0.35400       9686.11     
   0.35600       9663.14     
   0.35800       9643.61     
   0.36000       9631.14     
  
   0.36200       9622.01     
   0.36400       9612.70     
   0.36600       9584.02     
   0.36800       9557.32     
   0.37000       9529.88     
   0.37200       9511.42     
   0.37400       9496.75     
   0.37600       9494.58     
   0.37800       9490.29     
   0.38000       9473.40     
   0.38200       9446.43     
   0.38400       9418.32     
   0.38600       9396.79     
   0.38800       9383.69     
   0.39000       9371.91     
   0.39200       9355.91     
   0.39400       9320.79     
   0.39600       9290.05     
   0.39800       9262.11     
   0.40000       9240.67     
  
   0.40200       9228.71     
   0.40400       9219.01     
   0.40600       9209.74     
   0.40800       9176.70     
   0.41000       9146.94     
   0.41200       9122.43     
   0.41400       9100.10     
   0.41600       9085.58     
   0.41800       9070.79     
   0.42000       9042.22     
   0.42200       8999.75     
   0.42400       8970.10     
   0.42600       8943.94     
   0.42800       8927.86     
   0.43000       8918.59     
   0.43200       8909.79     
   0.43400       8889.56     
   0.43600       8858.27     
   0.43800       8824.81     
   0.44000       8797.67     
  
   0.44200       8781.33     
   0.44400       8765.87     
   0.44600       8750.39     
   0.44800       8722.28     
   0.45000       8688.95     
   0.45200       8654.98     
   0.45400       8627.66     
   0.45600       8611.73     
   0.45800       8600.54     
   0.46000       8592.93     
   0.46200       8583.15     
   0.46400       8553.75     
   0.46600       8520.06     
   0.46800       8490.75     
   0.47000       8470.05     
   0.47200       8454.49     
   0.47400       8442.69     
   0.47600       8422.89     
   0.47800       8379.81     
   0.48000       8343.63     
  
   0.48200       8317.08     
   0.48400       8305.81     
   0.48600       8290.95     
   0.48800       8279.20     
   0.49000       8267.55     
   0.49200       8232.66     
   0.49400       8195.55     
   0.49600       8169.04     
   0.49800       8146.49     
   0.50000       8132.29     
   0.50200       8117.99     
   0.50400       8085.23     
   0.50600       8049.13     
   0.50800       8015.23     
   0.51000       7989.77     
   0.51200       7966.14     
   0.51400       7956.95     
   0.51600       7947.87     
   0.51800       7937.16     
   0.52000       7898.71     
  
   0.52200       7867.57     
   0.52400       7837.69     
   0.52600       7817.01     
   0.52800       7805.42     
   0.53000       7787.14     
   0.53200       7757.17     
   0.53400       7726.93     
   0.53600       7690.95     
   0.53800       7661.86     
   0.54000       7648.30     
   0.54200       7630.89     
   0.54400       7616.47     
   0.54600       7606.52     
   0.54800       7569.34     
   0.55000       7540.22     
   0.55200       7510.72     
   0.55400       7489.88     
   0.55600       7470.64     
   0.55800       7452.56     
   0.56000       7418.65     
  
   0.56200       7379.16     
   0.56400       7347.74     
   0.56600       7321.92     
   0.56800       7297.36     
   0.57000       7289.82     
   0.57200       7275.96     
   0.57400       7257.60     
   0.57600       7219.25     
   0.57750       7192.84     
   0.57900       7174.23     
   0.58050       7157.71     
   0.58250       7137.05     
   0.58450       7118.58     
   0.58650       7099.06     
   0.58850       7060.61     
   0.59000       7032.39     
   0.59150       7008.11     
   0.59350       6985.23     
   0.59550       6965.86     
   0.59750       6949.76     
  
   0.59950       6936.65     
   0.60150       6923.83     
   0.60350       6896.88     
   0.60500       6874.78     
   0.60650       6850.38     
   0.60800       6829.40     
   0.61000       6808.87     
   0.61200       6790.68     
   0.61400       6774.23     
   0.61600       6750.02     
   0.61800       6712.49     
   0.61950       6685.44     
   0.62100       6663.61     
   0.62250       6647.15     
   0.62450       6628.60     
   0.62650       6612.94     
   0.62850       6600.07     
   0.63050       6587.43     
   0.63095       6599.95     
    

