	0		0  
   0.20000E-02   550245.     
   0.40000E-02  0.110049E+007
   0.60000E-02  0.165073E+007
   0.80000E-02  0.220098E+007
   0.10000E-01  0.275122E+007
   0.12000E-01  0.330147E+007
   0.14000E-01  0.385171E+007
   0.16000E-01  0.440196E+007
   0.18000E-01  0.495220E+007
   0.20000E-01  0.550245E+007
   0.22000E-01  0.605269E+007
   0.24000E-01  0.660294E+007
   0.26000E-01  0.715318E+007
   0.28000E-01  0.770343E+007
   0.30000E-01  0.825367E+007
   0.32000E-01  0.880392E+007
   0.34000E-01  0.935416E+007
   0.36000E-01  0.990441E+007
   0.38000E-01  0.104547E+008
   0.40000E-01  0.110049E+008
  
   0.42000E-01  0.115551E+008
   0.44000E-01  0.121054E+008
   0.46000E-01  0.126556E+008
   0.48000E-01  0.132059E+008
   0.50000E-01  0.137561E+008
   0.52000E-01  0.143064E+008
   0.54000E-01  0.148566E+008
   0.56000E-01  0.154069E+008
   0.58000E-01  0.159571E+008
   0.60000E-01  0.165073E+008
   0.62000E-01  0.170576E+008
   0.64000E-01  0.176078E+008
   0.66000E-01  0.181581E+008
   0.68000E-01  0.187083E+008
   0.70000E-01  0.192586E+008
   0.72000E-01  0.198088E+008
   0.74000E-01  0.203591E+008
   0.76000E-01  0.209093E+008
   0.78000E-01  0.214596E+008
   0.80000E-01  0.220098E+008
  
   0.82000E-01  0.235456E+008
   0.84000E-01  0.231841E+008
   0.86000E-01  0.214873E+008
   0.88000E-01  0.206753E+008
   0.90000E-01  0.202040E+008
   0.92000E-01  0.200037E+008
   0.94000E-01  0.196958E+008
   0.96000E-01  0.193946E+008
   0.98000E-01  0.190853E+008
   0.10000      0.187968E+008
   0.10200      0.185238E+008
   0.10400      0.182541E+008
   0.10600      0.180627E+008
   0.10800      0.178992E+008
   0.11000      0.177270E+008
   0.11200      0.175483E+008
   0.11400      0.173617E+008
   0.11600      0.171996E+008
   0.11800      0.169547E+008
   0.12000      0.165671E+008
  
   0.12200      0.147042E+008
   0.12400      0.150429E+008
   0.12600      0.146198E+008
   0.12800      0.145950E+008
   0.13000      0.144778E+008
   0.13200      0.145724E+008
   0.13400      0.145735E+008
   0.13600      0.146668E+008
   0.13800      0.147732E+008
   0.14000      0.149052E+008
   0.14200      0.150357E+008
   0.14400      0.149089E+008
   0.14600      0.147221E+008
   0.14800      0.145712E+008
   0.15000      0.143094E+008
   0.15200      0.139374E+008
   0.15400      0.136306E+008
   0.15600      0.118970E+008
   0.15800      0.109567E+008
   0.16000      0.993484E+007
  
   0.16200      0.894441E+007
   0.16400      0.809555E+007
   0.16600      0.728525E+007
   0.16800      0.658155E+007
   0.17000      0.596932E+007
   0.17200      0.547648E+007
   0.17400      0.506484E+007
   0.17600      0.465023E+007
   0.17800      0.413899E+007
   0.18000      0.395709E+007
   0.18200      0.390220E+007
   0.18400      0.379727E+007
   0.18600      0.383010E+007
   0.18800      0.392077E+007
   0.19000      0.403643E+007
   0.19200      0.416399E+007
   0.19400      0.429516E+007
   0.19600      0.444733E+007
   0.19800      0.453505E+007
   0.20000      0.454736E+007
  
   0.20200      0.458277E+007
   0.20400      0.464262E+007
   0.20600      0.467946E+007
   0.20800      0.471777E+007
   0.21000      0.473885E+007
   0.21200      0.479070E+007
   0.21400      0.479655E+007
   0.21600      0.468859E+007
   0.21800      0.483531E+007
   0.22000      0.502747E+007
   0.22200      0.519625E+007
   0.22400      0.531186E+007
   0.22600      0.541840E+007
   0.22800      0.551388E+007
   0.23000      0.559195E+007
   0.23200      0.566494E+007
   0.23400      0.561137E+007
   0.23600      0.554514E+007
   0.23800      0.560906E+007
   0.24000      0.569803E+007
  
   0.24200      0.578413E+007
   0.24400      0.577372E+007
   0.24600      0.569620E+007
   0.24800      0.561258E+007
   0.25000      0.558254E+007
   0.25200      0.563910E+007
   0.25400      0.568536E+007
   0.25600      0.572190E+007
   0.25800      0.576943E+007
   0.26000      0.577572E+007
   0.26200      0.576546E+007
   0.26400      0.572571E+007
   0.26600      0.563523E+007
   0.26800      0.559222E+007
   0.27000      0.559943E+007
   0.27200      0.560323E+007
   0.27400      0.555900E+007
   0.27600      0.551471E+007
   0.27800      0.542043E+007
   0.28000      0.531423E+007
  
   0.28200      0.529574E+007
   0.28400      0.532887E+007
   0.28600      0.528196E+007
   0.28800      0.531016E+007
   0.29000      0.526549E+007
   0.29200      0.519485E+007
   0.29400      0.498214E+007
   0.29600      0.481212E+007
   0.29800      0.460719E+007
   0.30000      0.443459E+007
   0.30200      0.431519E+007
   0.30400      0.413357E+007
   0.30600      0.397123E+007
   0.30800      0.384475E+007
   0.31000      0.360444E+007
   0.31200      0.347569E+007
   0.31400      0.337043E+007
   0.31600      0.332093E+007
   0.31800      0.319490E+007
   0.32000      0.313833E+007
  
   0.32200      0.297458E+007
   0.32400      0.289442E+007
   0.32600      0.276972E+007
   0.32800      0.263981E+007
   0.33000      0.251255E+007
   0.33200      0.243282E+007
   0.33400      0.242183E+007
   0.33600      0.230608E+007
   0.33800      0.220341E+007
   0.34000      0.211941E+007
   0.34200      0.202085E+007
   0.34400      0.192685E+007
   0.34600      0.197501E+007
   0.34800      0.181429E+007
   0.35000      0.174507E+007
   0.35200      0.174589E+007
   0.35400      0.150860E+007
   0.35600      0.154088E+007
   0.35800      0.154879E+007
   0.36000      0.154430E+007
  
   0.36200      0.144716E+007
   0.36400      0.136141E+007
   0.36600      0.118401E+007
   0.36800      0.128252E+007
   0.37000      0.123629E+007
   0.37200      0.128723E+007
   0.37400      0.116494E+007
   0.37600      0.113677E+007
   0.37800      0.106474E+007
   0.38000      0.106189E+007
   0.38200      0.101856E+007
   0.38400       944591.     
   0.38600       925658.     
   0.38800      0.101926E+007
   0.39000       925048.     
   0.39200       799348.     
   0.39400       701297.     
   0.39600       825674.     
   0.39800       840713.     
   0.40000       827728.     
  
   0.40200       852184.     
   0.40400       733808.     
   0.40600       647758.     
   0.40800       592701.     
   0.41000       633172.     
   0.41200       707806.     
   0.41400       639585.     
   0.41600       583925.     
   0.41800       570519.     
   0.42000       625131.     
   0.42200       463361.     
   0.42400       560251.     
   0.42600       575783.     
   0.42800       495773.     
   0.43000       522934.     
   0.43200       522362.     
   0.43400       492171.     
   0.43600       546078.     
   0.43800       510607.     
   0.44000       425583.     
  
   0.44200       470800.     
   0.44400       474399.     
   0.44600       477167.     
   0.44800       487198.     
   0.45000       486057.     
   0.45200       442865.     
   0.45400       374086.     
   0.45600       393950.     
   0.45800       381454.     
   0.46000       422248.     
   0.46200       449282.     
   0.46400       447494.     
   0.46600       425422.     
   0.46800       384461.     
   0.47000       376914.     
   0.47200       372356.     
   0.47400       445873.     
   0.47600       453790.     
   0.47800       386773.     
   0.48000       377794.     
  
   0.48200       374871.     
   0.48400       452220.     
   0.48600       391345.     
   0.48800       377148.     
   0.49000       380163.     
   0.49200       359706.     
   0.49400       313717.     
   0.49600       356919.     
   0.49800       313221.     
   0.50000       355542.     
   0.50200       395936.     
   0.50400       323157.     
   0.50600       353300.     
   0.50800       373436.     
   0.51000       434675.     
   0.51200       350722.     
   0.51400       323259.     
   0.51600       321608.     
   0.51800       335585.     
   0.52000       301498.     
  
   0.52200       357094.     
   0.52400       345489.     
   0.52600       298190.     
   0.52800       377501.     
   0.53000       339456.     
   0.53200       305820.     
   0.53400       352310.     
   0.53600       329758.     
   0.53800       302783.     
   0.54000       373933.     
   0.54200       340386.     
   0.54400       313638.     
   0.54600       341301.     
   0.54800       286658.     
   0.55000       354615.     
   0.55200       321382.     
   0.55400       322636.     
   0.55600       318497.     
   0.55800       322948.     
   0.56000       287991.     
  
   0.56200       294802.     
   0.56400       318355.     
   0.56600       344528.     
   0.56800       301689.     
   0.57000       307060.     
   0.57200       267350.     
   0.57400       286228.     
   0.57600       277247.     
   0.57750       282140.     
   0.57900       292033.     
   0.58050       290879.     
   0.58250       289132.     
   0.58450       289478.     
   0.58650       286080.     
   0.58850       260821.     
   0.59000       268451.     
   0.59150       277718.     
   0.59350       277142.     
   0.59550       274487.     
   0.59750       277151.     
  
   0.59950       271410.     
   0.60150       257388.     
   0.60350       241640.     
   0.60500       256983.     
   0.60650       261608.     
   0.60800       266045.     
   0.61000       262352.     
   0.61200       258066.     
   0.61400       255335.     
   0.61600       241692.     
   0.61800       244111.     
   0.61950       248844.     
   0.62100       247502.     
   0.62250       245754.     
   0.62450       243509.     
   0.62650       244210.     
   0.62850       240456.     
   0.63050       239083.     
   0.63095       398808.     
   	1	 398808.

