	0		0 
   0.20000E-02  -863745.     
   0.40000E-02 -0.172749E+007
   0.60000E-02 -0.259124E+007
   0.80000E-02 -0.345498E+007
   0.10000E-01 -0.431873E+007
   0.12000E-01 -0.518247E+007
   0.14000E-01 -0.604622E+007
   0.16000E-01 -0.690996E+007
   0.18000E-01 -0.777371E+007
   0.20000E-01 -0.863745E+007
   0.22000E-01 -0.950120E+007
   0.24000E-01 -0.103649E+008
   0.26000E-01 -0.112287E+008
   0.28000E-01 -0.120924E+008
   0.30000E-01 -0.129562E+008
   0.32000E-01 -0.138199E+008
   0.34000E-01 -0.146837E+008
   0.36000E-01 -0.155474E+008
   0.38000E-01 -0.164112E+008
   0.40000E-01 -0.172749E+008
 
   0.42000E-01 -0.181387E+008
   0.44000E-01 -0.190024E+008
   0.46000E-01 -0.198661E+008
   0.48000E-01 -0.207299E+008
   0.50000E-01 -0.215936E+008
   0.52000E-01 -0.224574E+008
   0.54000E-01 -0.233211E+008
   0.56000E-01 -0.241849E+008
   0.58000E-01 -0.250486E+008
   0.60000E-01 -0.259124E+008
   0.62000E-01 -0.267761E+008
   0.64000E-01 -0.276399E+008
   0.66000E-01 -0.285036E+008
   0.68000E-01 -0.293673E+008
   0.70000E-01 -0.302311E+008
   0.72000E-01 -0.310948E+008
   0.74000E-01 -0.319586E+008
   0.76000E-01 -0.328223E+008
   0.78000E-01 -0.336861E+008
   0.80000E-01 -0.345498E+008
 
   0.82000E-01 -0.344897E+008
   0.84000E-01 -0.338030E+008
   0.86000E-01 -0.334521E+008
   0.88000E-01 -0.328984E+008
   0.90000E-01 -0.323377E+008
   0.92000E-01 -0.317548E+008
   0.94000E-01 -0.312335E+008
   0.96000E-01 -0.307390E+008
   0.98000E-01 -0.302751E+008
   0.10000     -0.298324E+008
   0.10200     -0.294098E+008
   0.10400     -0.289979E+008
   0.10600     -0.285907E+008
   0.10800     -0.281980E+008
   0.11000     -0.278238E+008
   0.11200     -0.274660E+008
   0.11400     -0.271720E+008
   0.11600     -0.269544E+008
   0.11800     -0.267341E+008
   0.12000     -0.263552E+008
 
   0.12200     -0.264282E+008
   0.12400     -0.264490E+008
   0.12600     -0.265487E+008
   0.12800     -0.264984E+008
   0.13000     -0.263850E+008
   0.13200     -0.262049E+008
   0.13400     -0.260238E+008
   0.13600     -0.258248E+008
   0.13800     -0.256173E+008
   0.14000     -0.253976E+008
   0.14200     -0.251694E+008
   0.14400     -0.249617E+008
   0.14600     -0.247622E+008
   0.14800     -0.245623E+008
   0.15000     -0.243690E+008
   0.15200     -0.241861E+008
   0.15400     -0.239223E+008
   0.15600     -0.229341E+008
   0.15800     -0.217856E+008
   0.16000     -0.207470E+008
 
   0.16200     -0.197857E+008
   0.16400     -0.188888E+008
   0.16600     -0.180523E+008
   0.16800     -0.172685E+008
   0.17000     -0.165335E+008
   0.17200     -0.158388E+008
   0.17400     -0.151701E+008
   0.17600     -0.144854E+008
   0.17800     -0.137926E+008
   0.18000     -0.131152E+008
   0.18200     -0.124871E+008
   0.18400     -0.119081E+008
   0.18600     -0.113610E+008
   0.18800     -0.108462E+008
   0.19000     -0.103635E+008
   0.19200     -0.991317E+007
   0.19400     -0.949175E+007
   0.19600     -0.909525E+007
   0.19800     -0.866525E+007
   0.20000     -0.824212E+007
 
   0.20200     -0.784010E+007
   0.20400     -0.746239E+007
   0.20600     -0.711613E+007
   0.20800     -0.679592E+007
   0.21000     -0.649892E+007
   0.21200     -0.621998E+007
   0.21400     -0.595145E+007
   0.21600     -0.567417E+007
   0.21800     -0.538583E+007
   0.22000     -0.511686E+007
   0.22200     -0.486950E+007
   0.22400     -0.464057E+007
   0.22600     -0.442893E+007
   0.22800     -0.423253E+007
   0.23000     -0.405003E+007
   0.23200     -0.387928E+007
   0.23400     -0.369999E+007
   0.23600     -0.352151E+007
   0.23800     -0.334910E+007
   0.24000     -0.318550E+007
 
   0.24200     -0.303716E+007
   0.24400     -0.290177E+007
   0.24600     -0.277793E+007
   0.24800     -0.265640E+007
   0.25000     -0.252447E+007
   0.25200     -0.239538E+007
   0.25400     -0.227581E+007
   0.25600     -0.216630E+007
   0.25800     -0.206555E+007
   0.26000     -0.197309E+007
   0.26200     -0.188795E+007
   0.26400     -0.180827E+007
   0.26600     -0.172107E+007
   0.26800     -0.163568E+007
   0.27000     -0.155592E+007
   0.27200     -0.148295E+007
   0.27400     -0.141628E+007
   0.27600     -0.135469E+007
   0.27800     -0.129529E+007
   0.28000     -0.123214E+007
 
   0.28200     -0.117108E+007
   0.28400     -0.111376E+007
   0.28600     -0.106020E+007
   0.28800     -0.101114E+007
   0.29000      -966388.     
   0.29200      -925498.     
   0.29400      -887267.     
   0.29600      -846329.     
   0.29800      -805658.     
   0.30000      -767269.     
   0.30200      -731801.     
   0.30400      -699222.     
   0.30600      -669549.     
   0.30800      -641003.     
   0.31000      -610151.     
   0.31200      -580284.     
   0.31400      -552250.     
   0.31600      -526500.     
   0.31800      -503018.     
   0.32000      -481750.     
 
   0.32200      -461964.     
   0.32400      -443212.     
   0.32600      -421818.     
   0.32800      -401518.     
   0.33000      -383027.     
   0.33200      -366213.     
   0.33400      -350602.     
   0.33600      -335648.     
   0.33800      -319816.     
   0.34000      -304378.     
   0.34200      -289798.     
   0.34400      -276390.     
   0.34600      -264201.     
   0.34800      -252945.     
   0.35000      -242771.     
   0.35200      -232678.     
   0.35400      -221524.     
   0.35600      -210988.     
   0.35800      -201276.     
   0.36000      -192489.     
 
   0.36200      -184403.     
   0.36400      -176688.     
   0.36600      -168316.     
   0.36800      -160154.     
   0.37000      -152523.     
   0.37200      -145649.     
   0.37400      -139385.     
   0.37600      -133886.     
   0.37800      -128545.     
   0.38000      -122903.     
   0.38200      -117230.     
   0.38400      -111763.     
   0.38600      -106751.     
   0.38800      -102221.     
   0.39000      -97976.1     
   0.39200      -93833.4     
   0.39400      -89302.5     
   0.39600      -85004.8     
   0.39800      -81051.2     
   0.40000      -77469.8     
 
   0.40200      -74270.4     
   0.40400      -71277.7     
   0.40600      -68443.5     
   0.40800      -65223.4     
   0.41000      -62196.3     
   0.41200      -59412.3     
   0.41400      -56823.1     
   0.41600      -54469.5     
   0.41800      -52203.9     
   0.42000      -49814.2     
   0.42200      -47361.2     
   0.42400      -45168.6     
   0.42600      -43149.3     
   0.42800      -41356.3     
   0.43000      -39723.4     
   0.43200      -38162.1     
   0.43400      -36540.4     
   0.43600      -34853.3     
   0.43800      -33240.4     
   0.44000      -31766.1     
 
   0.44200      -30446.0     
   0.44400      -29191.9     
   0.44600      -27988.5     
   0.44800      -26737.6     
   0.45000      -25502.1     
   0.45200      -24313.3     
   0.45400      -23230.0     
   0.45600      -22280.7     
   0.45800      -21402.3     
   0.46000      -20585.7     
   0.46200      -19788.0     
   0.46400      -18897.8     
   0.46600      -18031.5     
   0.46800      -17223.1     
   0.47000      -16495.4     
   0.47200      -15824.0     
   0.47400      -15206.3     
   0.47600      -14571.6     
   0.47800      -13859.2     
   0.48000      -13211.2     
 
   0.48200      -12635.8     
   0.48400      -12151.3     
   0.48600      -11663.5     
   0.48800      -11208.9     
   0.49000      -10777.2     
   0.49200      -10281.3     
   0.49400      -9801.23     
   0.49600      -9380.02     
   0.49800      -8982.82     
   0.50000      -8629.65     
   0.50200      -8291.91     
   0.50400      -7916.13     
   0.50600      -7553.20     
   0.50800      -7212.65     
   0.51000      -6910.12     
   0.51200      -6615.36     
   0.51400      -6366.45     
   0.51600      -6128.86     
   0.51800      -5899.81     
   0.52000      -5624.17     
 
   0.52200      -5379.45     
   0.52400      -5144.82     
   0.52600      -4931.95     
   0.52800      -4749.66     
   0.53000      -4558.02     
   0.53200      -4359.05     
   0.53400      -4172.94     
   0.53600      -3983.28     
   0.53800      -3811.07     
   0.54000      -3671.15     
   0.54200      -3526.16     
   0.54400      -3390.54     
   0.54600      -3268.33     
   0.54800      -3118.72     
   0.55000      -2990.06     
   0.55200      -2862.07     
   0.55400      -2748.46     
   0.55600      -2640.55     
   0.55800      -2538.97     
   0.56000      -2426.91     
 
   0.56200      -2317.65     
   0.56400      -2220.53     
   0.56600      -2132.33     
   0.56800      -2044.95     
   0.57000      -1974.21     
   0.57200      -1900.05     
   0.57400      -1829.51     
   0.57600      -1748.69     
   0.57750      -1692.67     
   0.57900      -1642.73     
   0.58050      -1594.88     
   0.58250      -1533.96     
   0.58450      -1476.65     
   0.58650      -1421.03     
   0.58850      -1358.69     
   0.59000      -1315.02     
   0.59150      -1274.71     
   0.59350      -1226.36     
   0.59550      -1181.30     
   0.59750      -1139.49     
 
   0.59950      -1099.90     
   0.60150      -1061.70     
   0.60350      -1020.02     
   0.60500      -990.822     
   0.60650      -960.868     
   0.60800      -933.248     
   0.61000      -899.325     
   0.61200      -867.403     
   0.61400      -837.343     
   0.61600      -806.034     
   0.61800      -773.410     
   0.61950      -750.255     
   0.62100      -728.936     
   0.62250      -709.506     
   0.62450      -685.261     
   0.62650      -662.739     
   0.62850      -641.343     
   0.63050      -621.048     
   0.63095      -613.808     
	1	    1
