	0		0    
   0.20000E-02  0.188425E+008
   0.40000E-02  0.376851E+008
   0.60000E-02  0.565276E+008
   0.80000E-02  0.753702E+008
   0.10000E-01  0.942127E+008
   0.12000E-01  0.113055E+009
   0.14000E-01  0.131898E+009
   0.16000E-01  0.150740E+009
   0.18000E-01  0.169583E+009
   0.20000E-01  0.188425E+009
   0.22000E-01  0.207268E+009
   0.24000E-01  0.226111E+009
   0.26000E-01  0.244953E+009
   0.28000E-01  0.263796E+009
   0.30000E-01  0.282638E+009
   0.32000E-01  0.301481E+009
   0.34000E-01  0.320323E+009
   0.36000E-01  0.339166E+009
   0.38000E-01  0.358008E+009
   0.40000E-01  0.376851E+009
    
   0.42000E-01  0.395693E+009
   0.44000E-01  0.414536E+009
   0.46000E-01  0.433379E+009
   0.48000E-01  0.452221E+009
   0.50000E-01  0.471064E+009
   0.52000E-01  0.489906E+009
   0.54000E-01  0.508749E+009
   0.56000E-01  0.527591E+009
   0.58000E-01  0.546434E+009
   0.60000E-01  0.565276E+009
   0.62000E-01  0.584119E+009
   0.64000E-01  0.602961E+009
   0.66000E-01  0.621804E+009
   0.68000E-01  0.640647E+009
   0.70000E-01  0.659489E+009
   0.72000E-01  0.678332E+009
   0.74000E-01  0.697174E+009
   0.76000E-01  0.716017E+009
   0.78000E-01  0.734859E+009
   0.80000E-01  0.753702E+009
    
   0.82000E-01  0.767601E+009
   0.84000E-01  0.762305E+009
   0.86000E-01  0.756588E+009
   0.88000E-01  0.751010E+009
   0.90000E-01  0.745670E+009
   0.92000E-01  0.740395E+009
   0.94000E-01  0.735147E+009
   0.96000E-01  0.729916E+009
   0.98000E-01  0.724726E+009
   0.10000      0.719576E+009
   0.10200      0.714469E+009
   0.10400      0.709465E+009
   0.10600      0.704549E+009
   0.10800      0.699678E+009
   0.11000      0.694832E+009
   0.11200      0.690014E+009
   0.11400      0.685212E+009
   0.11600      0.680214E+009
   0.11800      0.674565E+009
   0.12000      0.667707E+009
    
   0.12200      0.660566E+009
   0.12400      0.652981E+009
   0.12600      0.645598E+009
   0.12800      0.638456E+009
   0.13000      0.631615E+009
   0.13200      0.624919E+009
   0.13400      0.618337E+009
   0.13600      0.611825E+009
   0.13800      0.605402E+009
   0.14000      0.599080E+009
   0.14200      0.592846E+009
   0.14400      0.586567E+009
   0.14600      0.580255E+009
   0.14800      0.574021E+009
   0.15000      0.567802E+009
   0.15200      0.561552E+009
   0.15400      0.554995E+009
   0.15600      0.546881E+009
   0.15800      0.538662E+009
   0.16000      0.530810E+009
    
   0.16200      0.523148E+009
   0.16400      0.515607E+009
   0.16600      0.508221E+009
   0.16800      0.500958E+009
   0.17000      0.493821E+009
   0.17200      0.486762E+009
   0.17400      0.479648E+009
   0.17600      0.471942E+009
   0.17800      0.463870E+009
   0.18000      0.455589E+009
   0.18200      0.447590E+009
   0.18400      0.439821E+009
   0.18600      0.432186E+009
   0.18800      0.424703E+009
   0.19000      0.417380E+009
   0.19200      0.410250E+009
   0.19400      0.403295E+009
   0.19600      0.396486E+009
   0.19800      0.388726E+009
   0.20000      0.380764E+009
    
   0.20200      0.373004E+009
   0.20400      0.365326E+009
   0.20600      0.358006E+009
   0.20800      0.350916E+009
   0.21000      0.344098E+009
   0.21200      0.337431E+009
   0.21400      0.330763E+009
   0.21600      0.323553E+009
   0.21800      0.316128E+009
   0.22000      0.308919E+009
   0.22200      0.302000E+009
   0.22400      0.295333E+009
   0.22600      0.288947E+009
   0.22800      0.282791E+009
   0.23000      0.276876E+009
   0.23200      0.271151E+009
   0.23400      0.264879E+009
   0.23600      0.258446E+009
   0.23800      0.252204E+009
   0.24000      0.245977E+009
    
   0.24200      0.240156E+009
   0.24400      0.234574E+009
   0.24600      0.229315E+009
   0.24800      0.224002E+009
   0.25000      0.218255E+009
   0.25200      0.212390E+009
   0.25400      0.206813E+009
   0.25600      0.201562E+009
   0.25800      0.196572E+009
   0.26000      0.191818E+009
   0.26200      0.187308E+009
   0.26400      0.182942E+009
   0.26600      0.178105E+009
   0.26800      0.173222E+009
   0.27000      0.168536E+009
   0.27200      0.164124E+009
   0.27400      0.159929E+009
   0.27600      0.155984E+009
   0.27800      0.152069E+009
   0.28000      0.147817E+009
    
   0.28200      0.143676E+009
   0.28400      0.139741E+009
   0.28600      0.135899E+009
   0.28800      0.132317E+009
   0.29000      0.128896E+009
   0.29200      0.125720E+009
   0.29400      0.122636E+009
   0.29600      0.119335E+009
   0.29800      0.115958E+009
   0.30000      0.112706E+009
   0.30200      0.109652E+009
   0.30400      0.106731E+009
   0.30600      0.104002E+009
   0.30800      0.101330E+009
   0.31000      0.983982E+008
   0.31200      0.955573E+008
   0.31400      0.928426E+008
   0.31600      0.902839E+008
   0.31800      0.878585E+008
   0.32000      0.856084E+008
    
   0.32200      0.834384E+008
   0.32400      0.813498E+008
   0.32600      0.789889E+008
   0.32800      0.766751E+008
   0.33000      0.745145E+008
   0.33200      0.725065E+008
   0.33400      0.706095E+008
   0.33600      0.687425E+008
   0.33800      0.667590E+008
   0.34000      0.647969E+008
   0.34200      0.629022E+008
   0.34400      0.611244E+008
   0.34600      0.594795E+008
   0.34800      0.578865E+008
   0.35000      0.564196E+008
   0.35200      0.549558E+008
   0.35400      0.532924E+008
   0.35600      0.517493E+008
   0.35800      0.502823E+008
   0.36000      0.489157E+008
    
   0.36200      0.476126E+008
   0.36400      0.463455E+008
   0.36600      0.449680E+008
   0.36800      0.436562E+008
   0.37000      0.423759E+008
   0.37200      0.411970E+008
   0.37400      0.400715E+008
   0.37600      0.390602E+008
   0.37800      0.380608E+008
   0.38000      0.370145E+008
   0.38200      0.359394E+008
   0.38400      0.348902E+008
   0.38600      0.339102E+008
   0.38800      0.330061E+008
   0.39000      0.321307E+008
   0.39200      0.312582E+008
   0.39400      0.303175E+008
   0.39600      0.294324E+008
   0.39800      0.285846E+008
   0.40000      0.277895E+008
    
   0.40200      0.270582E+008
   0.40400      0.263536E+008
   0.40600      0.256706E+008
   0.40800      0.249131E+008
   0.41000      0.241932E+008
   0.41200      0.235152E+008
   0.41400      0.228620E+008
   0.41600      0.222556E+008
   0.41800      0.216663E+008
   0.42000      0.210487E+008
   0.42200      0.204017E+008
   0.42400      0.198191E+008
   0.42600      0.192627E+008
   0.42800      0.187497E+008
   0.43000      0.182721E+008
   0.43200      0.178079E+008
   0.43400      0.173248E+008
   0.43600      0.168283E+008
   0.43800      0.163397E+008
   0.44000      0.158802E+008
    
   0.44200      0.154625E+008
   0.44400      0.150580E+008
   0.44600      0.146643E+008
   0.44800      0.142534E+008
   0.45000      0.138434E+008
   0.45200      0.134438E+008
   0.45400      0.130687E+008
   0.45600      0.127278E+008
   0.45800      0.124048E+008
   0.46000      0.120976E+008
   0.46200      0.117943E+008
   0.46400      0.114646E+008
   0.46600      0.111370E+008
   0.46800      0.108260E+008
   0.47000      0.105386E+008
   0.47200      0.102674E+008
   0.47400      0.100103E+008
   0.47600      0.974697E+007
   0.47800      0.945689E+007
   0.48000      0.918603E+007
    
   0.48200      0.893621E+007
   0.48400      0.871448E+007
   0.48600      0.849237E+007
   0.48800      0.828058E+007
   0.49000      0.807476E+007
   0.49200      0.784690E+007
   0.49400      0.762308E+007
   0.49600      0.741854E+007
   0.49800      0.722355E+007
   0.50000      0.704376E+007
   0.50200      0.686865E+007
   0.50400      0.667862E+007
   0.50600      0.649210E+007
   0.50800      0.631308E+007
   0.51000      0.614729E+007
   0.51200      0.598639E+007
   0.51400      0.584307E+007
   0.51600      0.570377E+007
   0.51800      0.556691E+007
   0.52000      0.541135E+007
    
   0.52200      0.526684E+007
   0.52400      0.512702E+007
   0.52600      0.499775E+007
   0.52800      0.487962E+007
   0.53000      0.475895E+007
   0.53200      0.463373E+007
   0.53400      0.451265E+007
   0.53600      0.439100E+007
   0.53800      0.427711E+007
   0.54000      0.417651E+007
   0.54200      0.407554E+007
   0.54400      0.397907E+007
   0.54600      0.388806E+007
   0.54800      0.378439E+007
   0.55000      0.368889E+007
   0.55200      0.359526E+007
   0.55400      0.350896E+007
   0.55600      0.342583E+007
   0.55800      0.334559E+007
   0.56000      0.326009E+007
    
   0.56200      0.317506E+007
   0.56400      0.309615E+007
   0.56600      0.302186E+007
   0.56800      0.294975E+007
   0.57000      0.288667E+007
   0.57200      0.282254E+007
   0.57400      0.275884E+007
   0.57600      0.268964E+007
   0.57750      0.264003E+007
   0.57900      0.259422E+007
   0.58050      0.255010E+007
   0.58250      0.249322E+007
   0.58450      0.243865E+007
   0.58650      0.238524E+007
   0.58850      0.232753E+007
   0.59000      0.228577E+007
   0.59150      0.224611E+007
   0.59350      0.219717E+007
   0.59550      0.215056E+007
   0.59750      0.210615E+007
    
   0.59950      0.206370E+007
   0.60150      0.202244E+007
   0.60350      0.197891E+007
   0.60500      0.194683E+007
   0.60650      0.191484E+007
   0.60800      0.188438E+007
   0.61000      0.184646E+007
   0.61200      0.181012E+007
   0.61400      0.177518E+007
   0.61600      0.173960E+007
   0.61800      0.170253E+007
   0.61950      0.167573E+007
   0.62100      0.165050E+007
   0.62250      0.162682E+007
   0.62450      0.159666E+007
   0.62650      0.156787E+007
   0.62850      0.154035E+007
   0.63050      0.151366E+007
   0.63095      0.151132E+007
	1	     1
