	0		0
   0.20000E-02  0.200000E-002
   0.40000E-02  0.400000E-002
   0.60000E-02  0.600000E-002
   0.80000E-02  0.800000E-002
   0.10000E-01  0.100000E-001
   0.12000E-01  0.120000E-001
   0.14000E-01  0.140000E-001
   0.16000E-01  0.160000E-001
   0.18000E-01  0.180000E-001
   0.20000E-01  0.200000E-001
   0.22000E-01  0.220000E-001
   0.24000E-01  0.240000E-001
   0.26000E-01  0.260000E-001
   0.28000E-01  0.280000E-001
   0.30000E-01  0.300000E-001
   0.32000E-01  0.320000E-001
   0.34000E-01  0.340000E-001
   0.36000E-01  0.360000E-001
   0.38000E-01  0.380000E-001
   0.40000E-01  0.400000E-001

   0.42000E-01  0.420000E-001
   0.44000E-01  0.440000E-001
   0.46000E-01  0.460000E-001
   0.48000E-01  0.480000E-001
   0.50000E-01  0.500000E-001
   0.52000E-01  0.520000E-001
   0.54000E-01  0.540000E-001
   0.56000E-01  0.560000E-001
   0.58000E-01  0.580000E-001
   0.60000E-01  0.600000E-001
   0.62000E-01  0.620000E-001
   0.64000E-01  0.640000E-001
   0.66000E-01  0.660000E-001
   0.68000E-01  0.680000E-001
   0.70000E-01  0.700000E-001
   0.72000E-01  0.720000E-001
   0.74000E-01  0.740000E-001
   0.76000E-01  0.760000E-001
   0.78000E-01  0.780000E-001
   0.80000E-01  0.800000E-001

   0.82000E-01  0.820000E-001
   0.84000E-01  0.840000E-001
   0.86000E-01  0.860000E-001
   0.88000E-01  0.880000E-001
   0.90000E-01  0.900000E-001
   0.92000E-01  0.920000E-001
   0.94000E-01  0.940000E-001
   0.96000E-01  0.960000E-001
   0.98000E-01  0.980000E-001
   0.10000      0.100000     
   0.10200      0.102000     
   0.10400      0.104000     
   0.10600      0.106000     
   0.10800      0.108000     
   0.11000      0.110000     
   0.11200      0.112000     
   0.11400      0.114000     
   0.11600      0.116000     
   0.11800      0.118000     
   0.12000      0.120000     

   0.12200      0.122000     
   0.12400      0.124000     
   0.12600      0.126000     
   0.12800      0.128000     
   0.13000      0.130000     
   0.13200      0.132000     
   0.13400      0.134000     
   0.13600      0.136000     
   0.13800      0.138000     
   0.14000      0.140000     
   0.14200      0.142000     
   0.14400      0.144000     
   0.14600      0.146000     
   0.14800      0.148000     
   0.15000      0.150000     
   0.15200      0.152000     
   0.15400      0.154000     
   0.15600      0.156000     
   0.15800      0.158000     
   0.16000      0.160000     

   0.16200      0.162000     
   0.16400      0.164000     
   0.16600      0.166000     
   0.16800      0.168000     
   0.17000      0.170000     
   0.17200      0.172000     
   0.17400      0.174000     
   0.17600      0.176000     
   0.17800      0.178000     
   0.18000      0.180000     
   0.18200      0.182000     
   0.18400      0.184000     
   0.18600      0.186000     
   0.18800      0.188000     
   0.19000      0.190000     
   0.19200      0.192000     
   0.19400      0.194000     
   0.19600      0.196000     
   0.19800      0.198000     
   0.20000      0.200000     

   0.20200      0.202000     
   0.20400      0.204000     
   0.20600      0.206000     
   0.20800      0.208000     
   0.21000      0.210000     
   0.21200      0.212000     
   0.21400      0.214000     
   0.21600      0.216000     
   0.21800      0.218000     
   0.22000      0.220000     
   0.22200      0.222000     
   0.22400      0.224000     
   0.22600      0.226000     
   0.22800      0.228000     
   0.23000      0.230000     
   0.23200      0.232000     
   0.23400      0.234000     
   0.23600      0.236000     
   0.23800      0.238000     
   0.24000      0.240000     

   0.24200      0.242000     
   0.24400      0.244000     
   0.24600      0.246000     
   0.24800      0.248000     
   0.25000      0.250000     
   0.25200      0.252000     
   0.25400      0.254000     
   0.25600      0.256000     
   0.25800      0.258000     
   0.26000      0.260000     
   0.26200      0.262000     
   0.26400      0.264000     
   0.26600      0.266000     
   0.26800      0.268000     
   0.27000      0.270000     
   0.27200      0.272000     
   0.27400      0.274000     
   0.27600      0.276000     
   0.27800      0.278000     
   0.28000      0.280000     

   0.28200      0.282000     
   0.28400      0.284000     
   0.28600      0.286000     
   0.28800      0.288000     
   0.29000      0.290000     
   0.29200      0.292000     
   0.29400      0.294000     
   0.29600      0.296000     
   0.29800      0.298000     
   0.30000      0.300000     
   0.30200      0.302000     
   0.30400      0.304000     
   0.30600      0.306000     
   0.30800      0.308000     
   0.31000      0.310000     
   0.31200      0.312000     
   0.31400      0.314000     
   0.31600      0.316000     
   0.31800      0.318000     
   0.32000      0.320000     

   0.32200      0.322000     
   0.32400      0.324000     
   0.32600      0.326000     
   0.32800      0.328000     
   0.33000      0.330000     
   0.33200      0.332000     
   0.33400      0.334000     
   0.33600      0.336000     
   0.33800      0.338000     
   0.34000      0.340000     
   0.34200      0.342000     
   0.34400      0.344000     
   0.34600      0.346000     
   0.34800      0.348000     
   0.35000      0.350000     
   0.35200      0.352000     
   0.35400      0.354000     
   0.35600      0.356000     
   0.35800      0.358000     
   0.36000      0.360000     

   0.36200      0.362000     
   0.36400      0.364000     
   0.36600      0.366000     
   0.36800      0.368000     
   0.37000      0.370000     
   0.37200      0.372000     
   0.37400      0.374000     
   0.37600      0.376000     
   0.37800      0.378000     
   0.38000      0.380000     
   0.38200      0.382000     
   0.38400      0.384000     
   0.38600      0.386000     
   0.38800      0.388000     
   0.39000      0.390000     
   0.39200      0.392000     
   0.39400      0.394000     
   0.39600      0.396000     
   0.39800      0.398000     
   0.40000      0.400000     

   0.40200      0.402000     
   0.40400      0.404000     
   0.40600      0.406000     
   0.40800      0.408000     
   0.41000      0.410000     
   0.41200      0.412000     
   0.41400      0.414000     
   0.41600      0.416000     
   0.41800      0.418000     
   0.42000      0.420000     
   0.42200      0.422000     
   0.42400      0.424000     
   0.42600      0.426000     
   0.42800      0.428000     
   0.43000      0.430000     
   0.43200      0.432000     
   0.43400      0.434000     
   0.43600      0.436000     
   0.43800      0.438000     
   0.44000      0.440000     

   0.44200      0.442000     
   0.44400      0.444000     
   0.44600      0.446000     
   0.44800      0.448000     
   0.45000      0.450000     
   0.45200      0.452000     
   0.45400      0.454000     
   0.45600      0.456000     
   0.45800      0.458000     
   0.46000      0.460000     
   0.46200      0.462000     
   0.46400      0.464000     
   0.46600      0.466000     
   0.46800      0.468000     
   0.47000      0.470000     
   0.47200      0.472000     
   0.47400      0.474000     
   0.47600      0.476000     
   0.47800      0.478000     
   0.48000      0.480000     

   0.48200      0.482000     
   0.48400      0.484000     
   0.48600      0.486000     
   0.48800      0.488000     
   0.49000      0.490000     
   0.49200      0.492000     
   0.49400      0.494000     
   0.49600      0.496000     
   0.49800      0.498000     
   0.50000      0.500000     
   0.50200      0.502000     
   0.50400      0.504000     
   0.50600      0.506000     
   0.50800      0.508000     
   0.51000      0.510000     
   0.51200      0.512000     
   0.51400      0.514000     
   0.51600      0.516000     
   0.51800      0.518000     
   0.52000      0.520000     

   0.52200      0.522000     
   0.52400      0.524000     
   0.52600      0.526000     
   0.52800      0.528000     
   0.53000      0.530000     
   0.53200      0.532000     
   0.53400      0.534000     
   0.53600      0.536000     
   0.53800      0.538000     
   0.54000      0.540000     
   0.54200      0.542000     
   0.54400      0.544000     
   0.54600      0.546000     
   0.54800      0.548000     
   0.55000      0.550000     
   0.55200      0.552000     
   0.55400      0.554000     
   0.55600      0.556000     
   0.55800      0.558000     
   0.56000      0.560000     

   0.56200      0.562000     
   0.56400      0.564000     
   0.56600      0.566000     
   0.56800      0.568000     
   0.57000      0.570000     
   0.57200      0.572000     
   0.57400      0.574000     
   0.57600      0.576000     
   0.57750      0.577500     
   0.57900      0.579000     
   0.58050      0.580500     
   0.58250      0.582500     
   0.58450      0.584500     
   0.58650      0.586500     
   0.58850      0.588500     
   0.59000      0.590000     
   0.59150      0.591500     
   0.59350      0.593500     
   0.59550      0.595500     
   0.59750      0.597500     

   0.59950      0.599500     
   0.60150      0.601500     
   0.60350      0.603500     
   0.60500      0.605000     
   0.60650      0.606500     
   0.60800      0.608000     
   0.61000      0.610000     
   0.61200      0.612000     
   0.61400      0.614000     
   0.61600      0.616000     
   0.61800      0.618000     
   0.61950      0.619500     
   0.62100      0.621000     
   0.62250      0.622500     
   0.62450      0.624500     
   0.62650      0.626500     
   0.62850      0.628500     
   0.63050      0.630500     
   0.63095      0.630950     
 

