	0		0
   0.10000E-01  0.110000E+009
   0.20000E-01  0.220000E+009
   0.30000E-01  0.330000E+009
   0.40000E-01  0.440000E+009
   0.50000E-01  0.550000E+009
   0.60000E-01  0.660000E+009
   0.70000E-01  0.770000E+009
   0.80000E-01  0.880000E+009
   0.90000E-01  0.990000E+009
   0.10000      0.110000E+010
   0.11000      0.121000E+010
   0.12000      0.132000E+010
   0.13000      0.143000E+010
   0.14000      0.154000E+010
   0.15000      0.165000E+010
   0.16000      0.176000E+010
   0.17000      0.187000E+010
   0.18000      0.198000E+010
   0.19000      0.209000E+010
   0.20000      0.220000E+010
   0.21000      0.231000E+010
   0.22000      0.242000E+010
   0.23000      0.247427E+010
   0.24000      0.238215E+010
   0.25000      0.229347E+010
   0.26000      0.220809E+010
   0.27000      0.212589E+010
   0.28000      0.204674E+010
   0.29000      0.197055E+010
   0.30000      0.189719E+010
   0.31000      0.182656E+010
   0.32000      0.175856E+010
   0.33000      0.169309E+010
   0.34000      0.163006E+010
   0.35000      0.156938E+010
   0.36000      0.151095E+010
   0.37000      0.145470E+010
   0.38000      0.140055E+010
   0.39000      0.134841E+010
   0.40000      0.129821E+010
   0.41000      0.124988E+010
   0.42000      0.120335E+010
   0.43000      0.115855E+010
   0.44000      0.111542E+010
   0.45000      0.107390E+010
   0.46000      0.103392E+010
   0.47000      0.995427E+009
   0.48000      0.958370E+009
   0.49000      0.922691E+009
   0.50000      0.888341E+009
   0.51000      0.855270E+009
   0.52000      0.823430E+009
   0.53000      0.792776E+009
   0.54000      0.763262E+009
   0.55000      0.734847E+009
   0.56000      0.707491E+009
   0.57000      0.681152E+009
   0.58000      0.655794E+009
   0.59000      0.631380E+009
   0.60000      0.607875E+009
   0.61000      0.585245E+009
   0.62000      0.563458E+009
   0.63000      0.542482E+009
   0.64000      0.522286E+009
   0.65000      0.502842E+009
   0.66000      0.484123E+009
   0.67000      0.466100E+009
   0.68000      0.448748E+009
   0.69000      0.432042E+009
   0.70000      0.415958E+009
   0.71000      0.400472E+009
   0.72000      0.385564E+009
   0.73000      0.371210E+009
   0.74000      0.357391E+009
   0.75000      0.344086E+009
   0.76000      0.331276E+009
   0.77000      0.318943E+009
   0.78000      0.307070E+009
   0.79000      0.295638E+009
   0.80000      0.284632E+009
   0.81000      0.274036E+009
   0.82000      0.263834E+009
   0.83000      0.254012E+009
   0.84000      0.244556E+009
   0.85000      0.235451E+009
   0.86000      0.226686E+009
   0.87000      0.218247E+009
   0.88000      0.210122E+009
   0.89000      0.202300E+009
   0.90000      0.194768E+009
   0.91000      0.187518E+009
   0.92000      0.180537E+009
   0.93000      0.173816E+009
   0.94000      0.167345E+009
   0.95000      0.161115E+009
   0.96000      0.155117E+009
   0.97000      0.149342E+009
   0.98000      0.143783E+009
   0.99000      0.138430E+009
    1.0000      0.133276E+009

