
          


     
         0		0          
   0.20000E-02  0.342792E-003
   0.40000E-02  0.685584E-003
   0.60000E-02  0.102838E-002
   0.80000E-02  0.137117E-002
   0.10000E-01  0.171396E-002
   0.12000E-01  0.205675E-002
   0.14000E-01  0.239954E-002
   0.16000E-01  0.274233E-002
   0.18000E-01  0.308513E-002
   0.20000E-01  0.342792E-002
   0.22000E-01  0.377071E-002
   0.24000E-01  0.411350E-002
   0.26000E-01  0.445629E-002
   0.28000E-01  0.479908E-002
   0.30000E-01  0.514188E-002
   0.32000E-01  0.548467E-002
   0.34000E-01  0.582746E-002
   0.36000E-01  0.617025E-002
   0.38000E-01  0.651304E-002
   0.40000E-01  0.685583E-002

          


     
                   
   0.42000E-01  0.719863E-002
   0.44000E-01  0.754142E-002
   0.46000E-01  0.788421E-002
   0.48000E-01  0.822700E-002
   0.50000E-01  0.856979E-002
   0.52000E-01  0.891259E-002
   0.54000E-01  0.925538E-002
   0.56000E-01  0.959817E-002
   0.58000E-01  0.994096E-002
   0.60000E-01  0.102838E-001
   0.62000E-01  0.106265E-001
   0.64000E-01  0.109693E-001
   0.66000E-01  0.113121E-001
   0.68000E-01  0.116549E-001
   0.70000E-01  0.119977E-001
   0.72000E-01  0.123405E-001
   0.74000E-01  0.126833E-001
   0.76000E-01  0.130261E-001
   0.78000E-01  0.133689E-001
   0.80000E-01  0.137117E-001

          


     
                   
   0.82000E-01  0.141539E-001
   0.84000E-01  0.150512E-001
   0.86000E-01  0.159786E-001
   0.88000E-01  0.168880E-001
   0.90000E-01  0.177919E-001
   0.92000E-01  0.186937E-001
   0.94000E-01  0.195960E-001
   0.96000E-01  0.204976E-001
   0.98000E-01  0.213980E-001
   0.10000      0.222973E-001
   0.10200      0.231955E-001
   0.10400      0.240927E-001
   0.10600      0.249890E-001
   0.10800      0.258842E-001
   0.11000      0.267784E-001
   0.11200      0.276717E-001
   0.11400      0.285640E-001
   0.11600      0.294554E-001
   0.11800      0.303458E-001
   0.12000      0.314135E-001

          


     
                   
   0.12200      0.327295E-001
   0.12400      0.340802E-001
   0.12600      0.354037E-001
   0.12800      0.367153E-001
   0.13000      0.380238E-001
   0.13200      0.393294E-001
   0.13400      0.406318E-001
   0.13600      0.419301E-001
   0.13800      0.432253E-001
   0.14000      0.445171E-001
   0.14200      0.458060E-001
   0.14400      0.470916E-001
   0.14600      0.483745E-001
   0.14800      0.496543E-001
   0.15000      0.509314E-001
   0.15200      0.522056E-001
   0.15400      0.538992E-001
   0.15600      0.557332E-001
   0.15800      0.575911E-001
   0.16000      0.594834E-001

          


     
                   
   0.16200      0.613290E-001
   0.16400      0.631545E-001
   0.16600      0.649752E-001
   0.16800      0.667865E-001
   0.17000      0.685886E-001
   0.17200      0.703814E-001
   0.17400      0.722130E-001
   0.17600      0.743612E-001
   0.17800      0.766520E-001
   0.18000      0.788903E-001
   0.18200      0.810788E-001
   0.18400      0.832415E-001
   0.18600      0.853939E-001
   0.18800      0.875303E-001
   0.19000      0.896506E-001
   0.19200      0.917569E-001
   0.19400      0.938445E-001
   0.19600      0.960078E-001
   0.19800      0.987074E-001
   0.20000      0.101405     

          


     
                   
   0.20200      0.104033     
   0.20400      0.106616     
   0.20600      0.109176     
   0.20800      0.111698     
   0.21000      0.114199     
   0.21200      0.116661     
   0.21400      0.119254     
   0.21600      0.122135     
   0.21800      0.125072     
   0.22000      0.127920     
   0.22200      0.130707     
   0.22400      0.133421     
   0.22600      0.136105     
   0.22800      0.138767     
   0.23000      0.141395     
   0.23200      0.144074     
   0.23400      0.147325     
   0.23600      0.150574     
   0.23800      0.153731     
   0.24000      0.156782     

          


     
                   
   0.24200      0.159784     
   0.24400      0.162737     
   0.24600      0.165637     
   0.24800      0.168895     
   0.25000      0.172127     
   0.25200      0.175477     
   0.25400      0.178710     
   0.25600      0.181840     
   0.25800      0.184896     
   0.26000      0.187912     
   0.26200      0.190880     
   0.26400      0.194014     
   0.26600      0.197695     
   0.26800      0.201260     
   0.27000      0.204698     
   0.27200      0.208048     
   0.27400      0.211269     
   0.27600      0.214428     
   0.27800      0.217708     
   0.28000      0.221273     

          


     
                   
   0.28200      0.224892     
   0.28400      0.228375     
   0.28600      0.231698     
   0.28800      0.234945     
   0.29000      0.238154     
   0.29200      0.241286     
   0.29400      0.244528     
   0.29600      0.248360     
   0.29800      0.252048     
   0.30000      0.255605     
   0.30200      0.259070     
   0.30400      0.262392     
   0.30600      0.265641     
   0.30800      0.269253     
   0.31000      0.272855     
   0.31200      0.276476     
   0.31400      0.279955     
   0.31600      0.283390     
   0.31800      0.286671     
   0.32000      0.289914     

          


     
                   
   0.32200      0.293127     
   0.32400      0.296872     
   0.32600      0.300697     
   0.32800      0.304420     
   0.33000      0.307952     
   0.33200      0.311348     
   0.33400      0.314708     
   0.33600      0.318428     
   0.33800      0.322077     
   0.34000      0.325793     
   0.34200      0.329370     
   0.34400      0.332785     
   0.34600      0.336152     
   0.34800      0.339440     
   0.35000      0.342840     
   0.35200      0.346732     
   0.35400      0.350606     
   0.35600      0.354331     
   0.35800      0.357813     
   0.36000      0.361217     

          


     
                   
   0.36200      0.364642     
   0.36400      0.368409     
   0.36600      0.372214     
   0.36800      0.375867     
   0.37000      0.379385     
   0.37200      0.382777     
   0.37400      0.386131     
   0.37600      0.389412     
   0.37800      0.393088     
   0.38000      0.396948     
   0.38200      0.400728     
   0.38400      0.404383     
   0.38600      0.407830     
   0.38800      0.411227     
   0.39000      0.414846     
   0.39200      0.418755     
   0.39400      0.422396     
   0.39600      0.425932     
   0.39800      0.429406     
   0.40000      0.432808     

          


     
                   
   0.40200      0.436141     
   0.40400      0.439589     
   0.40600      0.443561     
   0.40800      0.447446     
   0.41000      0.451157     
   0.41200      0.454603     
   0.41400      0.458056     
   0.41600      0.461534     
   0.41800      0.465462     
   0.42000      0.469202     
   0.42200      0.472830     
   0.42400      0.476343     
   0.42600      0.479723     
   0.42800      0.483053     
   0.43000      0.486387     
   0.43200      0.490255     
   0.43400      0.494141     
   0.43600      0.497899     
   0.43800      0.501411     
   0.44000      0.504867     

          


     
                   
   0.44200      0.508260     
   0.44400      0.511894     
   0.44600      0.515566     
   0.44800      0.519299     
   0.45000      0.522869     
   0.45200      0.526317     
   0.45400      0.529665     
   0.45600      0.532985     
   0.45800      0.536278     
   0.46000      0.540022     
   0.46200      0.543849     
   0.46400      0.547555     
   0.46600      0.551155     
   0.46800      0.554533     
   0.47000      0.557923     
   0.47200      0.561607     
   0.47400      0.565348     
   0.47600      0.569005     
   0.47800      0.572545     
   0.48000      0.575962     

          


     
                   
   0.48200      0.579355     
   0.48400      0.582667     
   0.48600      0.586036     
   0.48800      0.589907     
   0.49000      0.593824     
   0.49200      0.597483     
   0.49400      0.601004     
   0.49600      0.604399     
   0.49800      0.607827     
   0.50000      0.611706     
   0.50200      0.615377     
   0.50400      0.618994     
   0.50600      0.622478     
   0.50800      0.625856     
   0.51000      0.629215     
   0.51200      0.632537     
   0.51400      0.636103     
   0.51600      0.639975     
   0.51800      0.643813     
   0.52000      0.647355     

          


     
                   
   0.52200      0.650775     
   0.52400      0.654169     
   0.52600      0.657590     
   0.52800      0.661393     
   0.53000      0.665147     
   0.53200      0.668739     
   0.53400      0.672211     
   0.53600      0.675567     
   0.53800      0.678907     
   0.54000      0.682194     
   0.54200      0.685837     
   0.54400      0.689700     
   0.54600      0.693457     
   0.54800      0.697073     
   0.55000      0.700555     
   0.55200      0.703918     
   0.55400      0.707518     
   0.55600      0.711275     
   0.55800      0.715039     
   0.56000      0.718611     

          


     
                   
   0.56200      0.721991     
   0.56400      0.725373     
   0.56600      0.728715     
   0.56800      0.732010     
   0.57000      0.735881     
   0.57200      0.739790     
   0.57400      0.743679     
   0.57600      0.747076     
   0.57800      0.750428     
   0.58000      0.753869     
   0.58200      0.757641     
   0.58400      0.761399     
   0.58600      0.765002     
   0.58800      0.768513     
   0.59000      0.771922     
   0.59200      0.775281     
   0.59400      0.778584     
   0.59600      0.781809     
   0.59800      0.785920     
   0.60000      0.789657     

          


     
                   
   0.60200      0.793375     
   0.60400      0.796837     
   0.60600      0.800222     
   0.60800      0.803584     
   0.61000      0.807066     
   0.61200      0.810950     
   0.61400      0.814677     
   0.61600      0.818321     
   0.61800      0.821644     
   0.62000      0.824984     
   0.62200      0.828314     
   0.62400      0.831814     
   0.62600      0.835306     
   0.62800      0.839479     
   0.63000      0.843188     
   0.63200      0.846794     
   0.63400      0.850306     
   0.63600      0.853570     
   0.63800      0.857278     
   0.64000      0.861272     

          


     
                   
   0.64200      0.864849     
   0.64400      0.868303     
   0.64600      0.871749     
   0.64800      0.875133     
   0.65000      0.878474     
   0.65200      0.882316     
   0.65400      0.886350     
   0.65600      0.889876     
   0.65800      0.893443     
   0.66000      0.896899     
   0.66200      0.900354     
   0.66400      0.903717     
   0.66600      0.907697     
   0.66800      0.911499     
   0.67000      0.915110     
   0.67200      0.918564     
   0.67400      0.921906     
   0.67600      0.925299     
   0.67800      0.928623     
   0.67900      0.930262     

          


     
                   
   0.67945      0.932331     
   0.67990      0.933112     
   0.68058      0.934143     
   0.68159      0.935445     
   0.68311      0.938739     
   0.68511      0.941992     
   0.68711      0.945513     
   0.68911      0.948971     
   0.69111      0.952451     
   0.69311      0.956037     
   0.69511      0.959980     
   0.69711      0.963690     
   0.69911      0.967213     
   0.70111      0.970598     
   0.70311      0.974028     
   0.70511      0.977376     
   0.70601      0.978929     
   0.70641      0.979832     
        

