
          


    
         0		0          
   0.20000E-02  0.188425E+008
   0.40000E-02  0.376851E+008
   0.60000E-02  0.565276E+008
   0.80000E-02  0.753702E+008
   0.10000E-01  0.942127E+008
   0.12000E-01  0.113055E+009
   0.14000E-01  0.131898E+009
   0.16000E-01  0.150740E+009
   0.18000E-01  0.169583E+009
   0.20000E-01  0.188425E+009
   0.22000E-01  0.207268E+009
   0.24000E-01  0.226111E+009
   0.26000E-01  0.244953E+009
   0.28000E-01  0.263796E+009
   0.30000E-01  0.282638E+009
   0.32000E-01  0.301481E+009
   0.34000E-01  0.320323E+009
   0.36000E-01  0.339166E+009
   0.38000E-01  0.358008E+009
   0.40000E-01  0.376851E+009

          


    
                   
   0.42000E-01  0.395693E+009
   0.44000E-01  0.414536E+009
   0.46000E-01  0.433379E+009
   0.48000E-01  0.452221E+009
   0.50000E-01  0.471064E+009
   0.52000E-01  0.489906E+009
   0.54000E-01  0.508749E+009
   0.56000E-01  0.527591E+009
   0.58000E-01  0.546434E+009
   0.60000E-01  0.565276E+009
   0.62000E-01  0.584119E+009
   0.64000E-01  0.602961E+009
   0.66000E-01  0.621804E+009
   0.68000E-01  0.640647E+009
   0.70000E-01  0.659489E+009
   0.72000E-01  0.678332E+009
   0.74000E-01  0.697174E+009
   0.76000E-01  0.716017E+009
   0.78000E-01  0.734859E+009
   0.80000E-01  0.753702E+009

          


    
                   
   0.82000E-01  0.771547E+009
   0.84000E-01  0.766050E+009
   0.86000E-01  0.760408E+009
   0.88000E-01  0.754915E+009
   0.90000E-01  0.749494E+009
   0.92000E-01  0.744124E+009
   0.94000E-01  0.738790E+009
   0.96000E-01  0.733499E+009
   0.98000E-01  0.728251E+009
   0.10000      0.723049E+009
   0.10200      0.717889E+009
   0.10400      0.712771E+009
   0.10600      0.707696E+009
   0.10800      0.702663E+009
   0.11000      0.697670E+009
   0.11200      0.692719E+009
   0.11400      0.687807E+009
   0.11600      0.682936E+009
   0.11800      0.678105E+009
   0.12000      0.672358E+009

          


    
                   
   0.12200      0.665342E+009
   0.12400      0.658217E+009
   0.12600      0.651311E+009
   0.12800      0.644538E+009
   0.13000      0.637850E+009
   0.13200      0.631247E+009
   0.13400      0.624729E+009
   0.13600      0.618297E+009
   0.13800      0.611947E+009
   0.14000      0.605679E+009
   0.14200      0.599488E+009
   0.14400      0.593376E+009
   0.14600      0.587340E+009
   0.14800      0.581379E+009
   0.15000      0.575490E+009
   0.15200      0.569675E+009
   0.15400      0.562038E+009
   0.15600      0.553883E+009
   0.15800      0.545744E+009
   0.16000      0.537576E+009

          


    
                   
   0.16200      0.529727E+009
   0.16400      0.522076E+009
   0.16600      0.514556E+009
   0.16800      0.507181E+009
   0.17000      0.499949E+009
   0.17200      0.492857E+009
   0.17400      0.485714E+009
   0.17600      0.477469E+009
   0.17800      0.468830E+009
   0.18000      0.460541E+009
   0.18200      0.452577E+009
   0.18400      0.444842E+009
   0.18600      0.437276E+009
   0.18800      0.429893E+009
   0.19000      0.422689E+009
   0.19200      0.415652E+009
   0.19400      0.408793E+009
   0.19600      0.401805E+009
   0.19800      0.393250E+009
   0.20000      0.384886E+009

          


    
                   
   0.20200      0.376906E+009
   0.20400      0.369225E+009
   0.20600      0.361769E+009
   0.20800      0.354569E+009
   0.21000      0.347570E+009
   0.21200      0.340815E+009
   0.21400      0.333845E+009
   0.21600      0.326265E+009
   0.21800      0.318715E+009
   0.22000      0.311563E+009
   0.22200      0.304716E+009
   0.22400      0.298196E+009
   0.22600      0.291884E+009
   0.22800      0.285758E+009
   0.23000      0.279834E+009
   0.23200      0.273923E+009
   0.23400      0.266916E+009
   0.23600      0.260093E+009
   0.23800      0.253630E+009
   0.24000      0.247537E+009

          


    
                   
   0.24200      0.241686E+009
   0.24400      0.236064E+009
   0.24600      0.230671E+009
   0.24800      0.224759E+009
   0.25000      0.219045E+009
   0.25200      0.213276E+009
   0.25400      0.207850E+009
   0.25600      0.202731E+009
   0.25800      0.197854E+009
   0.26000      0.193156E+009
   0.26200      0.188642E+009
   0.26400      0.183990E+009
   0.26600      0.178673E+009
   0.26800      0.173670E+009
   0.27000      0.168978E+009
   0.27200      0.164528E+009
   0.27400      0.160361E+009
   0.27600      0.156376E+009
   0.27800      0.152344E+009
   0.28000      0.148079E+009

          


    
                   
   0.28200      0.143872E+009
   0.28400      0.139936E+009
   0.28600      0.136281E+009
   0.28800      0.132802E+009
   0.29000      0.129452E+009
   0.29200      0.126265E+009
   0.29400      0.123047E+009
   0.29600      0.119350E+009
   0.29800      0.115896E+009
   0.30000      0.112661E+009
   0.30200      0.109597E+009
   0.30400      0.106737E+009
   0.30600      0.104013E+009
   0.30800      0.101065E+009
   0.31000      0.982100E+008
   0.31200      0.954204E+008
   0.31400      0.928157E+008
   0.31600      0.903141E+008
   0.31800      0.879872E+008
   0.32000      0.857466E+008

          


    
                   
   0.32200      0.835831E+008
   0.32400      0.811307E+008
   0.32600      0.787006E+008
   0.32800      0.764055E+008
   0.33000      0.742900E+008
   0.33200      0.723111E+008
   0.33400      0.704058E+008
   0.33600      0.683551E+008
   0.33800      0.664017E+008
   0.34000      0.644699E+008
   0.34200      0.626643E+008
   0.34400      0.609875E+008
   0.34600      0.593785E+008
   0.34800      0.578482E+008
   0.35000      0.563075E+008
   0.35200      0.545947E+008
   0.35400      0.529422E+008
   0.35600      0.514000E+008
   0.35800      0.499999E+008
   0.36000      0.486678E+008

          


    
                   
   0.36200      0.473640E+008
   0.36400      0.459704E+008
   0.36600      0.446046E+008
   0.36800      0.433320E+008
   0.37000      0.421408E+008
   0.37200      0.410236E+008
   0.37400      0.399482E+008
   0.37600      0.389240E+008
   0.37800      0.378076E+008
   0.38000      0.366703E+008
   0.38200      0.355901E+008
   0.38400      0.345759E+008
   0.38600      0.336463E+008
   0.38800      0.327552E+008
   0.39000      0.318318E+008
   0.39200      0.308640E+008
   0.39400      0.299892E+008
   0.39600      0.291638E+008
   0.39800      0.283754E+008
   0.40000      0.276241E+008

          


    
                   
   0.40200      0.269076E+008
   0.40400      0.261863E+008
   0.40600      0.253796E+008
   0.40800      0.246150E+008
   0.41000      0.239065E+008
   0.41200      0.232671E+008
   0.41400      0.226438E+008
   0.41600      0.220332E+008
   0.41800      0.213637E+008
   0.42000      0.207456E+008
   0.42200      0.201632E+008
   0.42400      0.196155E+008
   0.42600      0.191025E+008
   0.42800      0.186107E+008
   0.43000      0.181313E+008
   0.43200      0.175908E+008
   0.43400      0.170645E+008
   0.43600      0.165708E+008
   0.43800      0.161226E+008
   0.44000      0.156937E+008

          


    
                   
   0.44200      0.152841E+008
   0.44400      0.148575E+008
   0.44600      0.144388E+008
   0.44800      0.140258E+008
   0.45000      0.136421E+008
   0.45200      0.132817E+008
   0.45400      0.129414E+008
   0.45600      0.126126E+008
   0.45800      0.122952E+008
   0.46000      0.119442E+008
   0.46200      0.115963E+008
   0.46400      0.112693E+008
   0.46600      0.109609E+008
   0.46800      0.106795E+008
   0.47000      0.104047E+008
   0.47200      0.101143E+008
   0.47400      0.982818E+007
   0.47600      0.955667E+007
   0.47800      0.930133E+007
   0.48000      0.906165E+007

          


    
                   
   0.48200      0.883003E+007
   0.48400      0.861006E+007
   0.48600      0.839214E+007
   0.48800      0.814896E+007
   0.49000      0.791048E+007
   0.49200      0.769441E+007
   0.49400      0.749241E+007
   0.49600      0.730297E+007
   0.49800      0.711689E+007
   0.50000      0.691241E+007
   0.50200      0.672473E+007
   0.50400      0.654512E+007
   0.50600      0.637704E+007
   0.50800      0.621850E+007
   0.51000      0.606505E+007
   0.51200      0.591738E+007
   0.51400      0.576317E+007
   0.51600      0.560069E+007
   0.51800      0.544458E+007
   0.52000      0.530474E+007

          


    
                   
   0.52200      0.517346E+007
   0.52400      0.504671E+007
   0.52600      0.492245E+007
   0.52800      0.478826E+007
   0.53000      0.465982E+007
   0.53200      0.454053E+007
   0.53400      0.442848E+007
   0.53600      0.432312E+007
   0.53800      0.422108E+007
   0.54000      0.412331E+007
   0.54200      0.401798E+007
   0.54400      0.390962E+007
   0.54600      0.380745E+007
   0.54800      0.371203E+007
   0.55000      0.362276E+007
   0.55200      0.353890E+007
   0.55400      0.345167E+007
   0.55600      0.336330E+007
   0.55800      0.327747E+007
   0.56000      0.319840E+007

          


    
                   
   0.56200      0.312569E+007
   0.56400      0.305491E+007
   0.56600      0.298689E+007
   0.56800      0.292160E+007
   0.57000      0.284714E+007
   0.57200      0.277430E+007
   0.57400      0.270413E+007
   0.57600      0.264463E+007
   0.57800      0.258754E+007
   0.58000      0.253055E+007
   0.58200      0.246989E+007
   0.58400      0.241132E+007
   0.58600      0.235684E+007
   0.58800      0.230531E+007
   0.59000      0.225667E+007
   0.59200      0.221008E+007
   0.59400      0.216550E+007
   0.59600      0.212315E+007
   0.59800      0.207078E+007
   0.60000      0.202470E+007

          


    
                   
   0.60200      0.198027E+007
   0.60400      0.194012E+007
   0.60600      0.190196E+007
   0.60800      0.186513E+007
   0.61000      0.182804E+007
   0.61200      0.178795E+007
   0.61400      0.175069E+007
   0.61600      0.171537E+007
   0.61800      0.168408E+007
   0.62000      0.165352E+007
   0.62200      0.162389E+007
   0.62400      0.159364E+007
   0.62600      0.156435E+007
   0.62800      0.153046E+007
   0.63000      0.150133E+007
   0.63200      0.147389E+007
   0.63400      0.144796E+007
   0.63600      0.142456E+007
   0.63800      0.139875E+007
   0.64000      0.137187E+007

          


    
                   
   0.64200      0.134856E+007
   0.64400      0.132673E+007
   0.64600      0.130559E+007
   0.64800      0.128545E+007
   0.65000      0.126613E+007
   0.65200      0.124460E+007
   0.65400      0.122277E+007
   0.65600      0.120431E+007
   0.65800      0.118621E+007
   0.66000      0.116920E+007
   0.66200      0.115273E+007
   0.66400      0.113716E+007
   0.66600      0.111934E+007
   0.66800      0.110290E+007
   0.67000      0.108780E+007
   0.67200      0.107380E+007
   0.67400      0.106067E+007
   0.67600      0.104775E+007
   0.67800      0.103547E+007
   0.67900      0.102955E+007

          


    
                   
   0.67945      0.102221E+007
   0.67990      0.101947E+007
   0.68058      0.101589E+007
   0.68159      0.101141E+007
   0.68311      0.100033E+007
   0.68511       989715.     
   0.68711       978578.     
   0.68911       967996.     
   0.69111       957692.     
   0.69311       947420.     
   0.69511       936524.     
   0.69711       926642.     
   0.69911       917581.     
   0.70111       909161.     
   0.70311       900907.     
   0.70511       893117.     
   0.70601       889590.     
   0.70641       887563.     
     

