
         


      
        0		0          
   0.20000E-02  0.453586E-003
   0.40000E-02  0.907173E-003
   0.60000E-02  0.136076E-002
   0.80000E-02  0.181435E-002
   0.10000E-01  0.226793E-002
   0.12000E-01  0.272152E-002
   0.14000E-01  0.317510E-002
   0.16000E-01  0.362869E-002
   0.18000E-01  0.408228E-002
   0.20000E-01  0.453586E-002
   0.22000E-01  0.498945E-002
   0.24000E-01  0.544304E-002
   0.26000E-01  0.589662E-002
   0.28000E-01  0.635021E-002
   0.30000E-01  0.680379E-002
   0.32000E-01  0.725738E-002
   0.34000E-01  0.771097E-002
   0.36000E-01  0.816455E-002
   0.38000E-01  0.861814E-002
   0.40000E-01  0.907173E-002

         


      
                  
   0.42000E-01  0.952531E-002
   0.44000E-01  0.997890E-002
   0.46000E-01  0.104325E-001
   0.48000E-01  0.108861E-001
   0.50000E-01  0.113397E-001
   0.52000E-01  0.117932E-001
   0.54000E-01  0.122468E-001
   0.56000E-01  0.127004E-001
   0.58000E-01  0.131540E-001
   0.60000E-01  0.136076E-001
   0.62000E-01  0.140612E-001
   0.64000E-01  0.145289E-001
   0.66000E-01  0.152040E-001
   0.68000E-01  0.158793E-001
   0.70000E-01  0.169184E-001
   0.72000E-01  0.180475E-001
   0.74000E-01  0.191761E-001
   0.76000E-01  0.202931E-001
   0.78000E-01  0.214079E-001
   0.80000E-01  0.225237E-001

         


      
                  
   0.82000E-01  0.236400E-001
   0.84000E-01  0.247565E-001
   0.86000E-01  0.258730E-001
   0.88000E-01  0.269894E-001
   0.90000E-01  0.281057E-001
   0.92000E-01  0.292549E-001
   0.94000E-01  0.305575E-001
   0.96000E-01  0.318693E-001
   0.98000E-01  0.331800E-001
   0.10000      0.344870E-001
   0.10200      0.357932E-001
   0.10400      0.373091E-001
   0.10600      0.389141E-001
   0.10800      0.405149E-001
   0.11000      0.421075E-001
   0.11200      0.436962E-001
   0.11400      0.455181E-001
   0.11600      0.477369E-001
   0.11800      0.501189E-001
   0.12000      0.524757E-001

         


      
                  
   0.12200      0.548029E-001
   0.12400      0.571178E-001
   0.12600      0.594284E-001
   0.12800      0.617344E-001
   0.13000      0.641699E-001
   0.13200      0.666628E-001
   0.13400      0.691357E-001
   0.13600      0.717134E-001
   0.13800      0.744235E-001
   0.14000      0.771479E-001
   0.14200      0.798476E-001
   0.14400      0.827120E-001
   0.14600      0.859957E-001
   0.14800      0.894097E-001
   0.15000      0.927647E-001
   0.15200      0.960702E-001
   0.15400      0.993577E-001
   0.15600      0.102674     
   0.15800      0.106091     
   0.16000      0.109515     

         


      
                  
   0.16200      0.113045     
   0.16400      0.116669     
   0.16600      0.120282     
   0.16800      0.123946     
   0.17000      0.127971     
   0.17200      0.132237     
   0.17400      0.136464     
   0.17600      0.140603     
   0.17800      0.144697     
   0.18000      0.148871     
   0.18200      0.153094     
   0.18400      0.157376     
   0.18600      0.161756     
   0.18800      0.166126     
   0.19000      0.170546     
   0.19200      0.175362     
   0.19400      0.180379     
   0.19600      0.185294     
   0.19800      0.190094     
   0.20000      0.194885     

         


      
                  
   0.20200      0.199742     
   0.20400      0.204654     
   0.20600      0.209657     
   0.20800      0.214643     
   0.21000      0.219723     
   0.21200      0.225357     
   0.21400      0.230827     
   0.21600      0.236210     
   0.21800      0.241531     
   0.22000      0.246911     
   0.22200      0.252345     
   0.22400      0.257850     
   0.22600      0.263347     
   0.22800      0.268933     
   0.23000      0.274931     
   0.23200      0.280988     
   0.23400      0.286869     
   0.23600      0.292667     
   0.23800      0.298472     
   0.24000      0.304391     

         


      
                  
   0.24200      0.310354     
   0.24400      0.316301     
   0.24600      0.322921     
   0.24800      0.329224     
   0.25000      0.335422     
   0.25200      0.341623     
   0.25400      0.347825     
   0.25600      0.354122     
   0.25800      0.360394     
   0.26000      0.366839     
   0.26200      0.373703     
   0.26400      0.380428     
   0.26600      0.386971     
   0.26800      0.393428     
   0.27000      0.399950     
   0.27200      0.406537     
   0.27400      0.413121     
   0.27600      0.420197     
   0.27800      0.427275     
   0.28000      0.434028     

         


      
                  
   0.28200      0.440692     
   0.28400      0.447468     
   0.28600      0.454237     
   0.28800      0.461013     
   0.29000      0.468189     
   0.29200      0.475372     
   0.29400      0.482286     
   0.29600      0.489107     
   0.29800      0.495999     
   0.30000      0.502896     
   0.30200      0.509784     
   0.30400      0.517163     
   0.30600      0.524436     
   0.30800      0.531459     
   0.31000      0.538412     
   0.31200      0.545407     
   0.31400      0.552282     
   0.31600      0.559740     
   0.31800      0.566980     
   0.32000      0.574104     

         


      
                  
   0.32200      0.581077     
   0.32400      0.588105     
   0.32600      0.595140     
   0.32800      0.602128     
   0.33000      0.609783     
   0.33200      0.616958     
   0.33400      0.624021     
   0.33600      0.631065     
   0.33800      0.638124     
   0.34000      0.645196     
   0.34200      0.652188     
   0.34400      0.659626     
   0.34600      0.666990     
   0.34800      0.674173     
   0.35000      0.681153     
   0.35200      0.688136     
   0.35400      0.695211     
   0.35600      0.702141     
   0.35800      0.709572     
   0.36000      0.717000     

         


      
                  
   0.36200      0.724061     
   0.36400      0.730999     
   0.36600      0.738042     
   0.36800      0.745096     
   0.37000      0.752076     
   0.37200      0.759580     
   0.37400      0.766900     
   0.37600      0.774028     
   0.37800      0.781066     
   0.38000      0.788039     
   0.38200      0.795011     
   0.38400      0.802373     
   0.38600      0.809682     
   0.38800      0.816882     
   0.39000      0.823946     
   0.39200      0.830981     
   0.39400      0.838103     
   0.39600      0.845141     
   0.39800      0.852446     
   0.40000      0.859901     

         


      
                  
   0.40200      0.867044     
   0.40400      0.874061     
   0.40600      0.881072     
   0.40800      0.888200     
   0.41000      0.895345     
   0.41200      0.902514     
   0.41400      0.909869     
   0.41600      0.917033     
   0.41800      0.924048     
   0.42000      0.930987     
   0.42200      0.937970     
   0.42400      0.944895     
   0.42600      0.952235     
   0.42800      0.959519     
   0.43000      0.966597     
   0.43200      0.973538     
   0.43400      0.980420     
   0.43600      0.987340     
   0.43800      0.994231     
   0.44000       1.00146     

         


      
                  
   0.44200       1.00861     
   0.44400       1.01568     
   0.44600       1.02259     
   0.44800       1.02946     
   0.45000       1.03644     
   0.45200       1.04331     
   0.45400       1.05040     
   0.45600       1.05771     
   0.45800       1.06470     
   0.46000       1.07157     
   0.46200       1.07855     
   0.46400       1.08558     
   0.46600       1.09239     
   0.46800       1.09968     
   0.47000       1.10699     
   0.47200       1.11395     
   0.47400       1.12084     
   0.47600       1.12785     
   0.47800       1.13485     
   0.48000       1.14179     

         


      
                  
   0.48200       1.14906     
   0.48400       1.15639     
   0.48600       1.16356     
   0.48800       1.17060     
   0.49000       1.17774     
   0.49200       1.18459     
   0.49400       1.19157     
   0.49600       1.19875     
   0.49800       1.20615     
   0.50000       1.21321     
   0.50200       1.22013     
   0.50400       1.22709     
   0.50600       1.23419     
   0.50800       1.24117     
   0.51000       1.24858     
   0.51200       1.25572     
   0.51400       1.26260     
   0.51600       1.26955     
   0.51800       1.27666     
   0.52000       1.28363     

         


      
                  
   0.52200       1.29053     
   0.52400       1.29767     
   0.52600       1.30504     
   0.52800       1.31206     
   0.53000       1.31894     
   0.53200       1.32589     
   0.53400       1.33297     
   0.53600       1.34019     
   0.53800       1.34730     
   0.54000       1.35447     
   0.54200       1.36148     
   0.54400       1.36841     
   0.54600       1.37556     
   0.54800       1.38256     
   0.55000       1.38979     
   0.55200       1.39715     
   0.55400       1.40435     
   0.55600       1.41143     
   0.55800       1.41840     
   0.56000       1.42542     

         


      
                  
   0.56200       1.43235     
   0.56400       1.43964     
   0.56600       1.44692     
   0.56800       1.45413     
   0.57000       1.46124     
   0.57200       1.46831     
   0.57400       1.47547     
   0.57600       1.48231     
   0.57800       1.48955     
   0.58000       1.49684     
   0.58200       1.50411     
   0.58400       1.51088     
   0.58600       1.51799     
   0.58800       1.52513     
   0.59000       1.53193     
   0.59200       1.53931     
   0.59400       1.54657     
   0.59600       1.55358     
   0.59800       1.56039     
   0.60000       1.56752     

         


      
                  
   0.60200       1.57468     
   0.60400       1.58146     
   0.60600       1.58883     
   0.60800       1.59616     
   0.61000       1.60312     
   0.61200       1.61000     
   0.61400       1.61744     
   0.61600       1.62427     
   0.61800       1.63113     
   0.62000       1.63866     
   0.62200       1.64592     
   0.62400       1.65303     
   0.62600       1.66002     
   0.62800       1.66695     
   0.63000       1.67423     
   0.63200       1.68132     
   0.63400       1.68879     
   0.63600       1.69606     
   0.63800       1.70334     
   0.64000       1.71050     

         


      
                  
   0.64200       1.71749     
   0.64400       1.72445     
   0.64600       1.73159     
   0.64800       1.73913     
   0.65000       1.74630     
   0.65200       1.75337     
   0.65400       1.76044     
   0.65600       1.76753     
   0.65800       1.77455     
   0.66000       1.78177     
   0.66200       1.78905     
   0.66400       1.79643     
   0.66600       1.80333     
   0.66800       1.81028     
   0.67000       1.81747     
   0.67200       1.82452     
   0.67400       1.83127     
   0.67600       1.83906     
   0.67800       1.84640     
   0.68000       1.85356     

         


      
                  
   0.68200       1.86067     
   0.68400       1.86763     
   0.68600       1.87457     
   0.68800       1.88218     
   0.69000       1.88935     
   0.69200       1.89638     
   0.69400       1.90330     
   0.69600       1.91057     
   0.69800       1.91797     
   0.70000       1.92510     
    1.0000       1.92728     

