
         


      
          0		0           
   0.20000E-02  0.253663E+008
   0.40000E-02  0.507326E+008
   0.60000E-02  0.760989E+008
   0.80000E-02  0.101465E+009
   0.10000E-01  0.126832E+009
   0.12000E-01  0.152198E+009
   0.14000E-01  0.177564E+009
   0.16000E-01  0.202931E+009
   0.18000E-01  0.228297E+009
   0.20000E-01  0.253663E+009
   0.22000E-01  0.279029E+009
   0.24000E-01  0.304396E+009
   0.26000E-01  0.329762E+009
   0.28000E-01  0.355128E+009
   0.30000E-01  0.380495E+009
   0.32000E-01  0.405861E+009
   0.34000E-01  0.431227E+009
   0.36000E-01  0.456594E+009
   0.38000E-01  0.481960E+009
   0.40000E-01  0.507326E+009

         


      
                     
   0.42000E-01  0.532693E+009
   0.44000E-01  0.558059E+009
   0.46000E-01  0.583425E+009
   0.48000E-01  0.608792E+009
   0.50000E-01  0.634158E+009
   0.52000E-01  0.659524E+009
   0.54000E-01  0.684890E+009
   0.56000E-01  0.710257E+009
   0.58000E-01  0.735623E+009
   0.60000E-01  0.760989E+009
   0.62000E-01  0.786356E+009
   0.64000E-01  0.809960E+009
   0.66000E-01  0.807771E+009
   0.68000E-01  0.805588E+009
   0.70000E-01  0.802240E+009
   0.72000E-01  0.798623E+009
   0.74000E-01  0.795023E+009
   0.76000E-01  0.791476E+009
   0.78000E-01  0.787951E+009
   0.80000E-01  0.784439E+009

         


      
                     
   0.82000E-01  0.780940E+009
   0.84000E-01  0.777457E+009
   0.86000E-01  0.773990E+009
   0.88000E-01  0.770538E+009
   0.90000E-01  0.767102E+009
   0.92000E-01  0.763582E+009
   0.94000E-01  0.759610E+009
   0.96000E-01  0.755634E+009
   0.98000E-01  0.751681E+009
   0.10000      0.747760E+009
   0.10200      0.743861E+009
   0.10400      0.739364E+009
   0.10600      0.734633E+009
   0.10800      0.729944E+009
   0.11000      0.725308E+009
   0.11200      0.720714E+009
   0.11400      0.715482E+009
   0.11600      0.709163E+009
   0.11800      0.702442E+009
   0.12000      0.695854E+009

         


      
                     
   0.12200      0.689410E+009
   0.12400      0.683058E+009
   0.12600      0.676777E+009
   0.12800      0.670565E+009
   0.13000      0.664067E+009
   0.13200      0.657481E+009
   0.13400      0.651012E+009
   0.13600      0.644336E+009
   0.13800      0.637391E+009
   0.14000      0.630486E+009
   0.14200      0.623716E+009
   0.14400      0.616613E+009
   0.14600      0.608569E+009
   0.14800      0.600318E+009
   0.15000      0.592319E+009
   0.15200      0.584541E+009
   0.15400      0.576908E+009
   0.15600      0.569308E+009
   0.15800      0.561583E+009
   0.16000      0.553947E+009

         


      
                     
   0.16200      0.546182E+009
   0.16400      0.538323E+009
   0.16600      0.530604E+009
   0.16800      0.522886E+009
   0.17000      0.514539E+009
   0.17200      0.505835E+009
   0.17400      0.497358E+009
   0.17600      0.489195E+009
   0.17800      0.481252E+009
   0.18000      0.473288E+009
   0.18200      0.465363E+009
   0.18400      0.457464E+009
   0.18600      0.449523E+009
   0.18800      0.441738E+009
   0.19000      0.433999E+009
   0.19200      0.425724E+009
   0.19400      0.417270E+009
   0.19600      0.409150E+009
   0.19800      0.401374E+009
   0.20000      0.393759E+009

         


      
                     
   0.20200      0.386188E+009
   0.20400      0.378678E+009
   0.20600      0.371181E+009
   0.20800      0.363856E+009
   0.21000      0.356542E+009
   0.21200      0.348602E+009
   0.21400      0.341062E+009
   0.21600      0.333803E+009
   0.21800      0.326778E+009
   0.22000      0.319827E+009
   0.22200      0.312955E+009
   0.22400      0.306146E+009
   0.22600      0.299494E+009
   0.22800      0.292882E+009
   0.23000      0.285945E+009
   0.23200      0.279108E+009
   0.23400      0.272624E+009
   0.23600      0.266381E+009
   0.23800      0.260274E+009
   0.24000      0.254191E+009

         


      
                     
   0.24200      0.248207E+009
   0.24400      0.242380E+009
   0.24600      0.236054E+009
   0.24800      0.230184E+009
   0.25000      0.224555E+009
   0.25200      0.219062E+009
   0.25400      0.213702E+009
   0.25600      0.208394E+009
   0.25800      0.203239E+009
   0.26000      0.198075E+009
   0.26200      0.192720E+009
   0.26400      0.187614E+009
   0.26600      0.182776E+009
   0.26800      0.178125E+009
   0.27000      0.173547E+009
   0.27200      0.169044E+009
   0.27400      0.164659E+009
   0.27600      0.160075E+009
   0.27800      0.155616E+009
   0.28000      0.151479E+009

         


      
                     
   0.28200      0.147504E+009
   0.28400      0.143570E+009
   0.28600      0.139745E+009
   0.28800      0.136019E+009
   0.29000      0.132181E+009
   0.29200      0.128449E+009
   0.29400      0.124956E+009
   0.29600      0.121603E+009
   0.29800      0.118308E+009
   0.30000      0.115100E+009
   0.30200      0.111983E+009
   0.30400      0.108739E+009
   0.30600      0.105633E+009
   0.30800      0.102719E+009
   0.31000      0.999132E+008
   0.31200      0.971686E+008
   0.31400      0.945448E+008
   0.31600      0.917790E+008
   0.31800      0.891722E+008
   0.32000      0.866797E+008

         


      
                     
   0.32200      0.843078E+008
   0.32400      0.819835E+008
   0.32600      0.797218E+008
   0.32800      0.775372E+008
   0.33000      0.752133E+008
   0.33200      0.730988E+008
   0.33400      0.710760E+008
   0.33600      0.691149E+008
   0.33800      0.672043E+008
   0.34000      0.653436E+008
   0.34200      0.635551E+008
   0.34400      0.617067E+008
   0.34600      0.599303E+008
   0.34800      0.582474E+008
   0.35000      0.566577E+008
   0.35200      0.551115E+008
   0.35400      0.535883E+008
   0.35600      0.521375E+008
   0.35800      0.506261E+008
   0.36000      0.491597E+008

         


      
                     
   0.36200      0.478056E+008
   0.36400      0.465120E+008
   0.36600      0.452351E+008
   0.36800      0.439920E+008
   0.37000      0.427960E+008
   0.37200      0.415470E+008
   0.37400      0.403644E+008
   0.37600      0.392456E+008
   0.37800      0.381720E+008
   0.38000      0.371379E+008
   0.38200      0.361324E+008
   0.38400      0.351008E+008
   0.38600      0.341063E+008
   0.38800      0.331549E+008
   0.39000      0.322476E+008
   0.39200      0.313694E+008
   0.39400      0.305053E+008
   0.39600      0.296752E+008
   0.39800      0.288381E+008
   0.40000      0.280088E+008

         


      
                     
   0.40200      0.272372E+008
   0.40400      0.265004E+008
   0.40600      0.257848E+008
   0.40800      0.250776E+008
   0.41000      0.243887E+008
   0.41200      0.237173E+008
   0.41400      0.230482E+008
   0.41600      0.224153E+008
   0.41800      0.218130E+008
   0.42000      0.212337E+008
   0.42200      0.206668E+008
   0.42400      0.201203E+008
   0.42600      0.195573E+008
   0.42800      0.190149E+008
   0.43000      0.185029E+008
   0.43200      0.180147E+008
   0.43400      0.175441E+008
   0.43600      0.170838E+008
   0.43800      0.166381E+008
   0.44000      0.161834E+008

         


      
                     
   0.44200      0.157469E+008
   0.44400      0.153273E+008
   0.44600      0.149285E+008
   0.44800      0.145432E+008
   0.45000      0.141623E+008
   0.45200      0.137978E+008
   0.45400      0.134324E+008
   0.45600      0.130663E+008
   0.45800      0.127261E+008
   0.46000      0.124010E+008
   0.46200      0.120799E+008
   0.46400      0.117653E+008
   0.46600      0.114691E+008
   0.46800      0.111609E+008
   0.47000      0.108610E+008
   0.47200      0.105839E+008
   0.47400      0.103165E+008
   0.47600      0.100524E+008
   0.47800      0.979618E+007
   0.48000      0.954911E+007

         


      
                     
   0.48200      0.929788E+007
   0.48400      0.905156E+007
   0.48600      0.881808E+007
   0.48800      0.859491E+007
   0.49000      0.837532E+007
   0.49200      0.817065E+007
   0.49400      0.796762E+007
   0.49600      0.776477E+007
   0.49800      0.756208E+007
   0.50000      0.737406E+007
   0.50200      0.719514E+007
   0.50400      0.702022E+007
   0.50600      0.684671E+007
   0.50800      0.668105E+007
   0.51000      0.651023E+007
   0.51200      0.635045E+007
   0.51400      0.620087E+007
   0.51600      0.605411E+007
   0.51800      0.590812E+007
   0.52000      0.576924E+007

         


      
                     
   0.52200      0.563547E+007
   0.52400      0.550100E+007
   0.52600      0.536647E+007
   0.52800      0.524184E+007
   0.53000      0.512327E+007
   0.53200      0.500692E+007
   0.53400      0.489168E+007
   0.53600      0.477762E+007
   0.53800      0.466860E+007
   0.54000      0.456178E+007
   0.54200      0.446049E+007
   0.54400      0.436327E+007
   0.54600      0.426577E+007
   0.54800      0.417301E+007
   0.55000      0.408015E+007
   0.55200      0.398837E+007
   0.55400      0.390128E+007
   0.55600      0.381820E+007
   0.55800      0.373878E+007
   0.56000      0.366105E+007

         


      
                     
   0.56200      0.358659E+007
   0.56400      0.351053E+007
   0.56600      0.343698E+007
   0.56800      0.336623E+007
   0.57000      0.329856E+007
   0.57200      0.323328E+007
   0.57400      0.316912E+007
   0.57600      0.310968E+007
   0.57800      0.304858E+007
   0.58000      0.298894E+007
   0.58200      0.293128E+007
   0.58400      0.287916E+007
   0.58600      0.282605E+007
   0.58800      0.277435E+007
   0.59000      0.272652E+007
   0.59200      0.267627E+007
   0.59400      0.262833E+007
   0.59600      0.258343E+007
   0.59800      0.254112E+007
   0.60000      0.249818E+007

         


      
                     
   0.60200      0.245634E+007
   0.60400      0.241791E+007
   0.60600      0.237747E+007
   0.60800      0.233848E+007
   0.61000      0.230265E+007
   0.61200      0.226828E+007
   0.61400      0.223230E+007
   0.61600      0.220033E+007
   0.61800      0.216916E+007
   0.62000      0.213604E+007
   0.62200      0.210514E+007
   0.62400      0.207585E+007
   0.62600      0.204797E+007
   0.62800      0.202120E+007
   0.63000      0.199399E+007
   0.63200      0.196833E+007
   0.63400      0.194222E+007
   0.63600      0.191765E+007
   0.63800      0.189386E+007
   0.64000      0.187126E+007

         


      
                     
   0.64200      0.184990E+007
   0.64400      0.182933E+007
   0.64600      0.180894E+007
   0.64800      0.178817E+007
   0.65000      0.176906E+007
   0.65200      0.175090E+007
   0.65400      0.173334E+007
   0.65600      0.171632E+007
   0.65800      0.170006E+007
   0.66000      0.168392E+007
   0.66200      0.166823E+007
   0.66400      0.165288E+007
   0.66600      0.163907E+007
   0.66800      0.162563E+007
   0.67000      0.161224E+007
   0.67200      0.159958E+007
   0.67400      0.158788E+007
   0.67600      0.157491E+007
   0.67800      0.156317E+007
   0.68000      0.155216E+007

         


      
                     
   0.68200      0.154164E+007
   0.68400      0.153174E+007
   0.68600      0.152225E+007
   0.68800      0.151226E+007
   0.69000      0.150323E+007
   0.69200      0.149475E+007
   0.69400      0.148673E+007
   0.69600      0.147866E+007
   0.69800      0.147080E+007
   0.70000      0.146355E+007
    1.0000      0.146140E+007

