                         
        0.00000          0.00000 
        0.00200          0.00000 
        0.00400          0.00000 
        0.00600          0.00000 
        0.00800          0.00000 
        0.01000          0.00000 
        0.01200          0.00000 
        0.01400          0.00000 
        0.01600          0.00000 
        0.01800          0.00000 
        0.02000          0.00000 
        0.02200          0.00000 
        0.02400          0.00000 
        0.02600          0.00000 
        0.02800          0.00000 
        0.03000          0.00000 
        0.03200          0.00000 
        0.03400          0.00000 
        0.03600          0.00000 
        0.03800          0.00000 
        0.04000          0.00000 
        0.04200          0.00000 
        0.04400          0.00000 
        0.04600          0.02130 
        0.04800          0.09454 
        0.05000          0.16084 
        0.05200          0.22104 
        0.05400          0.27585 
        0.05600          0.32587 
        0.05800          0.37165 
        0.06000          0.41361 
        0.06200          0.45216 
        0.06400          0.48765 
        0.06600          0.52037 
        0.06800          0.55059 
        0.07000          0.57853 
        0.07200          0.60442 
        0.07400          0.62843 
        0.07600          0.65073 
        0.07800          0.67146 
        0.08000          0.69076 
        0.08200          0.70874 
        0.08400          0.72552 
        0.08600          0.74118 
        0.08800          0.75582 
        0.09000          0.76950 
        0.09200          0.78232 
        0.09400          0.79432 
        0.09600          0.80558 
        0.09800          0.81614 
        0.10000          0.82605 
        0.10200          0.83536 
        0.10400          0.84412 
        0.10600          0.85235 
        0.10800          0.86010 
        0.11000          0.86740 
        0.11200          0.87427 
        0.11400          0.88075 
        0.11600          0.88686 
        0.11800          0.89263 
        0.12000          0.89807 
        0.12200          0.90321 
        0.12400          0.90807 
        0.12600          0.91266 
        0.12800          0.91700 
        0.13000          0.92110 
        0.13200          0.92499 
        0.13400          0.92867 
        0.13600          0.93215 
        0.13800          0.93544 
        0.14000          0.93857 
        0.14200          0.94153 
        0.14400          0.94434 
        0.14600          0.94700 
        0.14800          0.94953 
        0.15000          0.95192 
        0.15200          0.95420 
        0.15400          0.95636 
        0.15600          0.95841 
        0.15800          0.96035 
        0.16000          0.96220 
        0.16200          0.96396 
        0.16400          0.96563 
        0.16600          0.96722 
        0.16800          0.96873 
        0.17000          0.97017 
        0.17200          0.97154 
        0.17400          0.97284 
        0.17600          0.97408 
        0.17800          0.97526 
        0.18000          0.97638 
        0.18200          0.97744 
        0.18400          0.97846 
        0.18600          0.97943 
        0.18800          0.98035 
        0.19000          0.98123 
        0.19200          0.98207 
        0.19400          0.98287 
        0.19600          0.98363 
        0.19800          0.98436 
        0.20000          0.98505 
