                         
        0.00000          0.00000 
        0.00200          0.00000 
        0.00400          0.00000 
        0.00600          0.00000 
        0.00800          0.00000 
        0.01000          0.00000 
        0.01200          0.00000 
        0.01400          0.00000 
        0.01600          0.00000 
        0.01800          0.00000 
        0.02000          0.00000 
        0.02200          0.00000 
        0.02400          0.00000 
        0.02600          0.00000 
        0.02800          0.00000 
        0.03000          0.00000 
        0.03200          0.00000 
        0.03400          0.00000 
        0.03600          0.00000 
        0.03800          0.00000 
        0.04000          0.00000 
        0.04200          0.00000 
        0.04400          0.00000 
        0.04600          0.02203 
        0.04800          0.09767 
        0.05000          0.16601 
        0.05200          0.22794 
        0.05400          0.28421 
        0.05600          0.33547 
        0.05800          0.38227 
        0.06000          0.42509 
        0.06200          0.46435 
        0.06400          0.50041 
        0.06600          0.53358 
        0.06800          0.56415 
        0.07000          0.59237 
        0.07200          0.61845 
        0.07400          0.64258 
        0.07600          0.66494 
        0.07800          0.68569 
        0.08000          0.70495 
        0.08200          0.72286 
        0.08400          0.73953 
        0.08600          0.75506 
        0.08800          0.76954 
        0.09000          0.78305 
        0.09200          0.79567 
        0.09400          0.80746 
        0.09600          0.81849 
        0.09800          0.82881 
        0.10000          0.83848 
        0.10200          0.84755 
        0.10400          0.85604 
        0.10600          0.86402 
        0.10800          0.87150 
        0.11000          0.87854 
        0.11200          0.88515 
        0.11400          0.89136 
        0.11600          0.89721 
        0.11800          0.90271 
        0.12000          0.90790 
        0.12200          0.91278 
        0.12400          0.91738 
        0.12600          0.92172 
        0.12800          0.92581 
        0.13000          0.92967 
        0.13200          0.93332 
        0.13400          0.93676 
        0.13600          0.94001 
        0.13800          0.94308 
        0.14000          0.94598 
        0.14200          0.94872 
        0.14400          0.95132 
        0.14600          0.95377 
        0.14800          0.95609 
        0.15000          0.95829 
        0.15200          0.96037 
        0.15400          0.96234 
        0.15600          0.96421 
        0.15800          0.96598 
        0.16000          0.96766 
        0.16200          0.96924 
        0.16400          0.97075 
        0.16600          0.97218 
        0.16800          0.97353 
        0.17000          0.97482 
        0.17200          0.97604 
        0.17400          0.97719 
        0.17600          0.97829 
        0.17800          0.97934 
        0.18000          0.98033 
        0.18200          0.98127 
        0.18400          0.98216 
        0.18600          0.98301 
        0.18800          0.98382 
        0.19000          0.98458 
        0.19200          0.98531 
        0.19400          0.98600 
        0.19600          0.98666 
        0.19800          0.98729 
        0.20000          0.98788 
