
          ***** ANSYS POST26 VARIABLE LISTING *****


    TIME         39 EPELX   
                  EPELX_7 
   0.10000E-02  0.495115E-004
   0.20000E-02  0.990230E-004
   0.30000E-02  0.148535E-003
   0.40000E-02  0.198046E-003
   0.50000E-02  0.247558E-003
   0.60000E-02  0.297069E-003
   0.70000E-02  0.346581E-003
   0.80000E-02  0.396092E-003
   0.90000E-02  0.445604E-003
   0.10000E-01  0.495115E-003
   0.11000E-01  0.544627E-003
   0.12000E-01  0.594138E-003
   0.13000E-01  0.643650E-003
   0.14000E-01  0.693161E-003
   0.15000E-01  0.742673E-003
   0.16000E-01  0.792184E-003
   0.17000E-01  0.841696E-003
   0.18000E-01  0.891207E-003
   0.19000E-01  0.940719E-003
   0.20000E-01  0.990230E-003

          ***** ANSYS POST26 VARIABLE LISTING *****


    TIME         39 EPELX   
                  EPELX_7 
   0.21000E-01  0.103974E-002
   0.22000E-01  0.108925E-002
   0.23000E-01  0.113877E-002
   0.24000E-01  0.118828E-002
   0.25000E-01  0.123779E-002
   0.26000E-01  0.128730E-002
   0.27000E-01  0.133681E-002
   0.28000E-01  0.138632E-002
   0.29000E-01  0.143583E-002
   0.30000E-01  0.148535E-002
   0.31000E-01  0.153486E-002
   0.32000E-01  0.158437E-002
   0.33000E-01  0.163388E-002
   0.34000E-01  0.168339E-002
   0.35000E-01  0.173290E-002
   0.36000E-01  0.178241E-002
   0.37000E-01  0.183193E-002
   0.38000E-01  0.188144E-002
   0.39000E-01  0.193095E-002
   0.40000E-01  0.198046E-002

          ***** ANSYS POST26 VARIABLE LISTING *****


    TIME         39 EPELX   
                  EPELX_7 
   0.41000E-01  0.202997E-002
   0.42000E-01  0.207948E-002
   0.43000E-01  0.212900E-002
   0.44000E-01  0.217851E-002
   0.45000E-01  0.222802E-002
   0.46000E-01  0.227753E-002
   0.47000E-01  0.232704E-002
   0.48000E-01  0.237655E-002
   0.49000E-01  0.242606E-002
   0.50000E-01  0.247558E-002
   0.51000E-01  0.252509E-002
   0.52000E-01  0.257460E-002
   0.53000E-01  0.262411E-002
   0.54000E-01  0.267362E-002
   0.55000E-01  0.272313E-002
   0.56000E-01  0.277265E-002
   0.57000E-01  0.282216E-002
   0.58000E-01  0.287167E-002
   0.59000E-01  0.292118E-002
   0.60000E-01  0.297069E-002

          ***** ANSYS POST26 VARIABLE LISTING *****


    TIME         39 EPELX   
                  EPELX_7 
   0.61000E-01  0.302020E-002
   0.62000E-01  0.306971E-002
   0.63000E-01  0.311923E-002
   0.64000E-01  0.316874E-002
   0.65000E-01  0.321825E-002
   0.66000E-01  0.326776E-002
   0.67000E-01  0.331727E-002
   0.68000E-01  0.336678E-002
   0.69000E-01  0.341629E-002
   0.70000E-01  0.346581E-002
   0.71000E-01  0.351532E-002
   0.72000E-01  0.356483E-002
   0.73000E-01  0.361434E-002
   0.74000E-01  0.366385E-002
   0.75000E-01  0.371336E-002
   0.76000E-01  0.376288E-002
   0.77000E-01  0.381239E-002
   0.78000E-01  0.386190E-002
   0.79000E-01  0.391141E-002
   0.80000E-01  0.396092E-002

          ***** ANSYS POST26 VARIABLE LISTING *****


    TIME         39 EPELX   
                  EPELX_7 
   0.81000E-01  0.401043E-002
   0.82000E-01  0.405994E-002
   0.83000E-01  0.410946E-002
   0.84000E-01  0.415897E-002
   0.85000E-01  0.420848E-002
   0.86000E-01  0.425799E-002
   0.87000E-01  0.430750E-002
   0.88000E-01  0.435701E-002
   0.89000E-01  0.440653E-002
   0.90000E-01  0.445604E-002
   0.91000E-01  0.450555E-002
   0.92000E-01  0.455506E-002
   0.93000E-01  0.460457E-002
   0.94000E-01  0.465408E-002
   0.95000E-01  0.470359E-002
   0.96000E-01  0.475311E-002
   0.97000E-01  0.480262E-002
   0.98000E-01  0.485213E-002
   0.99000E-01  0.490164E-002
   0.10000      0.495115E-002

          ***** ANSYS POST26 VARIABLE LISTING *****


    TIME         39 EPELX   
                  EPELX_7 
   0.10100      0.500066E-002
   0.10200      0.505018E-002
   0.10300      0.509969E-002
   0.10400      0.514920E-002
   0.10500      0.519871E-002
   0.10600      0.524822E-002
   0.10700      0.529773E-002
   0.10800      0.534724E-002
   0.10900      0.539676E-002
   0.11000      0.544627E-002
   0.11100      0.549578E-002
   0.11200      0.554529E-002
   0.11300      0.559480E-002
   0.11400      0.564431E-002
   0.11500      0.569382E-002
   0.11600      0.574334E-002
   0.11700      0.579285E-002
   0.11800      0.584236E-002
   0.11900      0.589187E-002
   0.12000      0.594138E-002

          ***** ANSYS POST26 VARIABLE LISTING *****


    TIME         39 EPELX   
                  EPELX_7 
   0.12100      0.599089E-002
   0.12200      0.604041E-002
   0.12300      0.608992E-002
   0.12400      0.613943E-002
   0.12500      0.618894E-002
   0.12600      0.623845E-002
   0.12700      0.628796E-002
   0.12800      0.633747E-002
   0.12900      0.638699E-002
   0.13000      0.643650E-002
   0.13100      0.648601E-002
   0.13200      0.653552E-002
   0.13300      0.658503E-002
   0.13400      0.663454E-002
   0.13500      0.668406E-002
   0.13600      0.673357E-002
   0.13700      0.678308E-002
   0.13800      0.683259E-002
   0.13900      0.688210E-002
   0.14000      0.693161E-002

          ***** ANSYS POST26 VARIABLE LISTING *****


    TIME         39 EPELX   
                  EPELX_7 
   0.14100      0.698112E-002
   0.14200      0.703064E-002
   0.14300      0.708015E-002
   0.14400      0.712966E-002
   0.14500      0.717917E-002
   0.14600      0.722868E-002
   0.14700      0.727819E-002
   0.14800      0.732771E-002
   0.14900      0.737722E-002
   0.15000      0.742673E-002
   0.15100      0.747624E-002
   0.15200      0.752575E-002
   0.15300      0.757526E-002
   0.15400      0.762477E-002
   0.15500      0.767429E-002
   0.15600      0.772380E-002
   0.15700      0.777331E-002
   0.15800      0.782282E-002
   0.15900      0.787233E-002
   0.16000      0.792184E-002

          ***** ANSYS POST26 VARIABLE LISTING *****


    TIME         39 EPELX   
                  EPELX_7 
   0.16100      0.797135E-002
   0.16200      0.802087E-002
   0.16300      0.807038E-002
   0.16400      0.811989E-002
   0.16500      0.816940E-002
   0.16600      0.821891E-002
   0.16700      0.826842E-002
   0.16800      0.831794E-002
   0.16900      0.836745E-002
   0.17000      0.841696E-002
   0.17100      0.846647E-002
   0.17200      0.851598E-002
   0.17300      0.856549E-002
   0.17400      0.861500E-002
   0.17500      0.866452E-002
   0.17600      0.871403E-002
   0.17700      0.876354E-002
   0.17800      0.881305E-002
   0.17900      0.886256E-002
   0.18000      0.891207E-002

          ***** ANSYS POST26 VARIABLE LISTING *****


    TIME         39 EPELX   
                  EPELX_7 
   0.18100      0.896159E-002
   0.18200      0.901110E-002
   0.18300      0.906061E-002
   0.18400      0.911012E-002
   0.18500      0.915963E-002
   0.18600      0.920914E-002
   0.18700      0.925865E-002
   0.18800      0.930817E-002
   0.18900      0.935768E-002
   0.19000      0.940719E-002
   0.19100      0.945670E-002
   0.19200      0.952560E-002
   0.19300      0.961015E-002
   0.19400      0.969422E-002
   0.19445      0.961342E-002
   0.19490      0.993922E-002
   0.19558      0.120968E-001
   0.19658      0.126895E-001
   0.19758      0.128458E-001
   0.19858      0.129708E-001

          ***** ANSYS POST26 VARIABLE LISTING *****


    TIME         39 EPELX   
                  EPELX_7 
   0.19958      0.131330E-001
   0.20058      0.133325E-001
   0.20158      0.135264E-001
   0.20258      0.137063E-001
   0.20358      0.138764E-001
   0.20458      0.140408E-001
   0.20558      0.142011E-001
   0.20658      0.143573E-001
   0.20758      0.145098E-001
   0.20858      0.146587E-001
   0.20958      0.148046E-001
   0.21058      0.149476E-001
   0.21158      0.152284E-001
   0.21258      0.155651E-001
   0.21358      0.158960E-001
   0.21458      0.162004E-001
   0.21558      0.181277E-001
   0.21658      0.205049E-001
   0.21758      0.220883E-001
   0.21858      0.228514E-001

          ***** ANSYS POST26 VARIABLE LISTING *****


    TIME         39 EPELX   
                  EPELX_7 
   0.21958      0.231532E-001
   0.22058      0.234925E-001
   0.22158      0.239313E-001
   0.22178      0.232119E-001
    1.0000      0.140139     

