
          ***** ANSYS POST26 VARIABLE LISTING *****


    TIME          2 EPELX   
                  EPELX_5 
   0.10000E-02  0.850682E-004
   0.20000E-02  0.170136E-003
   0.30000E-02  0.255204E-003
   0.40000E-02  0.340273E-003
   0.50000E-02  0.425341E-003
   0.60000E-02  0.510409E-003
   0.70000E-02  0.595477E-003
   0.80000E-02  0.680545E-003
   0.90000E-02  0.765613E-003
   0.10000E-01  0.850682E-003
   0.11000E-01  0.935750E-003
   0.12000E-01  0.102082E-002
   0.13000E-01  0.110589E-002
   0.14000E-01  0.119095E-002
   0.15000E-01  0.127602E-002
   0.16000E-01  0.136109E-002
   0.17000E-01  0.144616E-002
   0.18000E-01  0.153123E-002
   0.19000E-01  0.161629E-002
   0.20000E-01  0.170136E-002

          ***** ANSYS POST26 VARIABLE LISTING *****


    TIME          2 EPELX   
                  EPELX_5 
   0.21000E-01  0.178643E-002
   0.22000E-01  0.187150E-002
   0.23000E-01  0.195657E-002
   0.24000E-01  0.204164E-002
   0.25000E-01  0.212670E-002
   0.26000E-01  0.221177E-002
   0.27000E-01  0.229684E-002
   0.28000E-01  0.238191E-002
   0.29000E-01  0.246698E-002
   0.30000E-01  0.255204E-002
   0.31000E-01  0.263711E-002
   0.32000E-01  0.272218E-002
   0.33000E-01  0.280725E-002
   0.34000E-01  0.289232E-002
   0.35000E-01  0.297739E-002
   0.36000E-01  0.306245E-002
   0.37000E-01  0.314752E-002
   0.38000E-01  0.323259E-002
   0.39000E-01  0.331766E-002
   0.40000E-01  0.340273E-002

          ***** ANSYS POST26 VARIABLE LISTING *****


    TIME          2 EPELX   
                  EPELX_5 
   0.41000E-01  0.348779E-002
   0.42000E-01  0.357286E-002
   0.43000E-01  0.365793E-002
   0.44000E-01  0.374300E-002
   0.45000E-01  0.382807E-002
   0.46000E-01  0.391314E-002
   0.47000E-01  0.399820E-002
   0.48000E-01  0.408327E-002
   0.49000E-01  0.416834E-002
   0.50000E-01  0.425341E-002
   0.51000E-01  0.433848E-002
   0.52000E-01  0.442354E-002
   0.53000E-01  0.450861E-002
   0.54000E-01  0.459368E-002
   0.55000E-01  0.467875E-002
   0.56000E-01  0.476382E-002
   0.57000E-01  0.484888E-002
   0.58000E-01  0.493395E-002
   0.59000E-01  0.501902E-002
   0.60000E-01  0.510409E-002

          ***** ANSYS POST26 VARIABLE LISTING *****


    TIME          2 EPELX   
                  EPELX_5 
   0.61000E-01  0.518916E-002
   0.62000E-01  0.527423E-002
   0.63000E-01  0.535929E-002
   0.64000E-01  0.544436E-002
   0.65000E-01  0.552943E-002
   0.66000E-01  0.561450E-002
   0.67000E-01  0.569957E-002
   0.68000E-01  0.578463E-002
   0.69000E-01  0.586970E-002
   0.70000E-01  0.595477E-002
   0.71000E-01  0.603984E-002
   0.72000E-01  0.612491E-002
   0.73000E-01  0.620998E-002
   0.74000E-01  0.629504E-002
   0.75000E-01  0.638011E-002
   0.76000E-01  0.646518E-002
   0.77000E-01  0.655025E-002
   0.78000E-01  0.663532E-002
   0.79000E-01  0.672038E-002
   0.80000E-01  0.680545E-002

          ***** ANSYS POST26 VARIABLE LISTING *****


    TIME          2 EPELX   
                  EPELX_5 
   0.81000E-01  0.689052E-002
   0.82000E-01  0.697559E-002
   0.83000E-01  0.706066E-002
   0.84000E-01  0.714572E-002
   0.85000E-01  0.723079E-002
   0.86000E-01  0.731586E-002
   0.87000E-01  0.740093E-002
   0.88000E-01  0.748600E-002
   0.89000E-01  0.757107E-002
   0.90000E-01  0.765613E-002
   0.91000E-01  0.774120E-002
   0.92000E-01  0.782627E-002
   0.93000E-01  0.791134E-002
   0.94000E-01  0.799641E-002
   0.95000E-01  0.808147E-002
   0.96000E-01  0.816654E-002
   0.97000E-01  0.825161E-002
   0.98000E-01  0.833668E-002
   0.99000E-01  0.842175E-002
   0.10000      0.850681E-002

          ***** ANSYS POST26 VARIABLE LISTING *****


    TIME          2 EPELX   
                  EPELX_5 
   0.10100      0.859188E-002
   0.10200      0.867695E-002
   0.10300      0.876202E-002
   0.10400      0.884709E-002
   0.10500      0.893216E-002
   0.10600      0.901722E-002
   0.10700      0.910229E-002
   0.10800      0.918736E-002
   0.10900      0.927243E-002
   0.11000      0.935750E-002
   0.11100      0.944257E-002
   0.11200      0.952763E-002
   0.11300      0.961270E-002
   0.11400      0.969777E-002
   0.11500      0.978284E-002
   0.11600      0.986791E-002
   0.11700      0.995297E-002
   0.11800      0.100380E-001
   0.11900      0.101231E-001
   0.12000      0.102082E-001

          ***** ANSYS POST26 VARIABLE LISTING *****


    TIME          2 EPELX   
                  EPELX_5 
   0.12100      0.102932E-001
   0.12200      0.103783E-001
   0.12300      0.104634E-001
   0.12400      0.105485E-001
   0.12500      0.106335E-001
   0.12600      0.107186E-001
   0.12700      0.108037E-001
   0.12800      0.108887E-001
   0.12900      0.109738E-001
   0.13000      0.110589E-001
   0.13100      0.111439E-001
   0.13200      0.112290E-001
   0.13300      0.113141E-001
   0.13400      0.113991E-001
   0.13500      0.114842E-001
   0.13600      0.115693E-001
   0.13700      0.116543E-001
   0.13800      0.117394E-001
   0.13900      0.118245E-001
   0.14000      0.119095E-001

          ***** ANSYS POST26 VARIABLE LISTING *****


    TIME          2 EPELX   
                  EPELX_5 
   0.14100      0.119946E-001
   0.14200      0.120797E-001
   0.14300      0.121647E-001
   0.14400      0.122498E-001
   0.14500      0.123349E-001
   0.14600      0.124200E-001
   0.14700      0.125050E-001
   0.14800      0.125901E-001
   0.14900      0.126752E-001
   0.15000      0.127602E-001
   0.15100      0.128453E-001
   0.15200      0.129304E-001
   0.15300      0.130154E-001
   0.15400      0.131005E-001
   0.15500      0.131856E-001
   0.15600      0.132706E-001
   0.15700      0.133557E-001
   0.15800      0.134408E-001
   0.15900      0.135258E-001
   0.16000      0.136109E-001

          ***** ANSYS POST26 VARIABLE LISTING *****


    TIME          2 EPELX   
                  EPELX_5 
   0.16100      0.136960E-001
   0.16200      0.137810E-001
   0.16300      0.138661E-001
   0.16400      0.139512E-001
   0.16500      0.140362E-001
   0.16600      0.141213E-001
   0.16700      0.142064E-001
   0.16800      0.142914E-001
   0.16900      0.143765E-001
   0.17000      0.144616E-001
   0.17100      0.145467E-001
   0.17200      0.146317E-001
   0.17300      0.147168E-001
   0.17400      0.148019E-001
   0.17500      0.148869E-001
   0.17600      0.149720E-001
   0.17700      0.150571E-001
   0.17800      0.151421E-001
   0.17900      0.152272E-001
   0.18000      0.153123E-001

          ***** ANSYS POST26 VARIABLE LISTING *****


    TIME          2 EPELX   
                  EPELX_5 
   0.18100      0.153973E-001
   0.18200      0.154824E-001
   0.18300      0.155675E-001
   0.18400      0.156525E-001
   0.18500      0.157376E-001
   0.18600      0.158227E-001
   0.18700      0.159077E-001
   0.18800      0.159928E-001
   0.18900      0.160779E-001
   0.19000      0.161629E-001
   0.19100      0.162480E-001
   0.19200      0.163946E-001
   0.19300      0.165912E-001
   0.19400      0.167864E-001
   0.19445      0.165359E-001
   0.19490      0.174979E-001
   0.19558      0.241603E-001
   0.19658      0.260123E-001
   0.19758      0.264746E-001
   0.19858      0.267308E-001

          ***** ANSYS POST26 VARIABLE LISTING *****


    TIME          2 EPELX   
                  EPELX_5 
   0.19958      0.271510E-001
   0.20058      0.277107E-001
   0.20158      0.282595E-001
   0.20258      0.287588E-001
   0.20358      0.292239E-001
   0.20458      0.296713E-001
   0.20558      0.301063E-001
   0.20658      0.305288E-001
   0.20758      0.309393E-001
   0.20858      0.313388E-001
   0.20958      0.317285E-001
   0.21058      0.321094E-001
   0.21158      0.326915E-001
   0.21258      0.333716E-001
   0.21358      0.340367E-001
   0.21458      0.346444E-001
   0.21558      0.379740E-001
   0.21658      0.411071E-001
   0.21758      0.436413E-001
   0.21858      0.447923E-001

          ***** ANSYS POST26 VARIABLE LISTING *****


    TIME          2 EPELX   
                  EPELX_5 
   0.21958      0.452165E-001
   0.22058      0.456737E-001
   0.22158      0.463215E-001
   0.22178      0.457418E-001
    1.0000      0.146112     

