
          ***** ANSYS POST26 VARIABLE LISTING *****


    TIME         39 S   X   
                  SX_6    
   0.10000E-02  0.276677E+007
   0.20000E-02  0.553353E+007
   0.30000E-02  0.830030E+007
   0.40000E-02  0.110671E+008
   0.50000E-02  0.138338E+008
   0.60000E-02  0.166006E+008
   0.70000E-02  0.193674E+008
   0.80000E-02  0.221341E+008
   0.90000E-02  0.249009E+008
   0.10000E-01  0.276677E+008
   0.11000E-01  0.304344E+008
   0.12000E-01  0.332012E+008
   0.13000E-01  0.359680E+008
   0.14000E-01  0.387347E+008
   0.15000E-01  0.415015E+008
   0.16000E-01  0.442683E+008
   0.17000E-01  0.470350E+008
   0.18000E-01  0.498018E+008
   0.19000E-01  0.525686E+008
   0.20000E-01  0.553353E+008

          ***** ANSYS POST26 VARIABLE LISTING *****


    TIME         39 S   X   
                  SX_6    
   0.21000E-01  0.581021E+008
   0.22000E-01  0.608689E+008
   0.23000E-01  0.636356E+008
   0.24000E-01  0.664024E+008
   0.25000E-01  0.691692E+008
   0.26000E-01  0.719359E+008
   0.27000E-01  0.747027E+008
   0.28000E-01  0.774694E+008
   0.29000E-01  0.802362E+008
   0.30000E-01  0.830030E+008
   0.31000E-01  0.857697E+008
   0.32000E-01  0.885365E+008
   0.33000E-01  0.913033E+008
   0.34000E-01  0.940700E+008
   0.35000E-01  0.968368E+008
   0.36000E-01  0.996036E+008
   0.37000E-01  0.102370E+009
   0.38000E-01  0.105137E+009
   0.39000E-01  0.107904E+009
   0.40000E-01  0.110671E+009

          ***** ANSYS POST26 VARIABLE LISTING *****


    TIME         39 S   X   
                  SX_6    
   0.41000E-01  0.113437E+009
   0.42000E-01  0.116204E+009
   0.43000E-01  0.118971E+009
   0.44000E-01  0.121738E+009
   0.45000E-01  0.124504E+009
   0.46000E-01  0.127271E+009
   0.47000E-01  0.130038E+009
   0.48000E-01  0.132805E+009
   0.49000E-01  0.135572E+009
   0.50000E-01  0.138338E+009
   0.51000E-01  0.141105E+009
   0.52000E-01  0.143872E+009
   0.53000E-01  0.146639E+009
   0.54000E-01  0.149405E+009
   0.55000E-01  0.152172E+009
   0.56000E-01  0.154939E+009
   0.57000E-01  0.157706E+009
   0.58000E-01  0.160472E+009
   0.59000E-01  0.163239E+009
   0.60000E-01  0.166006E+009

          ***** ANSYS POST26 VARIABLE LISTING *****


    TIME         39 S   X   
                  SX_6    
   0.61000E-01  0.168773E+009
   0.62000E-01  0.171539E+009
   0.63000E-01  0.174306E+009
   0.64000E-01  0.177073E+009
   0.65000E-01  0.179840E+009
   0.66000E-01  0.182607E+009
   0.67000E-01  0.185373E+009
   0.68000E-01  0.188140E+009
   0.69000E-01  0.190907E+009
   0.70000E-01  0.193674E+009
   0.71000E-01  0.196440E+009
   0.72000E-01  0.199207E+009
   0.73000E-01  0.201974E+009
   0.74000E-01  0.204741E+009
   0.75000E-01  0.207507E+009
   0.76000E-01  0.210274E+009
   0.77000E-01  0.213041E+009
   0.78000E-01  0.215808E+009
   0.79000E-01  0.218575E+009
   0.80000E-01  0.221341E+009

          ***** ANSYS POST26 VARIABLE LISTING *****


    TIME         39 S   X   
                  SX_6    
   0.81000E-01  0.224108E+009
   0.82000E-01  0.226875E+009
   0.83000E-01  0.229642E+009
   0.84000E-01  0.232408E+009
   0.85000E-01  0.235175E+009
   0.86000E-01  0.237942E+009
   0.87000E-01  0.240709E+009
   0.88000E-01  0.243475E+009
   0.89000E-01  0.246242E+009
   0.90000E-01  0.249009E+009
   0.91000E-01  0.251776E+009
   0.92000E-01  0.254542E+009
   0.93000E-01  0.257309E+009
   0.94000E-01  0.260076E+009
   0.95000E-01  0.262843E+009
   0.96000E-01  0.265610E+009
   0.97000E-01  0.268376E+009
   0.98000E-01  0.271143E+009
   0.99000E-01  0.273910E+009
   0.10000      0.276677E+009

          ***** ANSYS POST26 VARIABLE LISTING *****


    TIME         39 S   X   
                  SX_6    
   0.10100      0.279443E+009
   0.10200      0.282210E+009
   0.10300      0.284977E+009
   0.10400      0.287744E+009
   0.10500      0.290510E+009
   0.10600      0.293277E+009
   0.10700      0.296044E+009
   0.10800      0.298811E+009
   0.10900      0.301578E+009
   0.11000      0.304344E+009
   0.11100      0.307111E+009
   0.11200      0.309878E+009
   0.11300      0.312645E+009
   0.11400      0.315411E+009
   0.11500      0.318178E+009
   0.11600      0.320945E+009
   0.11700      0.323712E+009
   0.11800      0.326478E+009
   0.11900      0.329245E+009
   0.12000      0.332012E+009

          ***** ANSYS POST26 VARIABLE LISTING *****


    TIME         39 S   X   
                  SX_6    
   0.12100      0.334779E+009
   0.12200      0.337545E+009
   0.12300      0.340312E+009
   0.12400      0.343079E+009
   0.12500      0.345846E+009
   0.12600      0.348613E+009
   0.12700      0.351379E+009
   0.12800      0.354146E+009
   0.12900      0.356913E+009
   0.13000      0.359680E+009
   0.13100      0.362446E+009
   0.13200      0.365213E+009
   0.13300      0.367980E+009
   0.13400      0.370747E+009
   0.13500      0.373513E+009
   0.13600      0.376280E+009
   0.13700      0.379047E+009
   0.13800      0.381814E+009
   0.13900      0.384580E+009
   0.14000      0.387347E+009

          ***** ANSYS POST26 VARIABLE LISTING *****


    TIME         39 S   X   
                  SX_6    
   0.14100      0.390114E+009
   0.14200      0.392881E+009
   0.14300      0.395648E+009
   0.14400      0.398414E+009
   0.14500      0.401181E+009
   0.14600      0.403948E+009
   0.14700      0.406715E+009
   0.14800      0.409481E+009
   0.14900      0.412248E+009
   0.15000      0.415015E+009
   0.15100      0.417782E+009
   0.15200      0.420548E+009
   0.15300      0.423315E+009
   0.15400      0.426082E+009
   0.15500      0.428849E+009
   0.15600      0.431615E+009
   0.15700      0.434382E+009
   0.15800      0.437149E+009
   0.15900      0.439916E+009
   0.16000      0.442683E+009

          ***** ANSYS POST26 VARIABLE LISTING *****


    TIME         39 S   X   
                  SX_6    
   0.16100      0.445449E+009
   0.16200      0.448216E+009
   0.16300      0.450983E+009
   0.16400      0.453750E+009
   0.16500      0.456516E+009
   0.16600      0.459283E+009
   0.16700      0.462050E+009
   0.16800      0.464817E+009
   0.16900      0.467583E+009
   0.17000      0.470350E+009
   0.17100      0.473117E+009
   0.17200      0.475884E+009
   0.17300      0.478651E+009
   0.17400      0.481417E+009
   0.17500      0.484184E+009
   0.17600      0.486951E+009
   0.17700      0.489718E+009
   0.17800      0.492484E+009
   0.17900      0.495251E+009
   0.18000      0.498018E+009

          ***** ANSYS POST26 VARIABLE LISTING *****


    TIME         39 S   X   
                  SX_6    
   0.18100      0.500785E+009
   0.18200      0.503551E+009
   0.18300      0.506318E+009
   0.18400      0.509085E+009
   0.18500      0.511852E+009
   0.18600      0.514618E+009
   0.18700      0.517385E+009
   0.18800      0.520152E+009
   0.18900      0.522919E+009
   0.19000      0.525686E+009
   0.19100      0.528452E+009
   0.19200      0.532304E+009
   0.19300      0.537033E+009
   0.19400      0.541735E+009
   0.19445      0.537216E+009
   0.19490      0.555442E+009
   0.19558      0.676397E+009
   0.19658      0.709655E+009
   0.19758      0.718424E+009
   0.19858      0.725397E+009

          ***** ANSYS POST26 VARIABLE LISTING *****


    TIME         39 S   X   
                  SX_6    
   0.19958      0.734474E+009
   0.20058      0.745651E+009
   0.20158      0.756524E+009
   0.20258      0.766601E+009
   0.20358      0.776130E+009
   0.20458      0.785342E+009
   0.20558      0.794323E+009
   0.20658      0.803077E+009
   0.20758      0.811617E+009
   0.20858      0.819961E+009
   0.20958      0.828131E+009
   0.21058      0.836144E+009
   0.21158      0.851854E+009
   0.21258      0.870697E+009
   0.21358      0.889209E+009
   0.21458      0.906245E+009
   0.21558      0.811908E+009
   0.21658      0.701644E+009
   0.21758      0.636626E+009
   0.21858      0.607477E+009

          ***** ANSYS POST26 VARIABLE LISTING *****


    TIME         39 S   X   
                  SX_6    
   0.21958      0.596322E+009
   0.22058      0.584022E+009
   0.22158      0.568492E+009
   0.22178      0.551424E+009
    1.0000       456125.     

