
          ***** ANSYS POST26 VARIABLE LISTING *****


    TIME          2 S   X   
                  SX_4    
   0.10000E-02  0.475362E+007
   0.20000E-02  0.950725E+007
   0.30000E-02  0.142609E+008
   0.40000E-02  0.190145E+008
   0.50000E-02  0.237681E+008
   0.60000E-02  0.285217E+008
   0.70000E-02  0.332754E+008
   0.80000E-02  0.380290E+008
   0.90000E-02  0.427826E+008
   0.10000E-01  0.475362E+008
   0.11000E-01  0.522899E+008
   0.12000E-01  0.570435E+008
   0.13000E-01  0.617971E+008
   0.14000E-01  0.665507E+008
   0.15000E-01  0.713044E+008
   0.16000E-01  0.760580E+008
   0.17000E-01  0.808116E+008
   0.18000E-01  0.855652E+008
   0.19000E-01  0.903189E+008
   0.20000E-01  0.950725E+008

          ***** ANSYS POST26 VARIABLE LISTING *****


    TIME          2 S   X   
                  SX_4    
   0.21000E-01  0.998261E+008
   0.22000E-01  0.104580E+009
   0.23000E-01  0.109333E+009
   0.24000E-01  0.114087E+009
   0.25000E-01  0.118841E+009
   0.26000E-01  0.123594E+009
   0.27000E-01  0.128348E+009
   0.28000E-01  0.133101E+009
   0.29000E-01  0.137855E+009
   0.30000E-01  0.142609E+009
   0.31000E-01  0.147362E+009
   0.32000E-01  0.152116E+009
   0.33000E-01  0.156870E+009
   0.34000E-01  0.161623E+009
   0.35000E-01  0.166377E+009
   0.36000E-01  0.171130E+009
   0.37000E-01  0.175884E+009
   0.38000E-01  0.180638E+009
   0.39000E-01  0.185391E+009
   0.40000E-01  0.190145E+009

          ***** ANSYS POST26 VARIABLE LISTING *****


    TIME          2 S   X   
                  SX_4    
   0.41000E-01  0.194899E+009
   0.42000E-01  0.199652E+009
   0.43000E-01  0.204406E+009
   0.44000E-01  0.209159E+009
   0.45000E-01  0.213913E+009
   0.46000E-01  0.218667E+009
   0.47000E-01  0.223420E+009
   0.48000E-01  0.228174E+009
   0.49000E-01  0.232928E+009
   0.50000E-01  0.237681E+009
   0.51000E-01  0.242435E+009
   0.52000E-01  0.247188E+009
   0.53000E-01  0.251942E+009
   0.54000E-01  0.256696E+009
   0.55000E-01  0.261449E+009
   0.56000E-01  0.266203E+009
   0.57000E-01  0.270957E+009
   0.58000E-01  0.275710E+009
   0.59000E-01  0.280464E+009
   0.60000E-01  0.285217E+009

          ***** ANSYS POST26 VARIABLE LISTING *****


    TIME          2 S   X   
                  SX_4    
   0.61000E-01  0.289971E+009
   0.62000E-01  0.294725E+009
   0.63000E-01  0.299478E+009
   0.64000E-01  0.304232E+009
   0.65000E-01  0.308986E+009
   0.66000E-01  0.313739E+009
   0.67000E-01  0.318493E+009
   0.68000E-01  0.323246E+009
   0.69000E-01  0.328000E+009
   0.70000E-01  0.332754E+009
   0.71000E-01  0.337507E+009
   0.72000E-01  0.342261E+009
   0.73000E-01  0.347015E+009
   0.74000E-01  0.351768E+009
   0.75000E-01  0.356522E+009
   0.76000E-01  0.361275E+009
   0.77000E-01  0.366029E+009
   0.78000E-01  0.370783E+009
   0.79000E-01  0.375536E+009
   0.80000E-01  0.380290E+009

          ***** ANSYS POST26 VARIABLE LISTING *****


    TIME          2 S   X   
                  SX_4    
   0.81000E-01  0.385044E+009
   0.82000E-01  0.389797E+009
   0.83000E-01  0.394551E+009
   0.84000E-01  0.399304E+009
   0.85000E-01  0.404058E+009
   0.86000E-01  0.408812E+009
   0.87000E-01  0.413565E+009
   0.88000E-01  0.418319E+009
   0.89000E-01  0.423073E+009
   0.90000E-01  0.427826E+009
   0.91000E-01  0.432580E+009
   0.92000E-01  0.437333E+009
   0.93000E-01  0.442087E+009
   0.94000E-01  0.446841E+009
   0.95000E-01  0.451594E+009
   0.96000E-01  0.456348E+009
   0.97000E-01  0.461102E+009
   0.98000E-01  0.465855E+009
   0.99000E-01  0.470609E+009
   0.10000      0.475362E+009

          ***** ANSYS POST26 VARIABLE LISTING *****


    TIME          2 S   X   
                  SX_4    
   0.10100      0.480116E+009
   0.10200      0.484870E+009
   0.10300      0.489623E+009
   0.10400      0.494377E+009
   0.10500      0.499131E+009
   0.10600      0.503884E+009
   0.10700      0.508638E+009
   0.10800      0.513391E+009
   0.10900      0.518145E+009
   0.11000      0.522899E+009
   0.11100      0.527652E+009
   0.11200      0.532406E+009
   0.11300      0.537160E+009
   0.11400      0.541913E+009
   0.11500      0.546667E+009
   0.11600      0.551420E+009
   0.11700      0.556174E+009
   0.11800      0.560928E+009
   0.11900      0.565681E+009
   0.12000      0.570435E+009

          ***** ANSYS POST26 VARIABLE LISTING *****


    TIME          2 S   X   
                  SX_4    
   0.12100      0.575189E+009
   0.12200      0.579942E+009
   0.12300      0.584696E+009
   0.12400      0.589449E+009
   0.12500      0.594203E+009
   0.12600      0.598957E+009
   0.12700      0.603710E+009
   0.12800      0.608464E+009
   0.12900      0.613218E+009
   0.13000      0.617971E+009
   0.13100      0.622725E+009
   0.13200      0.627478E+009
   0.13300      0.632232E+009
   0.13400      0.636986E+009
   0.13500      0.641739E+009
   0.13600      0.646493E+009
   0.13700      0.651247E+009
   0.13800      0.656000E+009
   0.13900      0.660754E+009
   0.14000      0.665507E+009

          ***** ANSYS POST26 VARIABLE LISTING *****


    TIME          2 S   X   
                  SX_4    
   0.14100      0.670261E+009
   0.14200      0.675015E+009
   0.14300      0.679768E+009
   0.14400      0.684522E+009
   0.14500      0.689276E+009
   0.14600      0.694029E+009
   0.14700      0.698783E+009
   0.14800      0.703536E+009
   0.14900      0.708290E+009
   0.15000      0.713044E+009
   0.15100      0.717797E+009
   0.15200      0.722551E+009
   0.15300      0.727305E+009
   0.15400      0.732058E+009
   0.15500      0.736812E+009
   0.15600      0.741565E+009
   0.15700      0.746319E+009
   0.15800      0.751073E+009
   0.15900      0.755826E+009
   0.16000      0.760580E+009

          ***** ANSYS POST26 VARIABLE LISTING *****


    TIME          2 S   X   
                  SX_4    
   0.16100      0.765334E+009
   0.16200      0.770087E+009
   0.16300      0.774841E+009
   0.16400      0.779594E+009
   0.16500      0.784348E+009
   0.16600      0.789102E+009
   0.16700      0.793855E+009
   0.16800      0.798609E+009
   0.16900      0.803362E+009
   0.17000      0.808116E+009
   0.17100      0.812870E+009
   0.17200      0.817623E+009
   0.17300      0.822377E+009
   0.17400      0.827131E+009
   0.17500      0.831884E+009
   0.17600      0.836638E+009
   0.17700      0.841391E+009
   0.17800      0.846145E+009
   0.17900      0.850899E+009
   0.18000      0.855652E+009

          ***** ANSYS POST26 VARIABLE LISTING *****


    TIME          2 S   X   
                  SX_4    
   0.18100      0.860406E+009
   0.18200      0.865160E+009
   0.18300      0.869913E+009
   0.18400      0.874667E+009
   0.18500      0.879420E+009
   0.18600      0.884174E+009
   0.18700      0.888928E+009
   0.18800      0.893681E+009
   0.18900      0.898435E+009
   0.19000      0.903189E+009
   0.19100      0.907942E+009
   0.19200      0.904080E+009
   0.19300      0.893235E+009
   0.19400      0.882602E+009
   0.19445      0.869379E+009
   0.19490      0.844788E+009
   0.19558      0.561526E+009
   0.19658      0.501356E+009
   0.19758      0.487401E+009
   0.19858      0.479705E+009

          ***** ANSYS POST26 VARIABLE LISTING *****


    TIME          2 S   X   
                  SX_4    
   0.19958      0.467474E+009
   0.20058      0.451708E+009
   0.20158      0.436772E+009
   0.20258      0.423608E+009
   0.20358      0.411699E+009
   0.20458      0.400558E+009
   0.20558      0.390017E+009
   0.20658      0.380043E+009
   0.20758      0.370599E+009
   0.20858      0.361632E+009
   0.20958      0.353094E+009
   0.21058      0.344944E+009
   0.21158      0.332838E+009
   0.21258      0.319258E+009
   0.21358      0.306511E+009
   0.21458      0.295308E+009
   0.21558      0.240609E+009
   0.21658      0.198769E+009
   0.21758      0.170222E+009
   0.21858      0.158643E+009

          ***** ANSYS POST26 VARIABLE LISTING *****


    TIME          2 S   X   
                  SX_4    
   0.21958      0.154558E+009
   0.22058      0.150270E+009
   0.22158      0.144417E+009
   0.22178      0.142602E+009
    1.0000       318560.     

