
         


    
         0		0        
   0.20000E-02  0.192177E+008
   0.40000E-02  0.384354E+008
   0.60000E-02  0.576530E+008
   0.80000E-02  0.768707E+008
   0.10000E-01  0.960884E+008
   0.12000E-01  0.115306E+009
   0.14000E-01  0.134524E+009
   0.16000E-01  0.153741E+009
   0.18000E-01  0.172959E+009
   0.20000E-01  0.192177E+009
   0.22000E-01  0.211394E+009
   0.24000E-01  0.230612E+009
   0.26000E-01  0.249830E+009
   0.28000E-01  0.269047E+009
   0.30000E-01  0.288265E+009
   0.32000E-01  0.307483E+009
   0.34000E-01  0.326701E+009
   0.36000E-01  0.345918E+009
   0.38000E-01  0.365136E+009
   0.40000E-01  0.384354E+009

         


    
                 
   0.42000E-01  0.403571E+009
   0.44000E-01  0.422789E+009
   0.46000E-01  0.442007E+009
   0.48000E-01  0.461224E+009
   0.50000E-01  0.480442E+009
   0.52000E-01  0.499660E+009
   0.54000E-01  0.518877E+009
   0.56000E-01  0.538095E+009
   0.58000E-01  0.557313E+009
   0.60000E-01  0.576530E+009
   0.62000E-01  0.595748E+009
   0.64000E-01  0.614966E+009
   0.66000E-01  0.634183E+009
   0.68000E-01  0.653401E+009
   0.70000E-01  0.672619E+009
   0.72000E-01  0.691836E+009
   0.74000E-01  0.711054E+009
   0.76000E-01  0.730272E+009
   0.78000E-01  0.749489E+009
   0.80000E-01  0.768707E+009

         


    
                 
   0.82000E-01  0.787925E+009
   0.84000E-01  0.807143E+009
   0.86000E-01  0.826360E+009
   0.88000E-01  0.848370E+009
   0.90000E-01  0.876214E+009
   0.92000E-01  0.886206E+009
   0.94000E-01  0.880893E+009
   0.96000E-01  0.875080E+009
   0.98000E-01  0.869434E+009
   0.10000      0.864053E+009
   0.10200      0.858791E+009
   0.10400      0.853524E+009
   0.10600      0.848231E+009
   0.10800      0.842938E+009
   0.11000      0.837666E+009
   0.11200      0.832420E+009
   0.11400      0.827199E+009
   0.11600      0.822002E+009
   0.11800      0.816804E+009
   0.12000      0.810921E+009

         


    
                 
   0.12200      0.804561E+009
   0.12400      0.798079E+009
   0.12600      0.791818E+009
   0.12800      0.785741E+009
   0.13000      0.778994E+009
   0.13200      0.771811E+009
   0.13400      0.764410E+009
   0.13600      0.757147E+009
   0.13800      0.749904E+009
   0.14000      0.742636E+009
   0.14200      0.735455E+009
   0.14400      0.728395E+009
   0.14600      0.721396E+009
   0.14800      0.714279E+009
   0.15000      0.707062E+009
   0.15200      0.699905E+009
   0.15400      0.692819E+009
   0.15600      0.685798E+009
   0.15800      0.678907E+009
   0.16000      0.672105E+009

         


    
                 
   0.16200      0.665270E+009
   0.16400      0.658473E+009
   0.16600      0.651789E+009
   0.16800      0.644838E+009
   0.17000      0.637522E+009
   0.17200      0.629615E+009
   0.17400      0.621742E+009
   0.17600      0.613736E+009
   0.17800      0.606232E+009
   0.18000      0.598766E+009
   0.18200      0.591447E+009
   0.18400      0.584060E+009
   0.18600      0.576811E+009
   0.18800      0.569363E+009
   0.19000      0.561765E+009
   0.19200      0.554293E+009
   0.19400      0.546624E+009
   0.19600      0.538893E+009
   0.19800      0.530820E+009
   0.20000      0.522914E+009

         


    
                 
   0.20200      0.514927E+009
   0.20400      0.507218E+009
   0.20600      0.499659E+009
   0.20800      0.492247E+009
   0.21000      0.484952E+009
   0.21200      0.477764E+009
   0.21400      0.470688E+009
   0.21600      0.463361E+009
   0.21800      0.455325E+009
   0.22000      0.446745E+009
   0.22200      0.438311E+009
   0.22400      0.430287E+009
   0.22600      0.422586E+009
   0.22800      0.415292E+009
   0.23000      0.408130E+009
   0.23200      0.401010E+009
   0.23400      0.393791E+009
   0.23600      0.386442E+009
   0.23800      0.378826E+009
   0.24000      0.371349E+009

         


    
                 
   0.24200      0.363689E+009
   0.24400      0.356329E+009
   0.24600      0.349304E+009
   0.24800      0.342475E+009
   0.25000      0.335888E+009
   0.25200      0.329421E+009
   0.25400      0.323074E+009
   0.25600      0.316702E+009
   0.25800      0.310049E+009
   0.26000      0.303054E+009
   0.26200      0.296251E+009
   0.26400      0.289826E+009
   0.26600      0.283650E+009
   0.26800      0.277904E+009
   0.27000      0.272098E+009
   0.27200      0.266310E+009
   0.27400      0.260366E+009
   0.27600      0.254537E+009
   0.27800      0.248403E+009
   0.28000      0.242427E+009

         


    
                 
   0.28200      0.236831E+009
   0.28400      0.231454E+009
   0.28600      0.226384E+009
   0.28800      0.221429E+009
   0.29000      0.216634E+009
   0.29200      0.211493E+009
   0.29400      0.206446E+009
   0.29600      0.201337E+009
   0.29800      0.196396E+009
   0.30000      0.191835E+009
   0.30200      0.187489E+009
   0.30400      0.183199E+009
   0.30600      0.178949E+009
   0.30800      0.174569E+009
   0.31000      0.170082E+009
   0.31200      0.165699E+009
   0.31400      0.161498E+009
   0.31600      0.157513E+009
   0.31800      0.153744E+009
   0.32000      0.150188E+009

         


    
                 
   0.32200      0.146762E+009
   0.32400      0.143349E+009
   0.32600      0.139939E+009
   0.32800      0.136369E+009
   0.33000      0.132835E+009
   0.33200      0.129484E+009
   0.33400      0.126264E+009
   0.33600      0.123269E+009
   0.33800      0.120331E+009
   0.34000      0.117365E+009
   0.34200      0.114327E+009
   0.34400      0.111282E+009
   0.34600      0.108447E+009
   0.34800      0.105720E+009
   0.35000      0.103117E+009
   0.35200      0.100654E+009
   0.35400      0.982976E+008
   0.35600      0.959658E+008
   0.35800      0.934154E+008
   0.36000      0.910161E+008

         


    
                 
   0.36200      0.886678E+008
   0.36400      0.864483E+008
   0.36600      0.843297E+008
   0.36800      0.822476E+008
   0.37000      0.801928E+008
   0.37200      0.781286E+008
   0.37400      0.760457E+008
   0.37600      0.740103E+008
   0.37800      0.720841E+008
   0.38000      0.702639E+008
   0.38200      0.685180E+008
   0.38400      0.668625E+008
   0.38600      0.652553E+008
   0.38800      0.635716E+008
   0.39000      0.619260E+008
   0.39200      0.602921E+008
   0.39400      0.587188E+008
   0.39600      0.572312E+008
   0.39800      0.557936E+008
   0.40000      0.543892E+008

         


    
                 
   0.40200      0.529751E+008
   0.40400      0.515944E+008
   0.40600      0.502042E+008
   0.40800      0.488755E+008
   0.41000      0.476278E+008
   0.41200      0.464484E+008
   0.41400      0.453323E+008
   0.41600      0.442581E+008
   0.41800      0.430793E+008
   0.42000      0.419701E+008
   0.42200      0.408678E+008
   0.42400      0.397866E+008
   0.42600      0.387690E+008
   0.42800      0.377944E+008
   0.43000      0.368448E+008
   0.43200      0.358941E+008
   0.43400      0.349688E+008
   0.43600      0.340388E+008
   0.43800      0.331352E+008
   0.44000      0.322834E+008

         


    
                 
   0.44200      0.314767E+008
   0.44400      0.307168E+008
   0.44600      0.299739E+008
   0.44800      0.291873E+008
   0.45000      0.284307E+008
   0.45200      0.276824E+008
   0.45400      0.269550E+008
   0.45600      0.262590E+008
   0.45800      0.255924E+008
   0.46000      0.249437E+008
   0.46200      0.243184E+008
   0.46400      0.236721E+008
   0.46600      0.230329E+008
   0.46800      0.224332E+008
   0.47000      0.218456E+008
   0.47200      0.213099E+008
   0.47400      0.207899E+008
   0.47600      0.202869E+008
   0.47800      0.197632E+008
   0.48000      0.192426E+008

         


    
                 
   0.48200      0.187274E+008
   0.48400      0.182332E+008
   0.48600      0.177610E+008
   0.48800      0.173296E+008
   0.49000      0.168974E+008
   0.49200      0.164709E+008
   0.49400      0.160518E+008
   0.49600      0.156307E+008
   0.49800      0.152198E+008
   0.50000      0.148384E+008
   0.50200      0.144757E+008
   0.50400      0.141141E+008
   0.50600      0.137918E+008
   0.50800      0.134613E+008
   0.51000      0.130967E+008
   0.51200      0.127540E+008
   0.51400      0.124232E+008
   0.51600      0.121102E+008
   0.51800      0.118200E+008
   0.52000      0.115329E+008

         


    
                 
   0.52200      0.112581E+008
   0.52400      0.109707E+008
   0.52600      0.106931E+008
   0.52800      0.104224E+008
   0.53000      0.101600E+008
   0.53200      0.990924E+007
   0.53400      0.966721E+007
   0.53600      0.943469E+007
   0.53800      0.921843E+007
   0.54000      0.898660E+007
   0.54200      0.875690E+007
   0.54400      0.853251E+007
   0.54600      0.831239E+007
   0.54800      0.810728E+007
   0.55000      0.791634E+007
   0.55200      0.772444E+007
   0.55400      0.753405E+007
   0.55600      0.734532E+007
   0.55800      0.715810E+007
   0.56000      0.698107E+007

         


    
                 
   0.56200      0.680813E+007
   0.56400      0.664654E+007
   0.56600      0.649242E+007
   0.56800      0.634245E+007
   0.57000      0.619543E+007
   0.57200      0.603353E+007
   0.57350      0.591608E+007
   0.57500      0.580337E+007
   0.57700      0.566473E+007
   0.57900      0.552950E+007
   0.58100      0.540388E+007
   0.58300      0.527512E+007
   0.58500      0.515374E+007
   0.58700      0.502729E+007
   0.58850      0.493634E+007
   0.59000      0.484621E+007
   0.59200      0.473114E+007
   0.59400      0.462021E+007
   0.59600      0.451451E+007
   0.59800      0.441691E+007

         


    
                 
   0.60000      0.431962E+007
   0.60200      0.421670E+007
   0.60350      0.413910E+007
   0.60500      0.406175E+007
   0.60700      0.396546E+007
   0.60900      0.387505E+007
   0.61100      0.378862E+007
   0.61300      0.370477E+007
   0.61500      0.362196E+007
   0.61700      0.353602E+007
   0.61850      0.347463E+007
   0.62000      0.341398E+007
   0.62200      0.333563E+007
   0.62400      0.326162E+007
   0.62600      0.319040E+007
   0.62800      0.312288E+007
   0.63000      0.305864E+007
   0.63200      0.299317E+007
   0.63275      0.295573E+007
   0.63350      0.293114E+007

         


    
                 
   0.63425      0.291552E+007
   0.63481      0.289410E+007
   0.63538      0.287445E+007
   0.63594      0.285604E+007
   0.63678      0.282658E+007
   0.63805      0.278800E+007
   0.63995      0.273044E+007
   0.64195      0.269281E+007
   0.64395      0.262074E+007
   0.64545      0.259118E+007
   0.64695      0.254140E+007
   0.64845      0.249822E+007
   0.64995      0.247571E+007
   0.65195      0.242126E+007
   0.65395      0.237108E+007
   0.65595      0.232308E+007
   0.65695      0.228645E+007
   0.65795      0.226361E+007
   0.65870      0.225457E+007
   0.65945      0.223723E+007

         


    
                 
   0.66057      0.221307E+007
   0.66226      0.218032E+007
   0.66395      0.216039E+007
   0.66563      0.214218E+007
    1.0000       574459.     

