
         


    
         0		0          
   0.20000E-02  -868140.     
   0.40000E-02 -0.173628E+007
   0.60000E-02 -0.260442E+007
   0.80000E-02 -0.347256E+007
   0.10000E-01 -0.434070E+007
   0.12000E-01 -0.520884E+007
   0.14000E-01 -0.607698E+007
   0.16000E-01 -0.694512E+007
   0.18000E-01 -0.781326E+007
   0.20000E-01 -0.868140E+007
   0.22000E-01 -0.954954E+007
   0.24000E-01 -0.104177E+008
   0.26000E-01 -0.112858E+008
   0.28000E-01 -0.121540E+008
   0.30000E-01 -0.130221E+008
   0.32000E-01 -0.138902E+008
   0.34000E-01 -0.147584E+008
   0.36000E-01 -0.156265E+008
   0.38000E-01 -0.164947E+008
   0.40000E-01 -0.173628E+008

         


    
                   
   0.42000E-01 -0.182309E+008
   0.44000E-01 -0.190991E+008
   0.46000E-01 -0.199672E+008
   0.48000E-01 -0.208354E+008
   0.50000E-01 -0.217035E+008
   0.52000E-01 -0.225716E+008
   0.54000E-01 -0.234398E+008
   0.56000E-01 -0.243079E+008
   0.58000E-01 -0.251761E+008
   0.60000E-01 -0.260442E+008
   0.62000E-01 -0.269124E+008
   0.64000E-01 -0.277805E+008
   0.66000E-01 -0.286486E+008
   0.68000E-01 -0.295168E+008
   0.70000E-01 -0.303849E+008
   0.72000E-01 -0.312531E+008
   0.74000E-01 -0.321212E+008
   0.76000E-01 -0.329893E+008
   0.78000E-01 -0.338575E+008
   0.80000E-01 -0.347256E+008

         


    
                   
   0.82000E-01 -0.355938E+008
   0.84000E-01 -0.364619E+008
   0.86000E-01 -0.373300E+008
   0.88000E-01 -0.382415E+008
   0.90000E-01 -0.393582E+008
   0.92000E-01 -0.392503E+008
   0.94000E-01 -0.386240E+008
   0.96000E-01 -0.380981E+008
   0.98000E-01 -0.375391E+008
   0.10000     -0.369609E+008
   0.10200     -0.363845E+008
   0.10400     -0.358434E+008
   0.10600     -0.353339E+008
   0.10800     -0.348524E+008
   0.11000     -0.343910E+008
   0.11200     -0.339484E+008
   0.11400     -0.335228E+008
   0.11600     -0.331136E+008
   0.11800     -0.327159E+008
   0.12000     -0.322539E+008

         


    
                   
   0.12200     -0.320100E+008
   0.12400     -0.317033E+008
   0.12600     -0.314026E+008
   0.12800     -0.310843E+008
   0.13000     -0.307115E+008
   0.13200     -0.302332E+008
   0.13400     -0.299296E+008
   0.13600     -0.296021E+008
   0.13800     -0.293526E+008
   0.14000     -0.290970E+008
   0.14200     -0.288537E+008
   0.14400     -0.285966E+008
   0.14600     -0.283739E+008
   0.14800     -0.282104E+008
   0.15000     -0.280643E+008
   0.15200     -0.279151E+008
   0.15400     -0.277288E+008
   0.15600     -0.275143E+008
   0.15800     -0.272995E+008
   0.16000     -0.270760E+008

         


    
                   
   0.16200     -0.268218E+008
   0.16400     -0.265784E+008
   0.16600     -0.263337E+008
   0.16800     -0.260102E+008
   0.17000     -0.256829E+008
   0.17200     -0.252565E+008
   0.17400     -0.249442E+008
   0.17600     -0.244763E+008
   0.17800     -0.241187E+008
   0.18000     -0.237126E+008
   0.18200     -0.233552E+008
   0.18400     -0.229636E+008
   0.18600     -0.226385E+008
   0.18800     -0.222871E+008
   0.19000     -0.218924E+008
   0.19200     -0.215657E+008
   0.19400     -0.211307E+008
   0.19600     -0.207327E+008
   0.19800     -0.200420E+008
   0.20000     -0.192403E+008

         


    
                   
   0.20200     -0.184627E+008
   0.20400     -0.177407E+008
   0.20600     -0.170588E+008
   0.20800     -0.164140E+008
   0.21000     -0.158014E+008
   0.21200     -0.152182E+008
   0.21400     -0.146629E+008
   0.21600     -0.141075E+008
   0.21800     -0.135169E+008
   0.22000     -0.129106E+008
   0.22200     -0.123373E+008
   0.22400     -0.120789E+008
   0.22600     -0.116039E+008
   0.22800     -0.111683E+008
   0.23000     -0.107532E+008
   0.23200     -0.103532E+008
   0.23400     -0.995990E+007
   0.23600     -0.957184E+007
   0.23800     -0.918210E+007
   0.24000     -0.881192E+007

         


    
                   
   0.24200     -0.844419E+007
   0.24400     -0.810185E+007
   0.24600     -0.778471E+007
   0.24800     -0.748507E+007
   0.25000     -0.720400E+007
   0.25200     -0.693543E+007
   0.25400     -0.667870E+007
   0.25600     -0.642766E+007
   0.25800     -0.617252E+007
   0.26000     -0.591168E+007
   0.26200     -0.566515E+007
   0.26400     -0.543856E+007
   0.26600     -0.522648E+007
   0.26800     -0.503402E+007
   0.27000     -0.484428E+007
   0.27200     -0.465964E+007
   0.27400     -0.447466E+007
   0.27600     -0.429754E+007
   0.27800     -0.411571E+007
   0.28000     -0.394303E+007

         


    
                   
   0.28200     -0.378526E+007
   0.28400     -0.363727E+007
   0.28600     -0.350084E+007
   0.28800     -0.337041E+007
   0.29000     -0.324692E+007
   0.29200     -0.311732E+007
   0.29400     -0.299280E+007
   0.29600     -0.286948E+007
   0.29800     -0.275295E+007
   0.30000     -0.264765E+007
   0.30200     -0.254953E+007
   0.30400     -0.245456E+007
   0.30600     -0.236229E+007
   0.30800     -0.226914E+007
   0.31000     -0.217535E+007
   0.31200     -0.208559E+007
   0.31400     -0.200133E+007
   0.31600     -0.192303E+007
   0.31800     -0.185040E+007
   0.32000     -0.178319E+007

         


    
                   
   0.32200     -0.171959E+007
   0.32400     -0.165739E+007
   0.32600     -0.159622E+007
   0.32800     -0.153326E+007
   0.33000     -0.147192E+007
   0.33200     -0.141480E+007
   0.33400     -0.136099E+007
   0.33600     -0.131181E+007
   0.33800     -0.126433E+007
   0.34000     -0.121712E+007
   0.34200     -0.116954E+007
   0.34400     -0.112270E+007
   0.34600     -0.107980E+007
   0.34800     -0.103920E+007
   0.35000     -0.100109E+007
   0.35200      -965593.     
   0.35400      -932147.     
   0.35600      -899519.     
   0.35800      -864350.     
   0.36000      -831700.     

         


    
                   
   0.36200      -800237.     
   0.36400      -770975.     
   0.36600      -743452.     
   0.36800      -716771.     
   0.37000      -690800.     
   0.37200      -665076.     
   0.37400      -639483.     
   0.37600      -614845.     
   0.37800      -591859.     
   0.38000      -570453.     
   0.38200      -550200.     
   0.38400      -531268.     
   0.38600      -513138.     
   0.38800      -494355.     
   0.39000      -476216.     
   0.39200      -458426.     
   0.39400      -441519.     
   0.39600      -425750.     
   0.39800      -410709.     
   0.40000      -396196.     

         


    
                   
   0.40200      -381778.     
   0.40400      -367855.     
   0.40600      -354014.     
   0.40800      -340950.     
   0.41000      -328851.     
   0.41200      -317556.     
   0.41400      -307005.     
   0.41600      -296970.     
   0.41800      -286038.     
   0.42000      -275881.     
   0.42200      -265885.     
   0.42400      -256188.     
   0.42600      -247177.     
   0.42800      -238654.     
   0.43000      -230443.     
   0.43200      -222318.     
   0.43400      -214493.     
   0.43600      -206715.     
   0.43800      -199236.     
   0.44000      -192276.     

         


    
                   
   0.44200      -185759.     
   0.44400      -179690.     
   0.44600      -173820.     
   0.44800      -167639.     
   0.45000      -161769.     
   0.45200      -156016.     
   0.45400      -150479.     
   0.45600      -145236.     
   0.45800      -140273.     
   0.46000      -135493.     
   0.46200      -130946.     
   0.46400      -126275.     
   0.46600      -121695.     
   0.46800      -117459.     
   0.47000      -113341.     
   0.47200      -109642.     
   0.47400      -106078.     
   0.47600      -102666.     
   0.47800      -99132.3     
   0.48000      -95650.6     

         


    
                   
   0.48200      -92230.6     
   0.48400      -88989.1     
   0.48600      -85919.1     
   0.48800      -83163.3     
   0.49000      -80413.3     
   0.49200      -77723.4     
   0.49400      -75112.2     
   0.49600      -72505.4     
   0.49800      -69979.5     
   0.50000      -67671.1     
   0.50200      -65497.8     
   0.50400      -63333.9     
   0.50600      -61444.1     
   0.50800      -59509.3     
   0.51000      -57371.4     
   0.51200      -55394.3     
   0.51400      -53500.7     
   0.51600      -51727.6     
   0.51800      -50104.6     
   0.52000      -48507.4     

         


    
                   
   0.52200      -46998.8     
   0.52400      -45422.1     
   0.52600      -43918.4     
   0.52800      -42462.6     
   0.53000      -41064.8     
   0.53200      -39740.1     
   0.53400      -38471.2     
   0.53600      -37262.2     
   0.53800      -36156.3     
   0.54000      -34964.4     
   0.54200      -33793.5     
   0.54400      -32661.0     
   0.54600      -31556.0     
   0.54800      -30539.2     
   0.55000      -29608.1     
   0.55200      -28672.1     
   0.55400      -27748.6     
   0.55600      -26842.7     
   0.55800      -25949.4     
   0.56000      -25115.8     

         


    
                   
   0.56200      -24303.9     
   0.56400      -23554.3     
   0.56600      -22847.4     
   0.56800      -22160.8     
   0.57000      -21494.0     
   0.57200      -20756.2     
   0.57350      -20227.0     
   0.57500      -19722.7     
   0.57700      -19110.2     
   0.57900      -18515.4     
   0.58100      -17971.5     
   0.58300      -17410.3     
   0.58500      -16890.6     
   0.58700      -16350.0     
   0.58850      -15966.2     
   0.59000      -15586.1     
   0.59200      -15103.0     
   0.59400      -14641.1     
   0.59600      -14205.2     
   0.59800      -13808.6     

         


    
                   
   0.60000      -13413.3     
   0.60200      -12993.8     
   0.60350      -12680.8     
   0.60500      -12369.0     
   0.60700      -11985.9     
   0.60900      -11628.9     
   0.61100      -11290.2     
   0.61300      -10964.6     
   0.61500      -10644.2     
   0.61700      -10311.2     
   0.61850      -10077.7     
   0.62000      -9847.55     
   0.62200      -9550.64     
   0.62400      -9273.27     
   0.62600      -9007.69     
   0.62800      -8758.07     
   0.63000      -8523.22     
   0.63200      -8283.32     
   0.63275      -8131.35     
   0.63350      -8042.62     

         


    
                   
   0.63425      -7966.74     
   0.63481      -7919.02     
   0.63538      -7848.17     
   0.63594      -7782.51     
   0.63678      -7673.80     
   0.63805      -7536.14     
   0.63995      -7329.05     
   0.64195      -7166.52     
   0.64395      -6942.71     
   0.64545      -6832.77     
   0.64695      -6665.57     
   0.64845      -6511.86     
   0.64995      -6394.70     
   0.65195      -6265.84     
   0.65395      -6094.11     
   0.65595      -5930.53     
   0.65695      -5788.09     
   0.65795      -5709.76     
   0.65870      -5663.00     
   0.65945      -5627.95     

         


    
                   
   0.66057      -5546.83     
   0.66226      -5440.30     
   0.66395      -5338.02     
   0.66563      -2004.13     
    1.0000      -1.73926     

