
          


      
         0		0            
   0.20000E-02   560264.     
   0.40000E-02  0.112053E+007
   0.60000E-02  0.168079E+007
   0.80000E-02  0.224106E+007
   0.10000E-01  0.280132E+007
   0.12000E-01  0.336159E+007
   0.14000E-01  0.392185E+007
   0.16000E-01  0.448211E+007
   0.18000E-01  0.504238E+007
   0.20000E-01  0.560264E+007
   0.22000E-01  0.616291E+007
   0.24000E-01  0.672317E+007
   0.26000E-01  0.728344E+007
   0.28000E-01  0.784370E+007
   0.30000E-01  0.840396E+007
   0.32000E-01  0.896423E+007
   0.34000E-01  0.952449E+007
   0.36000E-01  0.100848E+008
   0.38000E-01  0.106450E+008
   0.40000E-01  0.112053E+008

          


      
                     
   0.42000E-01  0.117655E+008
   0.44000E-01  0.123258E+008
   0.46000E-01  0.128861E+008
   0.48000E-01  0.134463E+008
   0.50000E-01  0.140066E+008
   0.52000E-01  0.145669E+008
   0.54000E-01  0.151271E+008
   0.56000E-01  0.156874E+008
   0.58000E-01  0.162477E+008
   0.60000E-01  0.168079E+008
   0.62000E-01  0.173682E+008
   0.64000E-01  0.179285E+008
   0.66000E-01  0.184887E+008
   0.68000E-01  0.190490E+008
   0.70000E-01  0.196092E+008
   0.72000E-01  0.201695E+008
   0.74000E-01  0.207298E+008
   0.76000E-01  0.212900E+008
   0.78000E-01  0.218503E+008
   0.80000E-01  0.224106E+008

          


      
                     
   0.82000E-01  0.229708E+008
   0.84000E-01  0.235311E+008
   0.86000E-01  0.240914E+008
   0.88000E-01  0.246631E+008
   0.90000E-01  0.249439E+008
   0.92000E-01  0.256038E+008
   0.94000E-01  0.250118E+008
   0.96000E-01  0.238815E+008
   0.98000E-01  0.230651E+008
   0.10000      0.226177E+008
   0.10200      0.223711E+008
   0.10400      0.221106E+008
   0.10600      0.218155E+008
   0.10800      0.215019E+008
   0.11000      0.212059E+008
   0.11200      0.209277E+008
   0.11400      0.206646E+008
   0.11600      0.204102E+008
   0.11800      0.201717E+008
   0.12000      0.200943E+008

          


      
                     
   0.12200      0.192257E+008
   0.12400      0.184473E+008
   0.12600      0.177607E+008
   0.12800      0.172389E+008
   0.13000      0.164870E+008
   0.13200      0.158520E+008
   0.13400      0.145288E+008
   0.13600      0.134236E+008
   0.13800      0.125501E+008
   0.14000      0.116590E+008
   0.14200      0.107377E+008
   0.14400      0.990783E+007
   0.14600      0.938015E+007
   0.14800      0.932464E+007
   0.15000      0.923812E+007
   0.15200      0.914213E+007
   0.15400      0.921116E+007
   0.15600      0.936320E+007
   0.15800      0.949390E+007
   0.16000      0.974173E+007

          


      
                     
   0.16200      0.101148E+008
   0.16400      0.104497E+008
   0.16600      0.108057E+008
   0.16800      0.110596E+008
   0.17000      0.106437E+008
   0.17200      0.101720E+008
   0.17400      0.929553E+007
   0.17600      0.893843E+007
   0.17800      0.823246E+007
   0.18000      0.773310E+007
   0.18200      0.711699E+007
   0.18400      0.669670E+007
   0.18600      0.609664E+007
   0.18800      0.568016E+007
   0.19000      0.539155E+007
   0.19200      0.494141E+007
   0.19400      0.474894E+007
   0.19600      0.417469E+007
   0.19800      0.370999E+007
   0.20000      0.306669E+007

          


      
                     
   0.20200      0.241484E+007
   0.20400      0.187137E+007
   0.20600      0.159369E+007
   0.20800      0.138953E+007
   0.21000      0.118984E+007
   0.21200      0.100407E+007
   0.21400       881429.     
   0.21600       847771.     
   0.21800       756037.     
   0.22000       743313.     
   0.22200       103460.     
   0.22400      -878821.     
   0.22600     -0.188369E+007
   0.22800     -0.261473E+007
   0.23000     -0.342539E+007
   0.23200     -0.404283E+007
   0.23400     -0.475338E+007
   0.23600     -0.549615E+007
   0.23800     -0.631024E+007
   0.24000     -0.681590E+007

          


      
                     
   0.24200     -0.765137E+007
   0.24400     -0.833404E+007
   0.24600     -0.881557E+007
   0.24800     -0.940852E+007
   0.25000     -0.981849E+007
   0.25200     -0.101786E+008
   0.25400     -0.105741E+008
   0.25600     -0.110430E+008
   0.25800     -0.112093E+008
   0.26000     -0.117303E+008
   0.26200     -0.122015E+008
   0.26400     -0.124360E+008
   0.26600     -0.129123E+008
   0.26800     -0.130079E+008
   0.27000     -0.134145E+008
   0.27200     -0.137999E+008
   0.27400     -0.142591E+008
   0.27600     -0.142319E+008
   0.27800     -0.145039E+008
   0.28000     -0.148160E+008

          


      
                     
   0.28200     -0.148236E+008
   0.28400     -0.151378E+008
   0.28600     -0.151462E+008
   0.28800     -0.154724E+008
   0.29000     -0.155406E+008
   0.29200     -0.159353E+008
   0.29400     -0.158405E+008
   0.29600     -0.159445E+008
   0.29800     -0.160874E+008
   0.30000     -0.159068E+008
   0.30200     -0.161677E+008
   0.30400     -0.163980E+008
   0.30600     -0.165866E+008
   0.30800     -0.169881E+008
   0.31000     -0.171669E+008
   0.31200     -0.168854E+008
   0.31400     -0.166709E+008
   0.31600     -0.166189E+008
   0.31800     -0.166208E+008
   0.32000     -0.166209E+008

          


      
                     
   0.32200     -0.167821E+008
   0.32400     -0.170381E+008
   0.32600     -0.170236E+008
   0.32800     -0.173998E+008
   0.33000     -0.171826E+008
   0.33200     -0.167161E+008
   0.33400     -0.168465E+008
   0.33600     -0.168882E+008
   0.33800     -0.169084E+008
   0.34000     -0.167679E+008
   0.34200     -0.166828E+008
   0.34400     -0.170488E+008
   0.34600     -0.168364E+008
   0.34800     -0.167411E+008
   0.35000     -0.166626E+008
   0.35200     -0.166711E+008
   0.35400     -0.165982E+008
   0.35600     -0.164223E+008
   0.35800     -0.169910E+008
   0.36000     -0.165478E+008

          


      
                     
   0.36200     -0.163976E+008
   0.36400     -0.163043E+008
   0.36600     -0.162524E+008
   0.36800     -0.162398E+008
   0.37000     -0.161746E+008
   0.37200     -0.160024E+008
   0.37400     -0.159474E+008
   0.37600     -0.160512E+008
   0.37800     -0.160375E+008
   0.38000     -0.158012E+008
   0.38200     -0.157145E+008
   0.38400     -0.155763E+008
   0.38600     -0.156016E+008
   0.38800     -0.159051E+008
   0.39000     -0.156407E+008
   0.39200     -0.154574E+008
   0.39400     -0.153944E+008
   0.39600     -0.153319E+008
   0.39800     -0.152391E+008
   0.40000     -0.151848E+008

          


      
                     
   0.40200     -0.153937E+008
   0.40400     -0.149352E+008
   0.40600     -0.149206E+008
   0.40800     -0.149263E+008
   0.41000     -0.147112E+008
   0.41200     -0.146097E+008
   0.41400     -0.144671E+008
   0.41600     -0.143117E+008
   0.41800     -0.150386E+008
   0.42000     -0.146092E+008
   0.42200     -0.141572E+008
   0.42400     -0.140675E+008
   0.42600     -0.139860E+008
   0.42800     -0.138616E+008
   0.43000     -0.138381E+008
   0.43200     -0.140411E+008
   0.43400     -0.136869E+008
   0.43600     -0.135635E+008
   0.43800     -0.135570E+008
   0.44000     -0.133558E+008

          


      
                     
   0.44200     -0.130908E+008
   0.44400     -0.129898E+008
   0.44600     -0.130803E+008
   0.44800     -0.135582E+008
   0.45000     -0.132789E+008
   0.45200     -0.130193E+008
   0.45400     -0.127627E+008
   0.45600     -0.126079E+008
   0.45800     -0.124106E+008
   0.46000     -0.123634E+008
   0.46200     -0.119844E+008
   0.46400     -0.120562E+008
   0.46600     -0.123358E+008
   0.46800     -0.120191E+008
   0.47000     -0.120099E+008
   0.47200     -0.116852E+008
   0.47400     -0.117015E+008
   0.47600     -0.117135E+008
   0.47800     -0.117345E+008
   0.48000     -0.117459E+008

          


      
                     
   0.48200     -0.116574E+008
   0.48400     -0.114486E+008
   0.48600     -0.114273E+008
   0.48800     -0.109599E+008
   0.49000     -0.109634E+008
   0.49200     -0.110805E+008
   0.49400     -0.107728E+008
   0.49600     -0.107337E+008
   0.49800     -0.108603E+008
   0.50000     -0.106208E+008
   0.50200     -0.103094E+008
   0.50400     -0.105578E+008
   0.50600     -0.103053E+008
   0.50800     -0.103141E+008
   0.51000     -0.104855E+008
   0.51200     -0.102169E+008
   0.51400     -0.100821E+008
   0.51600     -0.994587E+007
   0.51800     -0.975827E+007
   0.52000     -0.974068E+007

          


      
                     
   0.52200     -0.950450E+007
   0.52400     -0.954253E+007
   0.52600     -0.941524E+007
   0.52800     -0.936218E+007
   0.53000     -0.924317E+007
   0.53200     -0.918221E+007
   0.53400     -0.910218E+007
   0.53600     -0.912384E+007
   0.53800     -0.885426E+007
   0.54000     -0.892292E+007
   0.54200     -0.889336E+007
   0.54400     -0.875697E+007
   0.54600     -0.874260E+007
   0.54800     -0.860043E+007
   0.55000     -0.821146E+007
   0.55200     -0.816530E+007
   0.55400     -0.822385E+007
   0.55600     -0.810736E+007
   0.55800     -0.809042E+007
   0.56000     -0.790187E+007

          


      
                     
   0.56200     -0.791547E+007
   0.56400     -0.782411E+007
   0.56600     -0.766386E+007
   0.56800     -0.770983E+007
   0.57000     -0.761148E+007
   0.57200     -0.762166E+007
   0.57350     -0.752239E+007
   0.57500     -0.744996E+007
   0.57700     -0.728372E+007
   0.57900     -0.727101E+007
   0.58100     -0.700154E+007
   0.58300     -0.716703E+007
   0.58500     -0.704920E+007
   0.58700     -0.697888E+007
   0.58850     -0.679920E+007
   0.59000     -0.678374E+007
   0.59200     -0.679018E+007
   0.59400     -0.681774E+007
   0.59600     -0.675191E+007
   0.59800     -0.658148E+007

          


      
                     
   0.60000     -0.657071E+007
   0.60200     -0.663559E+007
   0.60350     -0.649896E+007
   0.60500     -0.646076E+007
   0.60700     -0.631363E+007
   0.60900     -0.624094E+007
   0.61100     -0.618157E+007
   0.61300     -0.604506E+007
   0.61500     -0.600777E+007
   0.61700     -0.608029E+007
   0.61850     -0.590887E+007
   0.62000     -0.582074E+007
   0.62200     -0.580106E+007
   0.62400     -0.571378E+007
   0.62600     -0.567441E+007
   0.62800     -0.564830E+007
   0.63000     -0.554550E+007
   0.63200     -0.550056E+007
   0.63275     -0.662752E+007
   0.63350     -0.655298E+007

          


      
                     
   0.63425     -0.536682E+007
   0.63481     -0.547927E+007
   0.63538     -0.537364E+007
   0.63594     -0.524379E+007
   0.63678     -0.539099E+007
   0.63805     -0.526971E+007
   0.63995     -0.534049E+007
   0.64195     -0.326441E+007
   0.64395     -0.511659E+007
   0.64545     -0.396650E+007
   0.64695     -0.500599E+007
   0.64845     -0.522562E+007
   0.64995     -0.314414E+007
   0.65195     -0.327638E+007
   0.65395     -0.320242E+007
   0.65595     -0.298046E+007
   0.65695     -0.468927E+007
   0.65795     -0.478078E+007
   0.65870     -0.389649E+007
   0.65945     -0.405744E+007

          


      
                     
   0.66057     -0.416954E+007
   0.66226     -0.382364E+007
   0.66395     -0.171348E+007
   0.66563       340582.     
    1.0000     -0.219922E+007

