
                         
0.0         0.00000 
0.1         0.00000 
0.2         0.00000 
0.3         0.00000 
0.4         0.00000 
0.5         0.00000 
0.6         0.00000 
0.7         0.00000 
0.8         0.00000 
0.9         0.00000 
1.0         0.00000 
1.1         0.00000 
1.2         0.00000 
1.3         0.00000 
1.4         0.00000 
1.5         0.00000 
1.6         0.00000 
1.7         0.00000 
1.8         0.00000 
1.9         0.00000 
2.0         0.00000 
2.1         0.00000 
2.2         0.03022 
2.3         0.09365 
2.4         0.15133 
2.5         0.20396 
2.6         0.25213 
2.7         0.29634 
2.8         0.33703 
2.9         0.37456 
3.0         0.40927 
3.1         0.44144 
3.2         0.47130 
3.3         0.49907 
3.4         0.52496 
3.5         0.54911 
3.6         0.57168 
3.7         0.59282 
3.8         0.61262 
3.9         0.63121 
4.0         0.64867 
4.1         0.66510 
4.2         0.68057 
4.3         0.69515 
4.4         0.70891 
4.5         0.72191 
4.6         0.73419 
4.7         0.74581 
4.8         0.75681 
4.9         0.76724 
5.0         0.77712 
5.1         0.78650 
5.2         0.79541 
5.3         0.80387 
5.4         0.81192 
5.5         0.81957 
5.6         0.82686 
5.7         0.83379 
5.8         0.84041 
5.9         0.84671 
6.0         0.85272 
6.1         0.85845 
6.2         0.86393 
6.3         0.86916 
6.4         0.87416 
6.5         0.87894 
6.6         0.88350 
6.7         0.88787 
6.8         0.89206 
6.9         0.89606 
7.0         0.89989 
7.1         0.90357 
7.2         0.90709 
7.3         0.91046 
7.4         0.91369 
7.5         0.91680 
7.6         0.91978 
7.7         0.92263 
7.8         0.92538 
7.9         0.92801 
8.0         0.93054 
8.1         0.93297 
8.2         0.93531 
8.3         0.93755 
8.4         0.93971 
8.5         0.94178 
8.6         0.94378 
8.7         0.94570 
8.8         0.94755 
8.9         0.94933 
9.0         0.95104 
9.1         0.95269 
9.2         0.95427 
9.3         0.95580 
9.4         0.95728 
9.5         0.95870 
9.6         0.96006 
9.7         0.96138 
9.8         0.96265 
9.9         0.96388 
10.0         0.96506 
