
                         
0.0         0.00000 
0.1         0.00000 
0.2         0.00000 
0.3         0.00000 
0.4         0.00000 
0.5         0.00000 
0.6         0.00000 
0.7         0.00000 
0.8         0.00000 
0.9         0.00000 
1.0         0.00000 
1.1         0.00000 
1.2         0.00000 
1.3         0.00000 
1.4         0.00000 
1.5         0.00000 
1.6         0.00000 
1.7         0.00000 
1.8         0.00000 
1.9         0.00000 
2.0         0.00000 
2.1         0.00000 
2.2         0.02220 
2.3         0.06904 
2.4         0.11196 
2.5         0.15142 
2.6         0.18784 
2.7         0.22154 
2.8         0.25281 
2.9         0.28192 
3.0         0.30907 
3.1         0.33445 
3.2         0.35823 
3.3         0.38056 
3.4         0.40156 
3.5         0.42135 
3.6         0.44003 
3.7         0.45768 
3.8         0.47440 
3.9         0.49025 
4.0         0.50529 
4.1         0.51959 
4.2         0.53320 
4.3         0.54617 
4.4         0.55853 
4.5         0.57034 
4.6         0.58163 
4.7         0.59242 
4.8         0.60276 
4.9         0.61267 
5.0         0.62217 
5.1         0.63130 
5.2         0.64006 
5.3         0.64849 
5.4         0.65659 
5.5         0.66440 
5.6         0.67192 
5.7         0.67916 
5.8         0.68615 
5.9         0.69290 
6.0         0.69942 
6.1         0.70571 
6.2         0.71180 
6.3         0.71769 
6.4         0.72338 
6.5         0.72890 
6.6         0.73424 
6.7         0.73942 
6.8         0.74444 
6.9         0.74931 
7.0         0.75404 
7.1         0.75862 
7.2         0.76308 
7.3         0.76740 
7.4         0.77161 
7.5         0.77570 
7.6         0.77967 
7.7         0.78354 
7.8         0.78731 
7.9         0.79097 
8.0         0.79454 
8.1         0.79801 
8.2         0.80140 
8.3         0.80470 
8.4         0.80792 
8.5         0.81106 
8.6         0.81412 
8.7         0.81711 
8.8         0.82002 
8.9         0.82287 
9.0         0.82565 
9.1         0.82836 
9.2         0.83101 
9.3         0.83360 
9.4         0.83613 
9.5         0.83861 
9.6         0.84103 
9.7         0.84340 
9.8         0.84571 
9.9         0.84798 
10.0         0.85020 
