
                         
0.0         0.00000 
0.1         0.00000 
0.2         0.00000 
0.3         0.00000 
0.4         0.00000 
0.5         0.00000 
0.6         0.00000 
0.7         0.00000 
0.8         0.00000 
0.9         0.00000 
1.0         0.00000 
1.1         0.00000 
1.2         0.00000 
1.3         0.00000 
1.4         0.00000 
1.5         0.00000 
1.6         0.00000 
1.7         0.00000 
1.8         0.00000 
1.9         0.00000 
2.0         0.00000 
2.1         0.00000 
2.2         0.02622 
2.3         0.08143 
2.4         0.13187 
2.5         0.17811 
2.6         0.22064 
2.7         0.25988 
2.8         0.29618 
2.9         0.32984 
3.0         0.36113 
3.1         0.39029 
3.2         0.41750 
3.3         0.44296 
3.4         0.46682 
3.5         0.48921 
3.6         0.51026 
3.7         0.53008 
3.8         0.54877 
3.9         0.56642 
4.0         0.58310 
4.1         0.59889 
4.2         0.61385 
4.3         0.62805 
4.4         0.64152 
4.5         0.65433 
4.6         0.66652 
4.7         0.67813 
4.8         0.68919 
4.9         0.69974 
5.0         0.70981 
5.1         0.71943 
5.2         0.72863 
5.3         0.73743 
5.4         0.74586 
5.5         0.75393 
5.6         0.76166 
5.7         0.76908 
5.8         0.77620 
5.9         0.78303 
6.0         0.78960 
6.1         0.79590 
6.2         0.80197 
6.3         0.80781 
6.4         0.81343 
6.5         0.81884 
6.6         0.82405 
6.7         0.82907 
6.8         0.83391 
6.9         0.83858 
7.0         0.84308 
7.1         0.84743 
7.2         0.85163 
7.3         0.85569 
7.4         0.85960 
7.5         0.86339 
7.6         0.86705 
7.7         0.87059 
7.8         0.87402 
7.9         0.87733 
8.0         0.88054 
8.1         0.88364 
8.2         0.88665 
8.3         0.88956 
8.4         0.89239 
8.5         0.89512 
8.6         0.89777 
8.7         0.90035 
8.8         0.90284 
8.9         0.90526 
9.0         0.90761 
9.1         0.90989 
9.2         0.91210 
9.3         0.91424 
9.4         0.91633 
9.5         0.91835 
9.6         0.92032 
9.7         0.92223 
9.8         0.92409 
9.9         0.92589 
10.0         0.92765 
