
                         
0.0         0.00000 
0.1         0.00000 
0.2         0.00000 
0.3         0.00000 
0.4         0.00000 
0.5         0.00000 
0.6         0.00000 
0.7         0.00000 
0.8         0.00000 
0.9         0.00000 
1.0         0.00000 
1.1         0.00000 
1.2         0.00000 
1.3         0.00000 
1.4         0.00000 
1.5         0.00000 
1.6         0.00000 
1.7         0.00000 
1.8         0.00000 
1.9         0.00000 
2.0         0.00000 
2.1         0.00000 
2.2         0.03619 
2.3         0.11168 
2.4         0.17971 
2.5         0.24121 
2.6         0.29698 
2.7         0.34768 
2.8         0.39389 
2.9         0.43611 
3.0         0.47477 
3.1         0.51023 
3.2         0.54282 
3.3         0.57283 
3.4         0.60050 
3.5         0.62605 
3.6         0.64968 
3.7         0.67157 
3.8         0.69186 
3.9         0.71070 
4.0         0.72821 
4.1         0.74450 
4.2         0.75967 
4.3         0.77381 
4.4         0.78701 
4.5         0.79933 
4.6         0.81084 
4.7         0.82161 
4.8         0.83169 
4.9         0.84113 
5.0         0.84998 
5.1         0.85828 
5.2         0.86607 
5.3         0.87338 
5.4         0.88026 
5.5         0.88672 
5.6         0.89279 
5.7         0.89851 
5.8         0.90390 
5.9         0.90897 
6.0         0.91374 
6.1         0.91825 
6.2         0.92250 
6.3         0.92651 
6.4         0.93029 
6.5         0.93386 
6.6         0.93724 
6.7         0.94043 
6.8         0.94344 
6.9         0.94629 
7.0         0.94899 
7.1         0.95154 
7.2         0.95395 
7.3         0.95624 
7.4         0.95840 
7.5         0.96045 
7.6         0.96240 
7.7         0.96424 
7.8         0.96598 
7.9         0.96764 
8.0         0.96920 
8.1         0.97069 
8.2         0.97210 
8.3         0.97344 
8.4         0.97472 
8.5         0.97592 
8.6         0.97707 
8.7         0.97816 
8.8         0.97920 
8.9         0.98018 
9.0         0.98111 
9.1         0.98200 
9.2         0.98285 
9.3         0.98365 
9.4         0.98441 
9.5         0.98514 
9.6         0.98583 
9.7         0.98649 
9.8         0.98711 
9.9         0.98771 
10.0         0.98827 
