
                         
0.0         0.00000 
0.1         0.00000 
0.2         0.00000 
0.3         0.00000 
0.4         0.00000 
0.5         0.00000 
0.6         0.00000 
0.7         0.00000 
0.8         0.00000 
0.9         0.00000 
1.0         0.00000 
1.1         0.00000 
1.2         0.00000 
1.3         0.00000 
1.4         0.00000 
1.5         0.00000 
1.6         0.00000 
1.7         0.00000 
1.8         0.00000 
1.9         0.00000 
2.0         0.00000 
2.1         0.00000 
2.2         0.02421 
2.3         0.07525 
2.4         0.12197 
2.5         0.16487 
2.6         0.20441 
2.7         0.24095 
2.8         0.27482 
2.9         0.30629 
3.0         0.33561 
3.1         0.36298 
3.2         0.38859 
3.3         0.41259 
3.4         0.43513 
3.5         0.45634 
3.6         0.47632 
3.7         0.49518 
3.8         0.51300 
3.9         0.52987 
4.0         0.54586 
4.1         0.56103 
4.2         0.57544 
4.3         0.58914 
4.4         0.60219 
4.5         0.61462 
4.6         0.62648 
4.7         0.63780 
4.8         0.64862 
4.9         0.65897 
5.0         0.66888 
5.1         0.67837 
5.2         0.68747 
5.3         0.69620 
5.4         0.70458 
5.5         0.71263 
5.6         0.72037 
5.7         0.72781 
5.8         0.73497 
5.9         0.74187 
6.0         0.74852 
6.1         0.75492 
6.2         0.76110 
6.3         0.76707 
6.4         0.77282 
6.5         0.77838 
6.6         0.78376 
6.7         0.78895 
6.8         0.79398 
6.9         0.79884 
7.0         0.80354 
7.1         0.80810 
7.2         0.81251 
7.3         0.81679 
7.4         0.82093 
7.5         0.82495 
7.6         0.82885 
7.7         0.83263 
7.8         0.83630 
7.9         0.83987 
8.0         0.84333 
8.1         0.84669 
8.2         0.84996 
8.3         0.85314 
8.4         0.85623 
8.5         0.85923 
8.6         0.86215 
8.7         0.86500 
8.8         0.86776 
8.9         0.87046 
9.0         0.87308 
9.1         0.87563 
9.2         0.87812 
9.3         0.88054 
9.4         0.88291 
9.5         0.88521 
9.6         0.88745 
9.7         0.88964 
9.8         0.89178 
9.9         0.89386 
10.0         0.89589 
