	0	    0	  
   0.10000E-01   222.417     
   0.20000E-01   444.834     
   0.30000E-01   667.251     
   0.40000E-01   889.668     
   0.50000E-01   1112.09     
   0.60000E-01   1334.50     
   0.70000E-01   1556.92     
   0.80000E-01   1779.34     
   0.90000E-01   2001.62     
   0.10000       2222.95     
   0.11000       2444.02     
   0.12000       2663.79     
   0.13000       2883.61     
   0.14000       3102.35     
   0.15000       3319.53     
   0.16000       3535.74     
   0.17000       3750.06     
   0.18000       3961.18     
   0.19000       4171.39     
   0.20000       4379.16     
  
   0.21000       4579.71     
   0.22000       4781.41     
   0.23000       4976.52     
   0.24000       5159.45     
   0.25000       5340.68     
   0.26000       5513.31     
   0.26450       5587.34     
   0.26900       5664.87     
   0.27037       5668.24     
   0.27098       5677.81     
   0.27160       5676.09     

