
          


     
         0		0         
   0.10000E-02  0.312219E-003
   0.20000E-02  0.624438E-003
   0.30000E-02  0.936657E-003
   0.40000E-02  0.124888E-002
   0.50000E-02  0.156109E-002
   0.60000E-02  0.187331E-002
   0.70000E-02  0.218553E-002
   0.80000E-02  0.249775E-002
   0.90000E-02  0.280997E-002
   0.10000E-01  0.312219E-002
   0.11000E-01  0.343441E-002
   0.12000E-01  0.374663E-002
   0.13000E-01  0.405885E-002
   0.14000E-01  0.437106E-002
   0.15000E-01  0.468328E-002
   0.16000E-01  0.499550E-002
   0.17000E-01  0.530772E-002
   0.18000E-01  0.561994E-002
   0.19000E-01  0.593216E-002
   0.20000E-01  0.624438E-002

          


     
                  
   0.21000E-01  0.655660E-002
   0.22000E-01  0.686882E-002
   0.23000E-01  0.718103E-002
   0.24000E-01  0.749325E-002
   0.25000E-01  0.780547E-002
   0.26000E-01  0.811769E-002
   0.27000E-01  0.842991E-002
   0.28000E-01  0.874213E-002
   0.29000E-01  0.905435E-002
   0.30000E-01  0.936657E-002
   0.31000E-01  0.967878E-002
   0.32000E-01  0.999100E-002
   0.33000E-01  0.103032E-001
   0.34000E-01  0.106154E-001
   0.35000E-01  0.109277E-001
   0.36000E-01  0.112399E-001
   0.37000E-01  0.115521E-001
   0.38000E-01  0.118643E-001
   0.39000E-01  0.121765E-001
   0.40000E-01  0.124888E-001

          


     
                  
   0.41000E-01  0.128010E-001
   0.42000E-01  0.131132E-001
   0.43000E-01  0.134254E-001
   0.44000E-01  0.137376E-001
   0.45000E-01  0.140498E-001
   0.46000E-01  0.143621E-001
   0.47000E-01  0.147621E-001
   0.48000E-01  0.152231E-001
   0.49000E-01  0.156841E-001
   0.50000E-01  0.161450E-001
   0.51000E-01  0.166060E-001
   0.52000E-01  0.171706E-001
   0.53000E-01  0.178667E-001
   0.54000E-01  0.185743E-001
   0.55000E-01  0.192769E-001
   0.56000E-01  0.199760E-001
   0.57000E-01  0.206756E-001
   0.58000E-01  0.213757E-001
   0.59000E-01  0.220759E-001
   0.60000E-01  0.227762E-001

          


     
                  
   0.61000E-01  0.234766E-001
   0.62000E-01  0.241771E-001
   0.63000E-01  0.248777E-001
   0.64000E-01  0.255783E-001
   0.65000E-01  0.262789E-001
   0.66000E-01  0.269797E-001
   0.67000E-01  0.276804E-001
   0.68000E-01  0.283812E-001
   0.69000E-01  0.291869E-001
   0.70000E-01  0.300156E-001
   0.71000E-01  0.308450E-001
   0.72000E-01  0.316736E-001
   0.73000E-01  0.325017E-001
   0.74000E-01  0.333300E-001
   0.75000E-01  0.341649E-001
   0.76000E-01  0.350238E-001
   0.77000E-01  0.358827E-001
   0.78000E-01  0.367416E-001
   0.79000E-01  0.376005E-001
   0.80000E-01  0.384593E-001

          


     
                  
   0.81000E-01  0.393339E-001
   0.82000E-01  0.402534E-001
   0.83000E-01  0.412615E-001
   0.84000E-01  0.422858E-001
   0.85000E-01  0.434293E-001
   0.86000E-01  0.446225E-001
   0.87000E-01  0.458670E-001
   0.88000E-01  0.472937E-001
   0.89000E-01  0.487719E-001
   0.90000E-01  0.502366E-001
   0.91000E-01  0.516826E-001
   0.92000E-01  0.531275E-001
   0.93000E-01  0.545729E-001
   0.94000E-01  0.560172E-001
   0.95000E-01  0.574604E-001
   0.96000E-01  0.589641E-001
   0.97000E-01  0.605612E-001
   0.98000E-01  0.621283E-001
   0.99000E-01  0.636926E-001
   0.10000      0.652508E-001

          


     
                  
   0.10100      0.668224E-001
   0.10200      0.684398E-001
   0.10300      0.701279E-001
   0.10400      0.718221E-001
   0.10500      0.735896E-001
   0.10600      0.754738E-001
   0.10700      0.774775E-001
   0.10800      0.795802E-001
   0.10900      0.816504E-001
   0.11000      0.837481E-001
   0.11100      0.858221E-001
   0.11200      0.878988E-001
   0.11300      0.899675E-001
   0.11400      0.921175E-001
   0.11500      0.943050E-001
   0.11600      0.964714E-001
   0.11700      0.986532E-001
   0.11800      0.100844     
   0.11900      0.103049     
   0.12000      0.105348     

          


     
                  
   0.12100      0.107683     
   0.12200      0.110124     
   0.12300      0.112697     
   0.12400      0.115359     
   0.12500      0.118055     
   0.12600      0.120713     
   0.12700      0.123363     
   0.12800      0.126004     
   0.12900      0.128712     
   0.13000      0.131481     
   0.13100      0.134218     
   0.13200      0.136969     
   0.13300      0.139736     
   0.13400      0.142599     
   0.13500      0.145490     
   0.13600      0.148496     
   0.13700      0.151692     
   0.13800      0.154943     
   0.13900      0.158169     
   0.14000      0.161368     

          


     
                  
   0.14100      0.164549     
   0.14200      0.167807     
   0.14300      0.171115     
   0.14400      0.174379     
   0.14500      0.177675     
   0.14600      0.181029     
   0.14700      0.184429     
   0.14800      0.187944     
   0.14900      0.191698     
   0.15000      0.195435     
   0.15100      0.199210     
   0.15200      0.202902     
   0.15300      0.206641     
   0.15400      0.210422     
   0.15500      0.214212     
   0.15600      0.217995     
   0.15700      0.221835     
   0.15800      0.225714     
   0.15900      0.229719     
   0.16000      0.233964     

          


     
                  
   0.16100      0.238236     
   0.16200      0.242462     
   0.16300      0.246651     
   0.16400      0.250881     
   0.16500      0.255148     
   0.16600      0.259381     
   0.16700      0.263645     
   0.16800      0.267973     
   0.16900      0.272428     
   0.17000      0.277078     
   0.17100      0.281806     
   0.17200      0.286474     
   0.17300      0.291104     
   0.17400      0.295768     
   0.17500      0.300457     
   0.17600      0.305108     
   0.17700      0.309808     
   0.17800      0.314581     
   0.17900      0.319508     
   0.18000      0.324642     

          


     
                  
   0.18100      0.329731     
   0.18200      0.334785     
   0.18300      0.339811     
   0.18400      0.344871     
   0.18500      0.349886     
   0.18600      0.354947     
   0.18700      0.360091     
   0.18800      0.365341     
   0.18900      0.370858     
   0.19000      0.376278     
   0.19100      0.381671     
   0.19200      0.387045     
   0.19300      0.392425     
   0.19400      0.397766     
   0.19500      0.403179     
   0.19600      0.408682     
   0.19700      0.414354     
   0.19800      0.420209     
   0.19900      0.425879     
   0.20000      0.431547     

          


     
                  
   0.20100      0.437217     
   0.20200      0.442849     
   0.20300      0.448526     
   0.20400      0.454287     
   0.20500      0.460231     
   0.20600      0.466360     
   0.20700      0.472313     
   0.20800      0.478262     
   0.20900      0.484178     
   0.21000      0.490054     
   0.21100      0.495978     
   0.21200      0.502034     
   0.21300      0.508321     
   0.21400      0.514700     
   0.21500      0.520843     
   0.21600      0.527039     
   0.21700      0.533157     
   0.21800      0.539340     
   0.21900      0.545583     
   0.22000      0.552028     

          


     
                  
   0.22100      0.558652     
   0.22200      0.565011     
   0.22300      0.571422     
   0.22400      0.577771     
   0.22500      0.584152     
   0.22600      0.590590     
   0.22700      0.597286     
   0.22800      0.604094     
   0.22900      0.610689     
   0.23000      0.617279     
   0.23100      0.623787     
   0.23200      0.630359     
   0.23300      0.637219     
   0.23400      0.644140     
   0.23500      0.650957     
   0.23600      0.657748     
   0.23700      0.664473     
   0.23800      0.671185     
   0.23900      0.677947     
   0.24000      0.684961     

          


     
                  
   0.24100      0.692138     
   0.24200      0.699091     
   0.24300      0.705994     
   0.24400      0.712828     
   0.24500      0.719695     
   0.24600      0.726753     
   0.24700      0.734045     
   0.24800      0.741164     
   0.24900      0.748203     
   0.25000      0.755126     
   0.25100      0.762088     
   0.25200      0.769263     
   0.25300      0.776561     
   0.25400      0.783778     
   0.25500      0.790890     
   0.25600      0.797940     
   0.25700      0.804966     
   0.25800      0.812015     
   0.25900      0.819296     
   0.26000      0.826732     

          


     
                  
   0.26100      0.833932     
   0.26200      0.841035     
   0.26300      0.848073     
   0.26400      0.855105     
   0.26500      0.862407     
   0.26600      0.869869     
   0.26700      0.877135     
   0.26800      0.884323     
   0.26900      0.891358     
   0.27000      0.898408     
   0.27100      0.905675     
   0.27200      0.913156     
   0.27300      0.920476     
   0.27400      0.927712     
   0.27500      0.934772     
   0.27600      0.941824     
   0.27700      0.949096     
   0.27800      0.956573     
   0.27900      0.963971     
   0.28000      0.971232     

          


     
                  
   0.28100      0.978306     
   0.28200      0.985379     
   0.28300      0.992669     
   0.28400       1.00015     
   0.28500       1.00755     
   0.28600       1.01486     
   0.28700       1.02197     
   0.28800       1.02907     
   0.28900       1.03637     
   0.29000       1.04389     
   0.29100       1.05132     
   0.29200       1.05864     
   0.29300       1.06576     
   0.29400       1.07286     
   0.29500       1.08020     
   0.29600       1.08775     
   0.29700       1.09518     
   0.29800       1.10250     
   0.29900       1.10963     
   0.30000       1.11680     

          


     
                  
   0.30100       1.12397     
   0.30200       1.13172     
   0.30300       1.13904     
   0.30400       1.14627     
   0.30500       1.15343     
   0.30600       1.16059     
   0.30700       1.16791     
   0.30800       1.17551     
   0.30900       1.18286     
   0.31000       1.19013     
   0.31100       1.19727     
   0.31200       1.20436     
   0.31300       1.21156     
   0.31400       1.21917     
   0.31500       1.22645     
   0.31600       1.23362     
   0.31700       1.24074     
   0.31800       1.24781     
   0.31900       1.25501     
   0.32000       1.26249     

          


     
                  
   0.32100       1.26980     
   0.32200       1.27702     
   0.32300       1.28403     
   0.32400       1.29102     
   0.32500       1.29823     
   0.32600       1.30544     
   0.32700       1.31283     
   0.32800       1.32000     
   0.32900       1.32700     
   0.33000       1.33395     
   0.33100       1.34102     
   0.33200       1.34810     
   0.33300       1.35558     
   0.33400       1.36268     
   0.33500       1.36974     
   0.33600       1.37674     
   0.33700       1.38374     
   0.33800       1.39063     
   0.33900       1.39810     
   0.34000       1.40518     

          


     
                  
   0.34100       1.41215     
   0.34200       1.41917     
   0.34300       1.42614     
   0.34400       1.43303     
   0.34500       1.44048     
   0.34600       1.44764     
   0.34700       1.45469     
   0.34800       1.46169     
   0.34900       1.46870     
   0.35000       1.47568     
   0.35100       1.48272     
   0.35200       1.49010     
   0.35300       1.49723     
   0.35400       1.50418     
   0.35500       1.51108     
   0.35600       1.51826     
   0.35700       1.52539     
   0.35800       1.53270     
   0.35900       1.53989     
   0.36000       1.54684     

          


     
                  
   0.36100       1.55373     
   0.36200       1.56094     
   0.36300       1.56805     
   0.36400       1.57549     
   0.36500       1.58270     
   0.36600       1.58970     
   0.36700       1.59667     
   0.36800       1.60375     
   0.36900       1.61123     
   0.37000       1.61849     
   0.37100       1.62574     
   0.37200       1.63274     
   0.37300       1.63975     
   0.37400       1.64673     
   0.37500       1.65441     
   0.37600       1.66161     
   0.37700       1.66881     
   0.37800       1.67591     
   0.37900       1.68298     
   0.38000       1.69027     

          


     
                  
   0.38100       1.69756     
   0.38200       1.70482     
   0.38300       1.71183     
   0.38400       1.71874     
   0.38500       1.72608     
   0.38600       1.73364     
   0.38700       1.74066     
   0.38800       1.74772     
   0.38900       1.75480     
   0.39000       1.76180     
   0.39100       1.76911     
   0.39200       1.77668     
   0.39300       1.78362     
   0.39400       1.79067     
   0.39500       1.79770     
   0.39600       1.80468     
   0.39700       1.81187     
   0.39800       1.81888     
   0.39900       1.82644     
   0.40000       1.83360     

          


     
                  
   0.40100       1.84064     
   0.40200       1.84770     
   0.40300       1.85510     
   0.40400       1.86217     
   0.40500       1.86923     
   0.40600       1.87612     
   0.40700       1.88324     
   0.40800       1.89041     
   0.40900       1.89740     
   0.41000       1.90451     
   0.41100       1.91183     
   0.41200       1.91904     
   0.41300       1.92598     
   0.41400       1.93285     
   0.41500       1.94000     
   0.41600       1.94700     
   0.41700       1.95451     
   0.41800       1.96168     
   0.41900       1.96871     
   0.42000       1.97572     

          


     
                  
   0.42100       1.98289     
   0.42200       1.98990     
   0.42300       1.99721     
   0.42400       2.00450     
   0.42500       2.01141     
   0.42600       2.01824     
   0.42700       2.02545     
   0.42800       2.03257     
   0.42900       2.03996     
   0.43000       2.04720     
   0.43100       2.05420     
   0.43200       2.06122     
   0.43300       2.06844     
   0.43400       2.07547     
   0.43500       2.08268     
   0.43600       2.08998     
   0.43700       2.09691     
   0.43800       2.10395     
   0.43900       2.11111     
   0.44000       2.11817     

          


     
                  
   0.44100       2.12529     
   0.44200       2.13219     
   0.44300       2.13939     
   0.44400       2.14642     
   0.44500       2.15360     
   0.44600       2.16050     
   0.44700       2.16781     
   0.44800       2.17495     
   0.44900       2.18187     
   0.45000       2.18887     
   0.45100       2.19577     
   0.45200       2.20270     
   0.45300       2.21005     
   0.45400       2.21709     
   0.45500       2.22405     
   0.45600       2.23117     
   0.45700       2.23783     
   0.45800       2.24474     
   0.45900       2.25199     
   0.46000       2.25901     

          


     
                  
   0.46100       2.26615     
   0.46200       2.27290     
   0.46300       2.27961     
   0.46400       2.28685     
   0.46500       2.29412     
   0.46600       2.30083     
   0.46700       2.30768     
   0.46800       2.31451     
   0.46900       2.32135     
   0.47000       2.32833     
   0.47100       2.33551     
   0.47200       2.34261     
   0.47300       2.34945     
   0.47400       2.35618     
   0.47500       2.36321     
   0.47600       2.37018     
   0.47700       2.37713     
   0.47800       2.38382     
   0.47900       2.39122     
   0.48000       2.39818     

          


     
                  
   0.48100       2.40515     
   0.48200       2.41206     
   0.48300       2.41875     
   0.48400       2.42606     
   0.48500       2.43311     
   0.48600       2.44033     
   0.48700       2.44724     
   0.48800       2.45402     
   0.48900       2.46105     
   0.49000       2.46810     
   0.49100       2.47506     
   0.49200       2.48208     
   0.49300       2.48894     
   0.49400       2.49598     
   0.49500       2.50287     
   0.49600       2.50999     
   0.49700       2.51745     
   0.49800       2.52476     
   0.49900       2.53173     
   0.50000       2.53873     

          


     
                  
   0.50100       2.54552     
   0.50145       2.54933     
   0.50190       2.55264     
   0.50258       2.55722     
   0.50358       2.56392     
   0.50458       2.57129     
   0.50558       2.57882     
   0.50658       2.58461     
   0.50703       2.58879     
   0.50748       2.59175     
   0.50781       2.59450     
   0.50815       2.59688     
   0.50866       2.60076     
   0.50942       2.60658     
   0.51042       2.61272     
   0.51142       2.62026     
   0.51187       2.62350     
   0.51207       2.62560     
    1.0000       2.62587     

