
          


    
        0		0          
   0.10000E-02  0.174555E+008
   0.20000E-02  0.349111E+008
   0.30000E-02  0.523666E+008
   0.40000E-02  0.698221E+008
   0.50000E-02  0.872777E+008
   0.60000E-02  0.104733E+009
   0.70000E-02  0.122189E+009
   0.80000E-02  0.139644E+009
   0.90000E-02  0.157100E+009
   0.10000E-01  0.174555E+009
   0.11000E-01  0.192011E+009
   0.12000E-01  0.209466E+009
   0.13000E-01  0.226922E+009
   0.14000E-01  0.244377E+009
   0.15000E-01  0.261833E+009
   0.16000E-01  0.279289E+009
   0.17000E-01  0.296744E+009
   0.18000E-01  0.314200E+009
   0.19000E-01  0.331655E+009
   0.20000E-01  0.349111E+009

          


    
                  
   0.21000E-01  0.366566E+009
   0.22000E-01  0.384022E+009
   0.23000E-01  0.401477E+009
   0.24000E-01  0.418933E+009
   0.25000E-01  0.436388E+009
   0.26000E-01  0.453844E+009
   0.27000E-01  0.471299E+009
   0.28000E-01  0.488755E+009
   0.29000E-01  0.506210E+009
   0.30000E-01  0.523666E+009
   0.31000E-01  0.541122E+009
   0.32000E-01  0.558577E+009
   0.33000E-01  0.576033E+009
   0.34000E-01  0.593488E+009
   0.35000E-01  0.610944E+009
   0.36000E-01  0.628399E+009
   0.37000E-01  0.645855E+009
   0.38000E-01  0.663310E+009
   0.39000E-01  0.680766E+009
   0.40000E-01  0.698221E+009

          


    
                  
   0.41000E-01  0.715677E+009
   0.42000E-01  0.733132E+009
   0.43000E-01  0.750588E+009
   0.44000E-01  0.768043E+009
   0.45000E-01  0.785499E+009
   0.46000E-01  0.802955E+009
   0.47000E-01  0.809544E+009
   0.48000E-01  0.808603E+009
   0.49000E-01  0.807664E+009
   0.50000E-01  0.806726E+009
   0.51000E-01  0.805789E+009
   0.52000E-01  0.804642E+009
   0.53000E-01  0.803232E+009
   0.54000E-01  0.801802E+009
   0.55000E-01  0.800384E+009
   0.56000E-01  0.798975E+009
   0.57000E-01  0.797568E+009
   0.58000E-01  0.796163E+009
   0.59000E-01  0.794759E+009
   0.60000E-01  0.793358E+009

          


    
                  
   0.61000E-01  0.791960E+009
   0.62000E-01  0.790563E+009
   0.63000E-01  0.789169E+009
   0.64000E-01  0.787778E+009
   0.65000E-01  0.786388E+009
   0.66000E-01  0.785001E+009
   0.67000E-01  0.783617E+009
   0.68000E-01  0.782235E+009
   0.69000E-01  0.780649E+009
   0.70000E-01  0.779022E+009
   0.71000E-01  0.777396E+009
   0.72000E-01  0.775776E+009
   0.73000E-01  0.774160E+009
   0.74000E-01  0.772547E+009
   0.75000E-01  0.770924E+009
   0.76000E-01  0.769258E+009
   0.77000E-01  0.767596E+009
   0.78000E-01  0.765937E+009
   0.79000E-01  0.764282E+009
   0.80000E-01  0.762631E+009

          


    
                  
   0.81000E-01  0.760953E+009
   0.82000E-01  0.759193E+009
   0.83000E-01  0.757268E+009
   0.84000E-01  0.755318E+009
   0.85000E-01  0.753147E+009
   0.86000E-01  0.750889E+009
   0.87000E-01  0.748542E+009
   0.88000E-01  0.745859E+009
   0.89000E-01  0.743091E+009
   0.90000E-01  0.740358E+009
   0.91000E-01  0.737669E+009
   0.92000E-01  0.734993E+009
   0.93000E-01  0.732325E+009
   0.94000E-01  0.729668E+009
   0.95000E-01  0.727023E+009
   0.96000E-01  0.724278E+009
   0.97000E-01  0.721374E+009
   0.98000E-01  0.718535E+009
   0.99000E-01  0.715712E+009
   0.10000      0.712912E+009

          


    
                  
   0.10100      0.710098E+009
   0.10200      0.707214E+009
   0.10300      0.704217E+009
   0.10400      0.701221E+009
   0.10500      0.698109E+009
   0.10600      0.694807E+009
   0.10700      0.691313E+009
   0.10800      0.687665E+009
   0.10900      0.684092E+009
   0.11000      0.680491E+009
   0.11100      0.676949E+009
   0.11200      0.673420E+009
   0.11300      0.669924E+009
   0.11400      0.666309E+009
   0.11500      0.662652E+009
   0.11600      0.659049E+009
   0.11700      0.655441E+009
   0.11800      0.651837E+009
   0.11900      0.648230E+009
   0.12000      0.644492E+009

          


    
                  
   0.12100      0.640716E+009
   0.12200      0.636792E+009
   0.12300      0.632682E+009
   0.12400      0.628458E+009
   0.12500      0.624210E+009
   0.12600      0.620048E+009
   0.12700      0.615927E+009
   0.12800      0.611847E+009
   0.12900      0.607692E+009
   0.13000      0.603473E+009
   0.13100      0.599330E+009
   0.13200      0.595196E+009
   0.13300      0.591067E+009
   0.13400      0.586824E+009
   0.13500      0.582571E+009
   0.13600      0.578180E+009
   0.13700      0.573549E+009
   0.13800      0.568877E+009
   0.13900      0.564278E+009
   0.14000      0.559754E+009

          


    
                  
   0.14100      0.555292E+009
   0.14200      0.550757E+009
   0.14300      0.546193E+009
   0.14400      0.541726E+009
   0.14500      0.537252E+009
   0.14600      0.532737E+009
   0.14700      0.528199E+009
   0.14800      0.523548E+009
   0.14900      0.518626E+009
   0.15000      0.513773E+009
   0.15100      0.508916E+009
   0.15200      0.504211E+009
   0.15300      0.499490E+009
   0.15400      0.494760E+009
   0.15500      0.490065E+009
   0.15600      0.485423E+009
   0.15700      0.480757E+009
   0.15800      0.476088E+009
   0.15900      0.471316E+009
   0.16000      0.466309E+009

          


    
                  
   0.16100      0.461324E+009
   0.16200      0.456446E+009
   0.16300      0.451660E+009
   0.16400      0.446880E+009
   0.16500      0.442109E+009
   0.16600      0.437427E+009
   0.16700      0.432760E+009
   0.16800      0.428073E+009
   0.16900      0.423303E+009
   0.17000      0.418381E+009
   0.17100      0.413435E+009
   0.17200      0.408609E+009
   0.17300      0.403878E+009
   0.17400      0.399168E+009
   0.17500      0.394488E+009
   0.17600      0.389900E+009
   0.17700      0.385318E+009
   0.17800      0.380721E+009
   0.17900      0.376032E+009
   0.18000      0.371208E+009

          


    
                  
   0.18100      0.366488E+009
   0.18200      0.361859E+009
   0.18300      0.357315E+009
   0.18400      0.352797E+009
   0.18500      0.348375E+009
   0.18600      0.343970E+009
   0.18700      0.339550E+009
   0.18800      0.335097E+009
   0.18900      0.330480E+009
   0.19000      0.326008E+009
   0.19100      0.321616E+009
   0.19200      0.317301E+009
   0.19300      0.313038E+009
   0.19400      0.308862E+009
   0.19500      0.304688E+009
   0.19600      0.300502E+009
   0.19700      0.296247E+009
   0.19800      0.291919E+009
   0.19900      0.287788E+009
   0.20000      0.283717E+009

          


    
                  
   0.20100      0.279702E+009
   0.20200      0.275771E+009
   0.20300      0.271865E+009
   0.20400      0.267957E+009
   0.20500      0.263984E+009
   0.20600      0.259949E+009
   0.20700      0.256089E+009
   0.20800      0.252290E+009
   0.20900      0.248567E+009
   0.21000      0.244924E+009
   0.21100      0.241306E+009
   0.21200      0.237662E+009
   0.21300      0.233938E+009
   0.21400      0.230219E+009
   0.21500      0.226694E+009
   0.21600      0.223193E+009
   0.21700      0.219790E+009
   0.21800      0.216403E+009
   0.21900      0.213036E+009
   0.22000      0.209616E+009

          


    
                  
   0.22100      0.206158E+009
   0.22200      0.202893E+009
   0.22300      0.199652E+009
   0.22400      0.196495E+009
   0.22500      0.193373E+009
   0.22600      0.190272E+009
   0.22700      0.187101E+009
   0.22800      0.183931E+009
   0.22900      0.180911E+009
   0.23000      0.177944E+009
   0.23100      0.175062E+009
   0.23200      0.172198E+009
   0.23300      0.169259E+009
   0.23400      0.166346E+009
   0.23500      0.163525E+009
   0.23600      0.160763E+009
   0.23700      0.158074E+009
   0.23800      0.155435E+009
   0.23900      0.152822E+009
   0.24000      0.150157E+009

          


    
                  
   0.24100      0.147479E+009
   0.24200      0.144931E+009
   0.24300      0.142444E+009
   0.24400      0.140025E+009
   0.24500      0.137636E+009
   0.24600      0.135222E+009
   0.24700      0.132774E+009
   0.24800      0.130427E+009
   0.24900      0.128147E+009
   0.25000      0.125944E+009
   0.25100      0.123767E+009
   0.25200      0.121563E+009
   0.25300      0.119361E+009
   0.25400      0.117224E+009
   0.25500      0.115155E+009
   0.25600      0.113141E+009
   0.25700      0.111169E+009
   0.25800      0.109225E+009
   0.25900      0.107253E+009
   0.26000      0.105276E+009

          


    
                  
   0.26100      0.103397E+009
   0.26200      0.101576E+009
   0.26300      0.998037E+008
   0.26400      0.980643E+008
   0.26500      0.962904E+008
   0.26600      0.945111E+008
   0.26700      0.928104E+008
   0.26800      0.911586E+008
   0.26900      0.895703E+008
   0.27000      0.880070E+008
   0.27100      0.864243E+008
   0.27200      0.848250E+008
   0.27300      0.832891E+008
   0.27400      0.817986E+008
   0.27500      0.803703E+008
   0.27600      0.789688E+008
   0.27700      0.775494E+008
   0.27800      0.761171E+008
   0.27900      0.747261E+008
   0.28000      0.733861E+008

          


    
                  
   0.28100      0.721039E+008
   0.28200      0.708447E+008
   0.28300      0.695700E+008
   0.28400      0.682866E+008
   0.28500      0.670397E+008
   0.28600      0.658322E+008
   0.28700      0.646772E+008
   0.28800      0.635452E+008
   0.28900      0.624027E+008
   0.29000      0.612464E+008
   0.29100      0.601264E+008
   0.29200      0.590430E+008
   0.29300      0.580088E+008
   0.29400      0.569951E+008
   0.29500      0.559666E+008
   0.29600      0.549274E+008
   0.29700      0.539253E+008
   0.29800      0.529556E+008
   0.29900      0.520279E+008
   0.30000      0.511121E+008

          


    
                  
   0.30100      0.502125E+008
   0.30200      0.492586E+008
   0.30300      0.483745E+008
   0.30400      0.475184E+008
   0.30500      0.466841E+008
   0.30600      0.458657E+008
   0.30700      0.450433E+008
   0.30800      0.442070E+008
   0.30900      0.434123E+008
   0.31000      0.426407E+008
   0.31100      0.418970E+008
   0.31200      0.411709E+008
   0.31300      0.404472E+008
   0.31400      0.396968E+008
   0.31500      0.389920E+008
   0.31600      0.383101E+008
   0.31700      0.376463E+008
   0.31800      0.369980E+008
   0.31900      0.363494E+008
   0.32000      0.356886E+008

          


    
                  
   0.32100      0.350550E+008
   0.32200      0.344402E+008
   0.32300      0.338537E+008
   0.32400      0.332793E+008
   0.32500      0.326976E+008
   0.32600      0.321266E+008
   0.32700      0.315515E+008
   0.32800      0.310039E+008
   0.32900      0.304792E+008
   0.33000      0.299672E+008
   0.33100      0.294554E+008
   0.33200      0.289523E+008
   0.33300      0.284304E+008
   0.33400      0.279436E+008
   0.33500      0.274689E+008
   0.33600      0.270060E+008
   0.33700      0.265513E+008
   0.33800      0.261120E+008
   0.33900      0.256438E+008
   0.34000      0.252089E+008

          


    
                  
   0.34100      0.247874E+008
   0.34200      0.243713E+008
   0.34300      0.239644E+008
   0.34400      0.235698E+008
   0.34500      0.231509E+008
   0.34600      0.227559E+008
   0.34700      0.223735E+008
   0.34800      0.220008E+008
   0.34900      0.216340E+008
   0.35000      0.212749E+008
   0.35100      0.209199E+008
   0.35200      0.205537E+008
   0.35300      0.202071E+008
   0.35400      0.198747E+008
   0.35500      0.195507E+008
   0.35600      0.192198E+008
   0.35700      0.188968E+008
   0.35800      0.185718E+008
   0.35900      0.182576E+008
   0.36000      0.179600E+008

          


    
                  
   0.36100      0.176694E+008
   0.36200      0.173714E+008
   0.36300      0.170825E+008
   0.36400      0.167859E+008
   0.36500      0.165037E+008
   0.36600      0.162345E+008
   0.36700      0.159716E+008
   0.36800      0.157091E+008
   0.36900      0.154369E+008
   0.37000      0.151777E+008
   0.37100      0.149236E+008
   0.37200      0.146824E+008
   0.37300      0.144452E+008
   0.37400      0.142136E+008
   0.37500      0.139634E+008
   0.37600      0.137331E+008
   0.37700      0.135069E+008
   0.37800      0.132880E+008
   0.37900      0.130740E+008
   0.38000      0.128574E+008

          


    
                  
   0.38100      0.126447E+008
   0.38200      0.124369E+008
   0.38300      0.122400E+008
   0.38400      0.120492E+008
   0.38500      0.118501E+008
   0.38600      0.116492E+008
   0.38700      0.114659E+008
   0.38800      0.112849E+008
   0.38900      0.111066E+008
   0.39000      0.109338E+008
   0.39100      0.107564E+008
   0.39200      0.105761E+008
   0.39300      0.104139E+008
   0.39400      0.102521E+008
   0.39500      0.100937E+008
   0.39600      0.993927E+007
   0.39700      0.978300E+007
   0.39800      0.963344E+007
   0.39900      0.947518E+007
   0.40000      0.932812E+007

          


    
                  
   0.40100      0.918625E+007
   0.40200      0.904631E+007
   0.40300      0.890252E+007
   0.40400      0.876767E+007
   0.40500      0.863551E+007
   0.40600      0.850872E+007
   0.40700      0.838019E+007
   0.40800      0.825304E+007
   0.40900      0.813132E+007
   0.41000      0.800986E+007
   0.41100      0.788714E+007
   0.41200      0.776840E+007
   0.41300      0.765624E+007
   0.41400      0.754730E+007
   0.41500      0.743585E+007
   0.41600      0.732880E+007
   0.41700      0.721615E+007
   0.41800      0.711050E+007
   0.41900      0.700896E+007
   0.42000      0.690944E+007

          


    
                  
   0.42100      0.680957E+007
   0.42200      0.671368E+007
   0.42300      0.661562E+007
   0.42400      0.651963E+007
   0.42500      0.643030E+007
   0.42600      0.634371E+007
   0.42700      0.625391E+007
   0.42800      0.616685E+007
   0.42900      0.607814E+007
   0.43000      0.599299E+007
   0.43100      0.591224E+007
   0.43200      0.583259E+007
   0.43300      0.575236E+007
   0.43400      0.567557E+007
   0.43500      0.559834E+007
   0.43600      0.552170E+007
   0.43700      0.545024E+007
   0.43800      0.537893E+007
   0.43900      0.530787E+007
   0.44000      0.523909E+007

          


    
                  
   0.44100      0.517093E+007
   0.44200      0.510617E+007
   0.44300      0.503990E+007
   0.44400      0.497633E+007
   0.44500      0.491270E+007
   0.44600      0.485264E+007
   0.44700      0.479023E+007
   0.44800      0.473047E+007
   0.44900      0.467358E+007
   0.45000      0.461713E+007
   0.45100      0.456256E+007
   0.45200      0.450871E+007
   0.45300      0.445266E+007
   0.45400      0.440009E+007
   0.45500      0.434903E+007
   0.45600      0.429783E+007
   0.45700      0.425081E+007
   0.45800      0.420286E+007
   0.45900      0.415361E+007
   0.46000      0.410682E+007

          


    
                  
   0.46100      0.406012E+007
   0.46200      0.401679E+007
   0.46300      0.397448E+007
   0.46400      0.392974E+007
   0.46500      0.388568E+007
   0.46600      0.384584E+007
   0.46700      0.380584E+007
   0.46800      0.376674E+007
   0.46900      0.372836E+007
   0.47000      0.368987E+007
   0.47100      0.365111E+007
   0.47200      0.361350E+007
   0.47300      0.357793E+007
   0.47400      0.354365E+007
   0.47500      0.350847E+007
   0.47600      0.347431E+007
   0.47700      0.344088E+007
   0.47800      0.340934E+007
   0.47900      0.337513E+007
   0.48000      0.334360E+007

          


    
                  
   0.48100      0.331260E+007
   0.48200      0.328250E+007
   0.48300      0.325393E+007
   0.48400      0.322332E+007
   0.48500      0.319439E+007
   0.48600      0.316534E+007
   0.48700      0.313815E+007
   0.48800      0.311194E+007
   0.48900      0.308534E+007
   0.49000      0.305919E+007
   0.49100      0.303387E+007
   0.49200      0.300888E+007
   0.49300      0.298492E+007
   0.49400      0.296083E+007
   0.49500      0.293773E+007
   0.49600      0.291436E+007
   0.49700      0.289040E+007
   0.49800      0.286742E+007
   0.49900      0.284596E+007
   0.50000      0.282487E+007

          


    
                  
   0.50100      0.280482E+007
   0.50145      0.279376E+007
   0.50190      0.278422E+007
   0.50258      0.277123E+007
   0.50358      0.275250E+007
   0.50458      0.273235E+007
   0.50558      0.271222E+007
   0.50658      0.269705E+007
   0.50703      0.268627E+007
   0.50748      0.267871E+007
   0.50781      0.267175E+007
   0.50815      0.266579E+007
   0.50866      0.265614E+007
   0.50942      0.264188E+007
   0.51042      0.262714E+007
   0.51142      0.260940E+007
   0.51187      0.260190E+007
   0.51207      0.259709E+007
    1.0000      0.259646E+007

