	0		0
   0.10000E-01 -0.660000E-003
   0.20000E-01 -0.132000E-002
   0.30000E-01 -0.198000E-002
   0.40000E-01 -0.264000E-002
   0.50000E-01 -0.330000E-002
   0.60000E-01 -0.396000E-002
   0.70000E-01 -0.462000E-002
   0.80000E-01 -0.528000E-002
   0.90000E-01 -0.594000E-002
   0.10000     -0.660000E-002
   0.11000     -0.726000E-002
   0.12000     -0.792000E-002
   0.13000     -0.858000E-002
   0.14000     -0.924000E-002
   0.15000     -0.990000E-002
   0.16000     -0.105600E-001
   0.17000     -0.112200E-001
   0.18000     -0.118800E-001
   0.19000     -0.125400E-001
   0.20000     -0.132000E-001
   0.21000     -0.138600E-001
   0.22000     -0.139370E-001
   0.23000     -0.133052E-001
   0.24000     -0.127021E-001
   0.25000     -0.121263E-001
   0.26000     -0.115766E-001
   0.27000     -0.110518E-001
   0.28000     -0.105508E-001
   0.29000     -0.100725E-001
   0.30000     -0.961591E-002
   0.31000     -0.918001E-002
   0.32000     -0.876387E-002
   0.33000     -0.836660E-002
   0.34000     -0.798733E-002
   0.35000     -0.762525E-002
   0.36000     -0.727959E-002
   0.37000     -0.694960E-002
   0.38000     -0.663457E-002
   0.39000     -0.633382E-002
   0.40000     -0.604670E-002
   0.41000     -0.577259E-002
   0.42000     -0.551092E-002
   0.43000     -0.526110E-002
   0.44000     -0.502261E-002
   0.45000     -0.479493E-002
   0.46000     -0.457757E-002
   0.47000     -0.437006E-002
   0.48000     -0.417196E-002
   0.49000     -0.398284E-002
   0.50000     -0.380230E-002
   0.51000     -0.362993E-002
   0.52000     -0.346538E-002
   0.53000     -0.330830E-002
   0.54000     -0.315833E-002
   0.55000     -0.301516E-002
   0.56000     -0.287848E-002
   0.57000     -0.274799E-002
   0.58000     -0.262342E-002
   0.59000     -0.250450E-002
   0.60000     -0.239097E-002
   0.61000     -0.228258E-002
   0.62000     -0.217911E-002
   0.63000     -0.208033E-002
   0.64000     -0.198602E-002
   0.65000     -0.189600E-002
   0.66000     -0.181005E-002
   0.67000     -0.172800E-002
   0.68000     -0.164967E-002
   0.69000     -0.157488E-002
   0.70000     -0.150349E-002
   0.71000     -0.143534E-002
   0.72000     -0.137027E-002
   0.73000     -0.130816E-002
   0.74000     -0.124886E-002
   0.75000     -0.119224E-002
   0.76000     -0.113820E-002
   0.77000     -0.108660E-002
   0.78000     -0.103735E-002
   0.79000     -0.990322E-003
   0.80000     -0.945429E-003
   0.81000     -0.902572E-003
   0.82000     -0.861657E-003
   0.83000     -0.822597E-003
   0.84000     -0.785308E-003
   0.85000     -0.749709E-003
   0.86000     -0.715724E-003
   0.87000     -0.683280E-003
   0.88000     -0.652306E-003
   0.89000     -0.622736E-003
   0.90000     -0.594507E-003
   0.91000     -0.567557E-003
   0.92000     -0.541829E-003
   0.93000     -0.517267E-003
   0.94000     -0.493819E-003
   0.95000     -0.471434E-003
   0.96000     -0.450063E-003
   0.97000     -0.429661E-003
   0.98000     -0.410184E-003
   0.99000     -0.391590E-003
    1.0000     -0.373839E-003

