	0		0
   0.10000E-01  0.110000E+009
   0.20000E-01  0.220000E+009
   0.30000E-01  0.330000E+009
   0.40000E-01  0.440000E+009
   0.50000E-01  0.550000E+009
   0.60000E-01  0.660000E+009
   0.70000E-01  0.770000E+009
   0.80000E-01  0.880000E+009
   0.90000E-01  0.990000E+009
   0.10000      0.110000E+010
   0.11000      0.121000E+010
   0.12000      0.132000E+010
   0.13000      0.143000E+010
   0.14000      0.154000E+010
   0.15000      0.165000E+010
   0.16000      0.176000E+010
   0.17000      0.187000E+010
   0.18000      0.198000E+010
   0.19000      0.209000E+010
   0.20000      0.220000E+010
   0.21000      0.231000E+010
   0.22000      0.222956E+010
   0.23000      0.194366E+010
   0.24000      0.169762E+010
   0.25000      0.148531E+010
   0.26000      0.130164E+010
   0.27000      0.114237E+010
   0.28000      0.100396E+010
   0.29000      0.883451E+009
   0.30000      0.778331E+009
   0.31000      0.686483E+009
   0.32000      0.606104E+009
   0.33000      0.535659E+009
   0.34000      0.473837E+009
   0.35000      0.419513E+009
   0.36000      0.371721E+009
   0.37000      0.329627E+009
   0.38000      0.292514E+009
   0.39000      0.259759E+009
   0.40000      0.230824E+009
   0.41000      0.205240E+009
   0.42000      0.182601E+009
   0.43000      0.162551E+009
   0.44000      0.144781E+009
   0.45000      0.129020E+009
   0.46000      0.115031E+009
   0.47000      0.102608E+009
   0.48000      0.915681E+008
   0.49000      0.817514E+008
   0.50000      0.730174E+008
   0.51000      0.652427E+008
   0.52000      0.583182E+008
   0.53000      0.521480E+008
   0.54000      0.466471E+008
   0.55000      0.417409E+008
   0.56000      0.373630E+008
   0.57000      0.334550E+008
   0.58000      0.299649E+008
   0.59000      0.268469E+008
   0.60000      0.240603E+008
   0.61000      0.215689E+008
   0.62000      0.193407E+008
   0.63000      0.173472E+008
   0.64000      0.155630E+008
   0.65000      0.139658E+008
   0.66000      0.125355E+008
   0.67000      0.112542E+008
   0.68000      0.101062E+008
   0.69000      0.907722E+007
   0.70000      0.815473E+007
   0.71000      0.732748E+007
   0.72000      0.658546E+007
   0.73000      0.591972E+007
   0.74000      0.532228E+007
   0.75000      0.478601E+007
   0.76000      0.430454E+007
   0.77000      0.387218E+007
   0.78000      0.348383E+007
   0.79000      0.313495E+007
   0.80000      0.282145E+007
   0.81000      0.253971E+007
   0.82000      0.228644E+007
   0.83000      0.205874E+007
   0.84000      0.185398E+007
   0.85000      0.166983E+007
   0.86000      0.150417E+007
   0.87000      0.135513E+007
   0.88000      0.122102E+007
   0.89000      0.110033E+007
   0.90000       991690.     
   0.91000       893887.     
   0.92000       805826.     
   0.93000       726527.     
   0.94000       655108.     
   0.95000       590775.     
   0.96000       532820.     
   0.97000       480602.     
   0.98000       433547.     
   0.99000       391141.     
    1.0000       352918.     

