
         


          
          0	    0           
   0.20000E-02   100.145     
   0.40000E-02   200.290     
   0.60000E-02   300.435     
   0.80000E-02   400.580     
   0.10000E-01   500.724     
   0.12000E-01   600.869     
   0.14000E-01   701.014     
   0.16000E-01   801.159     
   0.18000E-01   901.304     
   0.20000E-01   1001.45     
   0.22000E-01   1101.59     
   0.24000E-01   1201.74     
   0.26000E-01   1301.88     
   0.28000E-01   1402.03     
   0.30000E-01   1502.17     
   0.32000E-01   1602.32     
   0.34000E-01   1702.46     
   0.36000E-01   1802.61     
   0.38000E-01   1902.75     
   0.40000E-01   2002.90     

         


          
                     
   0.42000E-01   2103.04     
   0.44000E-01   2203.19     
   0.46000E-01   2303.33     
   0.48000E-01   2403.48     
   0.50000E-01   2503.62     
   0.52000E-01   2603.77     
   0.54000E-01   2703.91     
   0.56000E-01   2804.06     
   0.58000E-01   2904.20     
   0.60000E-01   3003.44     
   0.62000E-01   3102.39     
   0.64000E-01   3201.22     
   0.66000E-01   3298.09     
   0.68000E-01   3394.72     
   0.70000E-01   3491.38     
   0.72000E-01   3588.12     
   0.74000E-01   3684.85     
   0.76000E-01   3781.58     
   0.78000E-01   3878.31     
   0.80000E-01   3975.04     

         


          
                     
   0.82000E-01   4071.77     
   0.84000E-01   4168.50     
   0.86000E-01   4265.23     
   0.88000E-01   4360.90     
   0.90000E-01   4456.38     
   0.92000E-01   4551.86     
   0.94000E-01   4647.35     
   0.96000E-01   4742.85     
   0.98000E-01   4838.35     
   0.10000       4933.85     
   0.10200       5027.72     
   0.10400       5121.00     
   0.10600       5214.38     
   0.10800       5306.50     
   0.11000       5396.77     
   0.11200       5484.51     
   0.11400       5571.75     
   0.11600       5659.34     
   0.11800       5747.12     
   0.12000       5834.93     

         


          
                     
   0.12200       5922.63     
   0.12400       6008.87     
   0.12600       6094.71     
   0.12800       6180.83     
   0.13000       6267.00     
   0.13200       6351.03     
   0.13400       6434.35     
   0.13600       6516.65     
   0.13800       6595.66     
   0.14000       6671.36     
   0.14200       6746.71     
   0.14400       6822.74     
   0.14600       6899.22     
   0.14800       6974.80     
   0.15000       7049.17     
   0.15200       7123.73     
   0.15400       7197.56     
   0.15600       7269.58     
   0.15800       7340.62     
   0.16000       7408.04     

         


          
                     
   0.16200       7470.43     
   0.16400       7532.01     
   0.16600       7595.05     
   0.16800       7658.79     
   0.17000       7721.03     
   0.17200       7782.78     
   0.17400       7843.94     
   0.17600       7903.44     
   0.17800       7961.26     
   0.18000       8012.95     
   0.18200       8061.26     
   0.18400       8109.87     
   0.18600       8160.78     
   0.18800       8210.63     
   0.19000       8260.13     
   0.19200       8308.73     
   0.19400       8355.81     
   0.19600       8400.13     
   0.19800       8435.68     
   0.20000       8470.57     

         


          
                     
   0.20200       8508.28     
   0.20400       8546.52     
   0.20600       8584.53     
   0.20800       8621.35     
   0.21000       8656.86     
   0.21200       8687.08     
   0.21400       8709.04     
   0.21600       8732.05     
   0.21800       8757.98     
   0.22000       8785.22     
   0.22200       8812.04     
   0.22400       8836.90     
   0.22600       8849.15     
   0.22800       8861.60     
   0.23000       8877.91     
   0.23200       8894.29     
   0.23400       8911.55     
   0.23600       8927.13     
   0.23800       8940.03     
   0.24000       8939.32     

         


          
                     
   0.24200       8941.44     
   0.24400       8947.41     
   0.24600       8955.65     
   0.24800       8963.84     
   0.25000       8969.65     
   0.25200       8962.42     
   0.25400       8956.61     
   0.25600       8955.20     
   0.25800       8956.41     
   0.26000       8956.85     
   0.26200       8956.56     
   0.26400       8942.27     
   0.26600       8927.68     
   0.26800       8921.38     
   0.27000       8918.84     
   0.27200       8913.78     
   0.27400       8908.58     
   0.27600       8887.96     
   0.27800       8869.47     
   0.28000       8857.37     

         


          
                     
   0.28200       8849.25     
   0.28400       8840.53     
   0.28600       8828.27     
   0.28800       8806.40     
   0.29000       8785.77     
   0.29200       8771.26     
   0.29400       8760.48     
   0.29600       8748.37     
   0.29800       8734.11     
   0.30000       8702.27     
   0.30200       8682.82     
   0.30400       8668.41     
   0.30600       8653.12     
   0.30800       8638.67     
   0.31000       8618.06     
   0.31200       8586.66     
   0.31400       8569.95     
   0.31600       8554.83     
   0.31800       8538.79     
   0.32000       8523.54     

         


          
                     
   0.32200       8500.04     
   0.32400       8469.50     
   0.32600       8451.88     
   0.32800       8436.17     
   0.33000       8418.63     
   0.33200       8401.75     
   0.33400       8373.00     
   0.33600       8344.35     
   0.33800       8325.30     
   0.34000       8309.55     
   0.34200       8290.21     
   0.34400       8270.42     
   0.34600       8241.03     
   0.34800       8213.98     
   0.35000       8192.29     
   0.35200       8172.97     
   0.35400       8153.49     
   0.35600       8132.98     
   0.35800       8102.03     
   0.36000       8070.34     

         


          
                     
   0.36200       8043.06     
   0.36400       8029.05     
   0.36600       8007.91     
   0.36800       7986.26     
   0.37000       7954.11     
   0.37200       7924.09     
   0.37400       7901.50     
   0.37600       7882.75     
   0.37800       7862.95     
   0.38000       7847.56     
   0.38200       7819.78     
   0.38400       7791.46     
   0.38600       7769.03     
   0.38800       7749.61     
   0.39000       7729.91     
   0.39200       7714.95     
   0.39400       7688.33     
   0.39600       7665.93     
   0.39800       7640.40     
   0.40000       7617.55     

         


          
                     
   0.40200       7600.22     
   0.40400       7583.39     
   0.40600       7564.87     
   0.40800       7534.55     
   0.41000       7506.61     
   0.41200       7486.56     
   0.41400       7465.58     
   0.41600       7449.14     
   0.41800       7433.89     
   0.42000       7393.56     
   0.42200       7368.45     
   0.42400       7350.87     
   0.42600       7322.73     
   0.42800       7305.50     
   0.43000       7284.56     
   0.43200       7251.39     
   0.43400       7217.73     
   0.43600       7199.09     
   0.43800       7174.12     
   0.44000       7151.66     

         


          
                     
   0.44200       7121.49     
   0.44400       7097.61     
   0.44600       7067.12     
   0.44800       7040.66     
   0.45000       7018.69     
   0.45200       7001.84     
   0.45400       6982.14     
   0.45600       6948.84     
   0.45800       6919.31     
   0.46000       6894.36     
   0.46200       6872.77     
   0.46400       6856.83     
   0.46600       6840.62     
   0.46800       6806.84     
   0.47000       6776.18     
   0.47200       6752.58     
   0.47400       6727.32     
   0.47600       6713.30     
   0.47800       6687.80     
   0.48000       6657.47     

         


          
                     
   0.48200       6628.51     
   0.48400       6604.07     
   0.48600       6578.82     
   0.48800       6563.44     
   0.48890       6555.18     
   0.48980       6544.65     
   0.49070       6524.64     
   0.49205       6507.25     
   0.49405       6458.80     
   0.49605       6449.42     
   0.49805       6430.49     
   0.50005       6408.71     
   0.50205       6385.94     
   0.50405       6347.75     
   0.50605       6327.37     
   0.50805       6299.10     
   0.51005       6277.37     
   0.51205       6253.90     
   0.51405       6246.92     
   0.51605       6177.14     

         


          
                     
   0.51805       6172.69     
   0.52005       6149.56     
   0.52205       6132.28     
   0.52405       6106.20     
   0.52495       6097.90     
   0.52585       6073.26     
   0.52720       6059.44     
   0.52920       6035.70     
   0.53120       6018.98     
   0.53320       5991.87     
   0.53520       5969.05     
   0.53720       5954.04     
   0.53920       5919.51     
   0.54120       5887.44     
   0.54320       5869.61     
   0.54520       5850.55     
   0.54720       5827.50     
   0.54920       5805.34     
   0.55120       5778.89     
   0.55320       5723.27     

         


          
                     
   0.55520       5696.24     
   0.55720       5692.99     
   0.55920       5673.34     
   0.56120       5655.64     
   0.56220       5632.54     
  

