
         


          
         0	     0             
   0.20000E-02   100.885     
   0.40000E-02   201.769     
   0.60000E-02   302.654     
   0.80000E-02   403.538     
   0.10000E-01   504.423     
   0.12000E-01   605.307     
   0.14000E-01   706.192     
   0.16000E-01   807.076     
   0.18000E-01   907.961     
   0.20000E-01   1008.85     
   0.22000E-01   1109.73     
   0.24000E-01   1210.61     
   0.26000E-01   1311.50     
   0.28000E-01   1412.38     
   0.30000E-01   1513.27     
   0.32000E-01   1614.15     
   0.34000E-01   1715.04     
   0.36000E-01   1815.92     
   0.38000E-01   1916.81     
   0.40000E-01   2017.69     

         


          
                      
   0.42000E-01   2118.58     
   0.44000E-01   2219.46     
   0.46000E-01   2320.34     
   0.48000E-01   2421.23     
   0.50000E-01   2522.11     
   0.52000E-01   2623.00     
   0.54000E-01   2723.88     
   0.56000E-01   2824.77     
   0.58000E-01   2925.65     
   0.60000E-01   3026.54     
   0.62000E-01   3127.42     
   0.64000E-01   3228.24     
   0.66000E-01   3328.05     
   0.68000E-01   3427.86     
   0.70000E-01   3525.86     
   0.72000E-01   3623.42     
   0.74000E-01   3720.98     
   0.76000E-01   3818.59     
   0.78000E-01   3916.22     
   0.80000E-01   4013.84     

         


          
                      
   0.82000E-01   4111.46     
   0.84000E-01   4209.08     
   0.86000E-01   4306.70     
   0.88000E-01   4404.32     
   0.90000E-01   4501.94     
   0.92000E-01   4599.36     
   0.94000E-01   4695.84     
   0.96000E-01   4792.28     
   0.98000E-01   4888.72     
   0.10000       4985.18     
   0.10200       5081.64     
   0.10400       5176.79     
   0.10600       5271.37     
   0.10800       5365.98     
   0.11000       5460.64     
   0.11200       5555.31     
   0.11400       5648.26     
   0.11600       5738.24     
   0.11800       5827.02     
   0.12000       5915.96     

         


          
                      
   0.12200       6005.07     
   0.12400       6094.25     
   0.12600       6183.44     
   0.12800       6272.65     
   0.13000       6360.65     
   0.13200       6448.16     
   0.13400       6535.81     
   0.13600       6622.42     
   0.13800       6707.79     
   0.14000       6793.03     
   0.14200       6878.45     
   0.14400       6962.07     
   0.14600       7041.21     
   0.14800       7119.04     
   0.15000       7197.37     
   0.15200       7276.10     
   0.15400       7354.95     
   0.15600       7433.38     
   0.15800       7510.57     
   0.16000       7587.61     

         


          
                      
   0.16200       7663.23     
   0.16400       7737.71     
   0.16600       7812.27     
   0.16800       7885.99     
   0.17000       7954.94     
   0.17200       8020.91     
   0.17400       8087.25     
   0.17600       8154.49     
   0.17800       8222.14     
   0.18000       8288.53     
   0.18200       8354.18     
   0.18400       8418.82     
   0.18600       8481.96     
   0.18800       8545.12     
   0.19000       8607.29     
   0.19200       8663.49     
   0.19400       8716.82     
   0.19600       8771.34     
   0.19800       8827.26     
   0.20000       8883.00     

         


          
                      
   0.20200       8937.57     
   0.20400       8991.05     
   0.20600       9042.91     
   0.20800       9094.84     
   0.21000       9145.01     
   0.21200       9186.03     
   0.21400       9229.37     
   0.21600       9273.81     
   0.21800       9318.93     
   0.22000       9362.74     
   0.22200       9405.42     
   0.22400       9446.55     
   0.22600       9487.59     
   0.22800       9526.60     
   0.23000       9558.22     
   0.23200       9588.62     
   0.23400       9621.63     
   0.23600       9655.61     
   0.23800       9689.12     
   0.24000       9720.17     

         


          
                      
   0.24200       9750.22     
   0.24400       9780.10     
   0.24600       9797.27     
   0.24800       9819.67     
   0.25000       9843.65     
   0.25200       9867.16     
   0.25400       9890.23     
   0.25600       9911.05     
   0.25800       9932.07     
   0.26000       9949.04     
   0.26200       9957.73     
   0.26400       9968.62     
   0.26600       9982.56     
   0.26800       9997.64     
   0.27000       10010.9     
   0.27200       10022.7     
   0.27400       10033.8     
   0.27600       10034.7     
   0.27800       10035.1     
   0.28000       10041.6     

         


          
                      
   0.28200       10049.4     
   0.28400       10054.4     
   0.28600       10059.2     
   0.28800       10063.3     
   0.29000       10058.5     
   0.29200       10053.3     
   0.29400       10053.1     
   0.29600       10054.5     
   0.29800       10054.0     
   0.30000       10053.0     
   0.30200       10051.5     
   0.30400       10039.1     
   0.30600       10028.5     
   0.30800       10023.0     
   0.31000       10018.6     
   0.31200       10012.7     
   0.31400       10009.2     
   0.31600       9992.32     
   0.31800       9979.61     
   0.32000       9969.21     

         


          
                      
   0.32200       9961.81     
   0.32400       9952.86     
   0.32600       9943.37     
   0.32800       9934.67     
   0.33000       9910.42     
   0.33200       9896.40     
   0.33400       9884.84     
   0.33600       9873.51     
   0.33800       9861.46     
   0.34000       9848.85     
   0.34200       9837.79     
   0.34400       9815.72     
   0.34600       9795.31     
   0.34800       9779.04     
   0.35000       9767.20     
   0.35200       9754.97     
   0.35400       9740.47     
   0.35600       9728.95     
   0.35800       9705.23     
   0.36000       9681.42     

         


          
                      
   0.36200       9666.01     
   0.36400       9653.35     
   0.36600       9637.94     
   0.36800       9622.23     
   0.37000       9607.76     
   0.37200       9580.50     
   0.37400       9557.45     
   0.37600       9538.87     
   0.37800       9522.23     
   0.38000       9506.87     
   0.38200       9491.45     
   0.38400       9466.10     
   0.38600       9441.79     
   0.38800       9420.14     
   0.39000       9401.68     
   0.39200       9383.67     
   0.39400       9363.43     
   0.39600       9345.10     
   0.39800       9319.73     
   0.40000       9290.70     

         


          
                      
   0.40200       9269.33     
   0.40400       9250.91     
   0.40600       9232.36     
   0.40800       9210.92     
   0.41000       9188.89     
   0.41200       9165.79     
   0.41400       9138.05     
   0.41600       9115.06     
   0.41800       9095.69     
   0.42000       9077.94     
   0.42200       9059.07     
   0.42400       9041.60     
   0.42600       9013.36     
   0.42800       8986.45     
   0.43000       8964.75     
   0.43200       8946.42     
   0.43400       8929.39     
   0.43600       8911.31     
   0.43800       8893.99     
   0.44000       8867.77     

         


          
                      
   0.44200       8843.57     
   0.44400       8821.31     
   0.44600       8802.99     
   0.44800       8785.78     
   0.45000       8765.57     
   0.45200       8748.16     
   0.45400       8725.13     
   0.45600       8696.35     
   0.45800       8675.46     
   0.46000       8657.66     
   0.46200       8637.13     
   0.46400       8615.16     
   0.46600       8598.70     
   0.46800       8569.88     
   0.47000       8540.52     
   0.47200       8520.21     
   0.47400       8501.33     
   0.47600       8479.57     
   0.47800       8458.06     
   0.48000       8438.01     

         


          
                      
   0.48200       8409.48     
   0.48400       8379.07     
   0.48600       8353.17     
   0.48800       8330.25     
   0.49000       8304.97     
   0.49200       8286.99     
   0.49400       8265.55     
   0.49600       8238.80     
   0.49800       8206.76     
   0.50000       8183.16     
   0.50200       8163.31     
   0.50400       8142.40     
   0.50600       8117.86     
   0.50800       8096.38     
   0.51000       8063.72     
   0.51200       8037.89     
   0.51400       8018.78     
   0.51600       7998.15     
   0.51800       7973.24     
   0.52000       7952.04     

         


          
                      
   0.52200       7932.47     
   0.52400       7906.54     
   0.52600       7875.14     
   0.52800       7852.33     
   0.53000       7833.28     
   0.53200       7812.52     
   0.53400       7788.36     
   0.53600       7760.70     
   0.53800       7735.60     
   0.54000       7708.89     
   0.54200       7686.51     
   0.54400       7666.32     
   0.54600       7640.45     
   0.54800       7618.21     
   0.55000       7590.39     
   0.55200       7558.95     
   0.55400       7531.68     
   0.55600       7507.65     
   0.55800       7486.31     
   0.56000       7463.60     

         


          
                      
   0.56200       7443.34     
   0.56400       7413.83     
   0.56600       7384.74     
   0.56800       7357.31     
   0.57000       7332.52     
   0.57200       7308.82     
   0.57400       7282.84     
   0.57600       7264.97     
   0.57800       7236.93     
   0.58000       7207.61     
   0.58200       7178.94     
   0.58400       7162.69     
   0.58600       7138.11     
   0.58800       7112.86     
   0.59000       7095.90     
   0.59200       7064.74     
   0.59400       7036.40     
   0.59600       7014.28     
   0.59800       6997.21     
   0.60000       6972.45     

         


          
                      
   0.60200       6946.72     
   0.60400       6930.40     
   0.60600       6899.59     
   0.60800       6869.60     
   0.61000       6848.96     
   0.61200       6830.27     
   0.61400       6798.00     
   0.61600       6780.72     
   0.61800       6762.70     
   0.62000       6728.05     
   0.62200       6699.96     
   0.62400       6675.76     
   0.62600       6654.58     
   0.62800       6634.84     
   0.63000       6606.71     
   0.63200       6583.06     
   0.63400       6550.17     
   0.63600       6522.10     
   0.63800       6493.97     
   0.64000       6468.91     

         


          
                      
   0.64200       6447.88     
   0.64400       6427.56     
   0.64600       6403.07     
   0.64800       6368.80     
   0.65000       6343.18     
   0.65200       6320.59     
   0.65400       6297.91     
   0.65600       6274.66     
   0.65800       6253.29     
   0.66000       6227.02     
   0.66200       6199.15     
   0.66400       6168.93     
   0.66600       6150.56     
   0.66800       6130.95     
   0.67000       6105.65     
   0.67200       6083.72     
   0.67400       6068.92     
   0.67600       6029.07     
   0.67800       6000.00     
   0.68000       5975.53     

         


          
                      
   0.68200       5952.27     
   0.68400       5932.65     
   0.68600       5913.44     
   0.68800       5878.17     
   0.69000       5853.43     
   0.69200       5832.20     
   0.69400       5813.49     
   0.69600       5786.70     
   0.69800       5756.64     
   0.70000       5732.59     
    1.0000       5679.92     

