
          


          
        0		0             
   0.20000E-02  0.400000E-005
   0.40000E-02  0.800000E-005
   0.60000E-02  0.120000E-004
   0.80000E-02  0.160000E-004
   0.10000E-01  0.200000E-004
   0.12000E-01  0.240000E-004
   0.14000E-01  0.280000E-004
   0.16000E-01  0.320000E-004
   0.18000E-01  0.360000E-004
   0.20000E-01  0.400000E-004
   0.22000E-01  0.440000E-004
   0.24000E-01  0.480000E-004
   0.26000E-01  0.520000E-004
   0.28000E-01  0.560000E-004
   0.30000E-01  0.600000E-004
   0.32000E-01  0.640000E-004
   0.34000E-01  0.680000E-004
   0.36000E-01  0.720000E-004
   0.38000E-01  0.760000E-004
   0.40000E-01  0.800000E-004

          


          
                     
   0.42000E-01  0.840000E-004
   0.44000E-01  0.880000E-004
   0.46000E-01  0.920000E-004
   0.48000E-01  0.960000E-004
   0.50000E-01  0.100000E-003
   0.52000E-01  0.104000E-003
   0.54000E-01  0.108000E-003
   0.56000E-01  0.112000E-003
   0.58000E-01  0.116000E-003
   0.60000E-01  0.120000E-003
   0.62000E-01  0.124000E-003
   0.64000E-01  0.128000E-003
   0.66000E-01  0.132000E-003
   0.68000E-01  0.136000E-003
   0.70000E-01  0.140000E-003
   0.72000E-01  0.144000E-003
   0.74000E-01  0.148000E-003
   0.76000E-01  0.152000E-003
   0.78000E-01  0.156000E-003
   0.80000E-01  0.160000E-003

          


          
                     
   0.82000E-01  0.164000E-003
   0.84000E-01  0.168000E-003
   0.86000E-01  0.172000E-003
   0.88000E-01  0.176000E-003
   0.90000E-01  0.180000E-003
   0.92000E-01  0.184000E-003
   0.94000E-01  0.188000E-003
   0.96000E-01  0.192000E-003
   0.98000E-01  0.196000E-003
   0.10000      0.200000E-003
   0.10200      0.204000E-003
   0.10400      0.208000E-003
   0.10600      0.212000E-003
   0.10800      0.216000E-003
   0.11000      0.220000E-003
   0.11200      0.224000E-003
   0.11400      0.228000E-003
   0.11600      0.232000E-003
   0.11800      0.236000E-003
   0.12000      0.240000E-003

          


          
                     
   0.12200      0.244000E-003
   0.12400      0.248000E-003
   0.12600      0.252000E-003
   0.12800      0.256000E-003
   0.13000      0.260000E-003
   0.13200      0.264000E-003
   0.13400      0.268000E-003
   0.13600      0.272000E-003
   0.13800      0.276000E-003
   0.14000      0.280000E-003
   0.14200      0.284000E-003
   0.14400      0.288000E-003
   0.14600      0.292000E-003
   0.14800      0.296000E-003
   0.15000      0.300000E-003
   0.15200      0.304000E-003
   0.15400      0.308000E-003
   0.15600      0.312000E-003
   0.15800      0.316000E-003
   0.16000      0.320000E-003

          


          
                     
   0.16200      0.324000E-003
   0.16400      0.328000E-003
   0.16600      0.332000E-003
   0.16800      0.336000E-003
   0.17000      0.340000E-003
   0.17200      0.344000E-003
   0.17400      0.348000E-003
   0.17600      0.352000E-003
   0.17800      0.356000E-003
   0.18000      0.360000E-003
   0.18200      0.364000E-003
   0.18400      0.368000E-003
   0.18600      0.372000E-003
   0.18800      0.376000E-003
   0.19000      0.380000E-003
   0.19200      0.384000E-003
   0.19400      0.388000E-003
   0.19600      0.392000E-003
   0.19800      0.396000E-003
   0.20000      0.400000E-003

          


          
                     
   0.20200      0.404000E-003
   0.20400      0.408000E-003
   0.20600      0.412000E-003
   0.20800      0.416000E-003
   0.21000      0.420000E-003
   0.21200      0.424000E-003
   0.21400      0.428000E-003
   0.21600      0.432000E-003
   0.21800      0.436000E-003
   0.22000      0.440000E-003
   0.22200      0.444000E-003
   0.22400      0.448000E-003
   0.22600      0.452000E-003
   0.22800      0.456000E-003
   0.23000      0.460000E-003
   0.23200      0.464000E-003
   0.23400      0.468000E-003
   0.23600      0.472000E-003
   0.23800      0.476000E-003
   0.24000      0.480000E-003

          


          
                     
   0.24200      0.484000E-003
   0.24400      0.488000E-003
   0.24600      0.492000E-003
   0.24800      0.496000E-003
   0.25000      0.500000E-003
   0.25200      0.504000E-003
   0.25400      0.508000E-003
   0.25600      0.512000E-003
   0.25800      0.516000E-003
   0.26000      0.520000E-003
   0.26200      0.524000E-003
   0.26400      0.528000E-003
   0.26600      0.532000E-003
   0.26800      0.536000E-003
   0.27000      0.540000E-003
   0.27200      0.544000E-003
   0.27400      0.548000E-003
   0.27600      0.552000E-003
   0.27800      0.556000E-003
   0.28000      0.560000E-003

          


          
                     
   0.28200      0.564000E-003
   0.28400      0.568000E-003
   0.28600      0.572000E-003
   0.28800      0.576000E-003
   0.29000      0.580000E-003
   0.29200      0.584000E-003
   0.29400      0.588000E-003
   0.29600      0.592000E-003
   0.29800      0.596000E-003
   0.30000      0.600000E-003
   0.30200      0.604000E-003
   0.30400      0.608000E-003
   0.30600      0.612000E-003
   0.30800      0.616000E-003
   0.31000      0.620000E-003
   0.31200      0.624000E-003
   0.31400      0.628000E-003
   0.31600      0.632000E-003
   0.31800      0.636000E-003
   0.32000      0.640000E-003

          


          
                     
   0.32200      0.644000E-003
   0.32400      0.648000E-003
   0.32600      0.652000E-003
   0.32800      0.656000E-003
   0.33000      0.660000E-003
   0.33200      0.664000E-003
   0.33400      0.668000E-003
   0.33600      0.672000E-003
   0.33800      0.676000E-003
   0.34000      0.680000E-003
   0.34200      0.684000E-003
   0.34400      0.688000E-003
   0.34600      0.692000E-003
   0.34800      0.696000E-003
   0.35000      0.700000E-003
   0.35200      0.704000E-003
   0.35400      0.708000E-003
   0.35600      0.712000E-003
   0.35800      0.716000E-003
   0.36000      0.720000E-003

          


          
                     
   0.36200      0.724000E-003
   0.36400      0.728000E-003
   0.36600      0.732000E-003
   0.36800      0.736000E-003
   0.37000      0.740000E-003
   0.37200      0.744000E-003
   0.37400      0.748000E-003
   0.37600      0.752000E-003
   0.37800      0.756000E-003
   0.38000      0.760000E-003
   0.38200      0.764000E-003
   0.38400      0.768000E-003
   0.38600      0.772000E-003
   0.38800      0.776000E-003
   0.39000      0.780000E-003
   0.39200      0.784000E-003
   0.39400      0.788000E-003
   0.39600      0.792000E-003
   0.39800      0.796000E-003
   0.40000      0.800000E-003

          


          
                     
   0.40200      0.804000E-003
   0.40400      0.808000E-003
   0.40600      0.812000E-003
   0.40800      0.816000E-003
   0.41000      0.820000E-003
   0.41200      0.824000E-003
   0.41400      0.828000E-003
   0.41600      0.832000E-003
   0.41800      0.836000E-003
   0.42000      0.840000E-003
   0.42200      0.844000E-003
   0.42400      0.848000E-003
   0.42600      0.852000E-003
   0.42800      0.856000E-003
   0.43000      0.860000E-003
   0.43200      0.864000E-003
   0.43400      0.868000E-003
   0.43600      0.872000E-003
   0.43800      0.876000E-003
   0.44000      0.880000E-003

          


          
                     
   0.44200      0.884000E-003
   0.44400      0.888000E-003
   0.44600      0.892000E-003
   0.44800      0.896000E-003
   0.45000      0.900000E-003
   0.45200      0.904000E-003
   0.45400      0.908000E-003
   0.45600      0.912000E-003
   0.45800      0.916000E-003
   0.46000      0.920000E-003
   0.46200      0.924000E-003
   0.46400      0.928000E-003
   0.46600      0.932000E-003
   0.46800      0.936000E-003
   0.47000      0.940000E-003
   0.47200      0.944000E-003
   0.47400      0.948000E-003
   0.47600      0.952000E-003
   0.47800      0.956000E-003
   0.48000      0.960000E-003

          


          
                     
   0.48200      0.964000E-003
   0.48400      0.968000E-003
   0.48600      0.972000E-003
   0.48800      0.976000E-003
   0.48890      0.977800E-003
   0.48980      0.979600E-003
   0.49070      0.981400E-003
   0.49205      0.984100E-003
   0.49405      0.988100E-003
   0.49605      0.992100E-003
   0.49805      0.996100E-003
   0.50005      0.100010E-002
   0.50205      0.100410E-002
   0.50405      0.100810E-002
   0.50605      0.101210E-002
   0.50805      0.101610E-002
   0.51005      0.102010E-002
   0.51205      0.102410E-002
   0.51405      0.102810E-002
   0.51605      0.103210E-002

          


          
                     
   0.51805      0.103610E-002
   0.52005      0.104010E-002
   0.52205      0.104410E-002
   0.52405      0.104810E-002
   0.52495      0.104990E-002
   0.52585      0.105170E-002
   0.52720      0.105440E-002
   0.52920      0.105840E-002
   0.53120      0.106240E-002
   0.53320      0.106640E-002
   0.53520      0.107040E-002
   0.53720      0.107440E-002
   0.53920      0.107840E-002
   0.54120      0.108240E-002
   0.54320      0.108640E-002
   0.54520      0.109040E-002
   0.54720      0.109440E-002
   0.54920      0.109840E-002
   0.55120      0.110240E-002
   0.55320      0.110640E-002

          


          
                     
   0.55520      0.111040E-002
   0.55720      0.111440E-002
   0.55920      0.111840E-002
   0.56120      0.112240E-002
   0.56220      0.112440E-002


