	0	    0  
   0.10000E-02   16.0961     
   0.20000E-02   32.1922     
   0.30000E-02   48.2883     
   0.40000E-02   64.3844     
   0.50000E-02   80.4806     
   0.60000E-02   96.5767     
   0.70000E-02   112.673     
   0.80000E-02   128.769     
   0.90000E-02   144.865     
   0.10000E-01   160.961     
   0.11000E-01   177.057     
   0.12000E-01   193.153     
   0.13000E-01   209.249     
   0.14000E-01   225.346     
   0.15000E-01   241.442     
   0.16000E-01   257.538     
   0.17000E-01   273.634     
   0.18000E-01   289.730     
   0.19000E-01   305.826     
   0.20000E-01   321.922     
   0.21000E-01   338.018     
   0.22000E-01   354.114     
   0.23000E-01   370.211     
   0.24000E-01   386.307     
   0.25000E-01   402.403     
   0.26000E-01   418.499     
   0.27000E-01   434.595     
   0.28000E-01   450.691     
   0.29000E-01   466.787     
   0.30000E-01   482.883     
   0.31000E-01   498.979     
   0.32000E-01   515.076     
   0.33000E-01   531.172     
   0.34000E-01   547.268     
   0.35000E-01   563.364     
   0.36000E-01   579.460     
   0.37000E-01   595.556     
   0.38000E-01   611.652     
   0.39000E-01   627.748     
   0.40000E-01   643.844     
   0.41000E-01   659.941     
   0.42000E-01   676.037     
   0.43000E-01   692.133     
   0.44000E-01   708.229     
   0.45000E-01   724.325     
   0.46000E-01   740.421     
   0.47000E-01   756.517     
   0.48000E-01   772.613     
   0.49000E-01   788.709     
   0.50000E-01   804.806     
   0.51000E-01   820.902     
   0.52000E-01   836.998     
   0.53000E-01   853.094     
   0.54000E-01   869.190     
   0.55000E-01   885.286     
   0.56000E-01   901.382     
   0.57000E-01   917.478     
   0.58000E-01   933.575     
   0.59000E-01   949.671     
   0.60000E-01   965.767     
   0.61000E-01   981.863     
   0.62000E-01   997.959     
   0.63000E-01   1014.06     
   0.64000E-01   1030.15     
   0.65000E-01   1046.25     
   0.66000E-01   1062.34     
   0.67000E-01   1078.44     
   0.68000E-01   1094.54     
   0.69000E-01   1110.63     
   0.70000E-01   1126.73     
   0.71000E-01   1142.82     
   0.72000E-01   1158.92     
   0.73000E-01   1175.02     
   0.74000E-01   1191.11     
   0.75000E-01   1207.21     
   0.76000E-01   1223.30     
   0.77000E-01   1239.40     
   0.78000E-01   1255.50     
   0.79000E-01   1271.59     
   0.80000E-01   1287.69     
   0.81000E-01   1303.79     
   0.82000E-01   1319.88     
   0.83000E-01   1335.98     
   0.84000E-01   1352.07     
   0.85000E-01   1368.17     
   0.86000E-01   1384.27     
   0.87000E-01   1400.36     
   0.88000E-01   1416.46     
   0.89000E-01   1432.55     
   0.90000E-01   1448.65     
   0.91000E-01   1464.75     
   0.92000E-01   1480.84     
   0.93000E-01   1496.94     
   0.94000E-01   1513.03     
   0.95000E-01   1529.13     
   0.96000E-01   1545.23     
   0.97000E-01   1561.32     
   0.98000E-01   1577.42     
   0.99000E-01   1593.52     
   0.10000       1609.61     
   0.10100       1625.71     
   0.10200       1641.80     
   0.10300       1657.90     
   0.10400       1674.00     
   0.10500       1690.09     
   0.10600       1706.19     
   0.10700       1722.28     
   0.10800       1738.38     
   0.10900       1754.48     
   0.11000       1770.57     
   0.11100       1786.67     
   0.11200       1802.76     
   0.11300       1818.86     
   0.11400       1834.96     
   0.11500       1851.05     
   0.11600       1867.15     
   0.11700       1883.25     
   0.11800       1899.34     
   0.11900       1915.44     
   0.12000       1931.53     
   0.12100       1947.63     
   0.12200       1963.73     
   0.12300       1979.82     
   0.12400       1995.92     
   0.12500       2012.01     
   0.12600       2028.11     
   0.12700       2044.21     
   0.12800       2060.30     
   0.12900       2076.40     
   0.13000       2092.49     
   0.13100       2108.59     
   0.13200       2124.69     
   0.13300       2140.78     
   0.13400       2156.88     
   0.13500       2172.98     
   0.13600       2189.07     
   0.13700       2205.17     
   0.13800       2221.26     
   0.13900       2237.36     
   0.14000       2253.46     
   0.14100       2269.55     
   0.14200       2285.65     
   0.14300       2301.74     
   0.14400       2317.84     
   0.14500       2333.94     
   0.14600       2350.03     
   0.14700       2366.13     
   0.14800       2382.22     
   0.14900       2398.32     
   0.15000       2414.42     
   0.15100       2430.51     
   0.15200       2446.61     
   0.15300       2462.71     
   0.15400       2478.80     
   0.15500       2494.90     
   0.15600       2510.99     
   0.15700       2527.09     
   0.15800       2543.19     
   0.15900       2559.28     
   0.16000       2575.38     
   0.16100       2591.47     
   0.16200       2607.57     
   0.16300       2623.67     
   0.16400       2639.76     
   0.16500       2655.86     
   0.16600       2671.95     
   0.16700       2688.05     
   0.16800       2704.15     
   0.16900       2720.24     
   0.17000       2736.34     
   0.17100       2752.44     
   0.17200       2768.53     
   0.17300       2784.63     
   0.17400       2800.72     
   0.17500       2816.82     
   0.17600       2832.92     
   0.17700       2849.00     
   0.17800       2865.01     
   0.17900       2881.69     
   0.18000       2898.37     
   0.18002       2912.56     
   0.18003       2917.89     
   0.18004       2919.88     
   0.18004       2920.49     
   0.18004       2921.09     
    1.0000       2521.70     

