	0	    0   
   0.10000E-02   16.1330     
   0.20000E-02   32.2660     
   0.30000E-02   48.3989     
   0.40000E-02   64.5319     
   0.50000E-02   80.6649     
   0.60000E-02   96.7979     
   0.70000E-02   112.931     
   0.80000E-02   129.064     
   0.90000E-02   145.197     
   0.10000E-01   161.330     
   0.11000E-01   177.463     
   0.12000E-01   193.596     
   0.13000E-01   209.729     
   0.14000E-01   225.862     
   0.15000E-01   241.995     
   0.16000E-01   258.128     
   0.17000E-01   274.261     
   0.18000E-01   290.394     
   0.19000E-01   306.527     
   0.20000E-01   322.660     
   0.21000E-01   338.792     
   0.22000E-01   354.925     
   0.23000E-01   371.058     
   0.24000E-01   387.191     
   0.25000E-01   403.324     
   0.26000E-01   419.457     
   0.27000E-01   435.590     
   0.28000E-01   451.723     
   0.29000E-01   467.856     
   0.30000E-01   483.989     
   0.31000E-01   500.122     
   0.32000E-01   516.255     
   0.33000E-01   532.388     
   0.34000E-01   548.521     
   0.35000E-01   564.654     
   0.36000E-01   580.787     
   0.37000E-01   596.920     
   0.38000E-01   613.053     
   0.39000E-01   629.186     
   0.40000E-01   645.319     
   0.41000E-01   661.452     
   0.42000E-01   677.585     
   0.43000E-01   693.718     
   0.44000E-01   709.851     
   0.45000E-01   725.984     
   0.46000E-01   742.117     
   0.47000E-01   758.250     
   0.48000E-01   774.383     
   0.49000E-01   790.516     
   0.50000E-01   806.649     
   0.51000E-01   822.782     
   0.52000E-01   838.915     
   0.53000E-01   855.048     
   0.54000E-01   871.181     
   0.55000E-01   887.314     
   0.56000E-01   903.447     
   0.57000E-01   919.580     
   0.58000E-01   935.713     
   0.59000E-01   951.846     
   0.60000E-01   967.979     
   0.61000E-01   984.111     
   0.62000E-01   1000.24     
   0.63000E-01   1016.38     
   0.64000E-01   1032.51     
   0.65000E-01   1048.64     
   0.66000E-01   1064.78     
   0.67000E-01   1080.91     
   0.68000E-01   1097.04     
   0.69000E-01   1113.18     
   0.70000E-01   1129.31     
   0.71000E-01   1145.44     
   0.72000E-01   1161.57     
   0.73000E-01   1177.71     
   0.74000E-01   1193.84     
   0.75000E-01   1209.97     
   0.76000E-01   1226.11     
   0.77000E-01   1242.24     
   0.78000E-01   1258.37     
   0.79000E-01   1274.51     
   0.80000E-01   1290.64     
   0.81000E-01   1306.77     
   0.82000E-01   1322.90     
   0.83000E-01   1339.04     
   0.84000E-01   1355.17     
   0.85000E-01   1371.30     
   0.86000E-01   1387.44     
   0.87000E-01   1403.57     
   0.88000E-01   1419.70     
   0.89000E-01   1435.83     
   0.90000E-01   1451.97     
   0.91000E-01   1468.10     
   0.92000E-01   1484.23     
   0.93000E-01   1500.37     
   0.94000E-01   1516.50     
   0.95000E-01   1532.63     
   0.96000E-01   1548.77     
   0.97000E-01   1564.90     
   0.98000E-01   1581.03     
   0.99000E-01   1597.16     
   0.10000       1613.30     
   0.10100       1629.43     
   0.10200       1645.56     
   0.10300       1661.70     
   0.10400       1677.83     
   0.10500       1693.96     
   0.10600       1710.10     
   0.10700       1726.23     
   0.10800       1742.36     
   0.10900       1758.49     
   0.11000       1774.63     
   0.11100       1790.76     
   0.11200       1806.89     
   0.11300       1823.03     
   0.11400       1839.16     
   0.11500       1855.29     
   0.11600       1871.43     
   0.11700       1887.56     
   0.11800       1903.69     
   0.11900       1919.82     
   0.12000       1935.96     
   0.12100       1952.09     
   0.12200       1968.22     
   0.12300       1984.36     
   0.12400       2000.49     
   0.12500       2016.62     
   0.12600       2032.75     
   0.12700       2048.89     
   0.12800       2065.02     
   0.12900       2081.15     
   0.13000       2097.29     
   0.13100       2113.42     
   0.13200       2129.55     
   0.13300       2145.69     
   0.13400       2161.82     
   0.13500       2177.95     
   0.13600       2194.08     
   0.13700       2210.22     
   0.13800       2226.35     
   0.13900       2242.48     
   0.14000       2258.62     
   0.14100       2274.75     
   0.14200       2290.88     
   0.14300       2307.02     
   0.14400       2323.15     
   0.14500       2339.28     
   0.14600       2355.41     
   0.14700       2371.55     
   0.14800       2387.68     
   0.14900       2403.81     
   0.15000       2419.95     
   0.15100       2436.08     
   0.15200       2452.21     
   0.15300       2468.35     
   0.15400       2484.48     
   0.15500       2500.61     
   0.15600       2516.74     
   0.15700       2532.88     
   0.15800       2549.01     
   0.15900       2565.14     
   0.16000       2581.28     
   0.16100       2597.41     
   0.16200       2613.54     
   0.16300       2629.67     
   0.16400       2645.81     
   0.16500       2661.94     
   0.16600       2678.07     
   0.16700       2694.21     
   0.16800       2710.34     
   0.16900       2726.47     
   0.17000       2742.61     
   0.17100       2758.74     
   0.17200       2774.87     
   0.17300       2791.00     
   0.17400       2807.14     
   0.17500       2823.27     
   0.17600       2839.40     
   0.17700       2855.54     
   0.17800       2871.67     
   0.17900       2887.80     
   0.18000       2903.94     
   0.18100       2920.07     
   0.18200       2936.20     
   0.18300       2952.33     
   0.18400       2968.47     
   0.18500       2984.60     
   0.18600       3000.73     
   0.18700       3016.87     
   0.18800       3033.00     
   0.18900       3049.13     
   0.19000       3065.27     
   0.19100       3081.40     
   0.19200       3097.40     
   0.19300       3113.30     
   0.19400       3129.20     
   0.19445       3137.08     
   0.19490       3142.38     
   0.19558       3139.22     
   0.19658       3151.61     
   0.19758       3166.94     
   0.19858       3182.70     
   0.19958       3198.12     
   0.20058       3213.25     
   0.20158       3228.39     
   0.20258       3243.65     
   0.20358       3258.97     
   0.20458       3274.34     
   0.20558       3289.73     
   0.20658       3305.14     
   0.20758       3320.59     
   0.20858       3336.05     
   0.20958       3351.54     
   0.21058       3367.04     
   0.21158       3382.05     
   0.21258       3396.81     
   0.21358       3411.61     
   0.21458       3426.54     
   0.21558       3434.95     
   0.21658       3443.10     
   0.21758       3453.18     
   0.21858       3466.65     
   0.21958       3481.92     
   0.22058       3497.10     
   0.22158       3511.82     
   0.22178       3516.94     
    1.0000       2914.50     

