	0	    0	   
   0.10000E-02   16.2390     
   0.20000E-02   32.4779     
   0.30000E-02   48.7169     
   0.40000E-02   64.9558     
   0.50000E-02   81.1948     
   0.60000E-02   97.4337     
   0.70000E-02   113.673     
   0.80000E-02   129.912     
   0.90000E-02   146.151     
   0.10000E-01   162.390     
   0.11000E-01   178.629     
   0.12000E-01   194.867     
   0.13000E-01   211.106     
   0.14000E-01   227.345     
   0.15000E-01   243.584     
   0.16000E-01   259.823     
   0.17000E-01   276.062     
   0.18000E-01   292.301     
   0.19000E-01   308.540     
   0.20000E-01   324.779     
   0.21000E-01   341.018     
   0.22000E-01   357.257     
   0.23000E-01   373.496     
   0.24000E-01   389.735     
   0.25000E-01   405.974     
   0.26000E-01   422.213     
   0.27000E-01   438.452     
   0.28000E-01   454.691     
   0.29000E-01   470.930     
   0.30000E-01   487.169     
   0.31000E-01   503.408     
   0.32000E-01   519.647     
   0.33000E-01   535.886     
   0.34000E-01   552.125     
   0.35000E-01   568.364     
   0.36000E-01   584.602     
   0.37000E-01   600.841     
   0.38000E-01   617.080     
   0.39000E-01   633.319     
   0.40000E-01   649.558     
   0.41000E-01   665.797     
   0.42000E-01   682.036     
   0.43000E-01   698.275     
   0.44000E-01   714.514     
   0.45000E-01   730.753     
   0.46000E-01   746.992     
   0.47000E-01   763.231     
   0.48000E-01   779.470     
   0.49000E-01   795.709     
   0.50000E-01   811.948     
   0.51000E-01   828.187     
   0.52000E-01   844.426     
   0.53000E-01   860.665     
   0.54000E-01   876.904     
   0.55000E-01   893.143     
   0.56000E-01   909.382     
   0.57000E-01   925.621     
   0.58000E-01   941.860     
   0.59000E-01   958.098     
   0.60000E-01   974.337     
   0.61000E-01   990.576     
   0.62000E-01   1006.82     
   0.63000E-01   1023.05     
   0.64000E-01   1039.29     
   0.65000E-01   1055.53     
   0.66000E-01   1071.77     
   0.67000E-01   1088.01     
   0.68000E-01   1104.25     
   0.69000E-01   1120.49     
   0.70000E-01   1136.73     
   0.71000E-01   1152.97     
   0.72000E-01   1169.20     
   0.73000E-01   1185.44     
   0.74000E-01   1201.68     
   0.75000E-01   1217.92     
   0.76000E-01   1234.16     
   0.77000E-01   1250.40     
   0.78000E-01   1266.64     
   0.79000E-01   1282.88     
   0.80000E-01   1299.12     
   0.81000E-01   1315.36     
   0.82000E-01   1331.59     
   0.83000E-01   1347.83     
   0.84000E-01   1364.07     
   0.85000E-01   1380.31     
   0.86000E-01   1396.55     
   0.87000E-01   1412.79     
   0.88000E-01   1429.03     
   0.89000E-01   1445.27     
   0.90000E-01   1461.51     
   0.91000E-01   1477.75     
   0.92000E-01   1493.98     
   0.93000E-01   1510.22     
   0.94000E-01   1526.46     
   0.95000E-01   1542.70     
   0.96000E-01   1558.94     
   0.97000E-01   1575.18     
   0.98000E-01   1591.42     
   0.99000E-01   1607.66     
   0.10000       1623.90     
   0.10100       1640.13     
   0.10200       1656.37     
   0.10300       1672.61     
   0.10400       1688.85     
   0.10500       1705.09     
   0.10600       1721.33     
   0.10700       1737.57     
   0.10800       1753.81     
   0.10900       1770.05     
   0.11000       1786.29     
   0.11100       1802.52     
   0.11200       1818.76     
   0.11300       1835.00     
   0.11400       1851.24     
   0.11500       1867.48     
   0.11600       1883.72     
   0.11700       1899.96     
   0.11800       1916.20     
   0.11900       1932.44     
   0.12000       1948.67     
   0.12100       1964.91     
   0.12200       1981.15     
   0.12300       1997.39     
   0.12400       2013.63     
   0.12500       2029.87     
   0.12600       2046.11     
   0.12700       2062.35     
   0.12800       2078.59     
   0.12900       2094.83     
   0.13000       2111.06     
   0.13100       2127.30     
   0.13200       2143.54     
   0.13300       2159.78     
   0.13400       2176.02     
   0.13500       2192.26     
   0.13600       2208.50     
   0.13700       2224.74     
   0.13800       2240.98     
   0.13900       2257.22     
   0.14000       2273.45     
   0.14100       2289.69     
   0.14200       2305.93     
   0.14300       2322.17     
   0.14400       2338.41     
   0.14500       2354.65     
   0.14600       2370.89     
   0.14700       2387.13     
   0.14800       2403.37     
   0.14900       2419.60     
   0.15000       2435.84     
   0.15100       2452.08     
   0.15200       2468.32     
   0.15300       2484.56     
   0.15400       2500.80     
   0.15500       2517.04     
   0.15600       2533.28     
   0.15700       2549.52     
   0.15800       2565.76     
   0.15900       2581.99     
   0.16000       2598.23     
   0.16100       2614.47     
   0.16200       2630.71     
   0.16300       2646.95     
   0.16400       2663.19     
   0.16500       2679.43     
   0.16600       2695.67     
   0.16700       2711.91     
   0.16800       2728.14     
   0.16900       2744.38     
   0.17000       2760.62     
   0.17100       2776.86     
   0.17200       2793.10     
   0.17300       2809.34     
   0.17400       2825.58     
   0.17500       2841.82     
   0.17600       2858.06     
   0.17700       2874.30     
   0.17800       2890.53     
   0.17900       2906.77     
   0.18000       2923.01     
   0.18100       2939.25     
   0.18200       2955.49     
   0.18300       2971.73     
   0.18400       2987.97     
   0.18500       3004.21     
   0.18600       3020.45     
   0.18700       3036.68     
   0.18800       3052.92     
   0.18900       3069.16     
   0.19000       3085.40     
   0.19100       3101.64     
   0.19200       3117.88     
   0.19300       3134.12     
   0.19400       3150.36     
   0.19500       3166.60     
   0.19600       3182.84     
   0.19700       3199.07     
   0.19800       3215.31     
   0.19900       3231.55     
   0.20000       3247.79     
   0.20100       3264.03     
   0.20200       3280.27     
   0.20300       3296.51     
   0.20400       3312.75     
   0.20500       3328.99     
   0.20600       3345.23     
   0.20700       3361.46     
   0.20800       3377.70     
   0.20900       3393.94     
   0.21000       3410.18     
   0.21100       3426.42     
   0.21200       3442.66     
   0.21300       3458.90     
   0.21400       3475.14     
   0.21500       3491.38     
   0.21600       3507.61     
   0.21700       3523.85     
   0.21800       3540.09     
   0.21900       3556.33     
   0.22000       3572.57     
   0.22100       3588.28     
   0.22200       3603.87     
   0.22300       3619.46     
   0.22400       3635.06     
   0.22500       3650.67     
   0.22600       3666.28     
   0.22700       3681.90     
   0.22800       3697.53     
   0.22900       3708.76     
   0.23000       3716.78     
   0.23100       3725.57     
   0.23200       3736.12     
   0.23300       3748.28     
   0.23400       3761.17     
   0.23500       3774.22     
   0.23600       3787.30     
   0.23700       3800.54     
   0.23800       3813.97     
   0.23900       3827.58     
   0.24000       3841.31     
   0.24100       3855.15     
   0.24200       3869.08     
   0.24300       3883.10     
   0.24400       3897.19     
   0.24500       3911.36     
   0.24600       3925.59     
   0.24700       3939.87     
   0.24800       3954.21     
   0.24900       3968.60     
   0.25000       3983.04     
   0.25100       3997.52     
   0.25200       4012.04     
   0.25300       4026.59     
   0.25400       4041.18     
   0.25500       4055.80     
   0.25600       4070.46     
   0.25700       4085.14     
   0.25800       4099.85     
   0.25900       4114.59     
   0.26000       4129.35     
   0.26100       4144.13     
   0.26200       4158.94     
   0.26300       4173.77     
   0.26400       4188.62     
   0.26500       4203.49     
   0.26600       4217.48     
   0.26700       4230.81     
   0.26800       4244.23     
   0.26900       4257.78     
   0.27000       4271.43     
   0.27100       4285.16     
   0.27200       4298.97     
   0.27300       4312.84     
   0.27400       4326.77     
   0.27500       4340.76     
   0.27600       4354.80     
   0.27700       4368.89     
   0.27800       4383.03     
   0.27845       4378.58     
   0.27890       4380.26     
   0.27935       4377.14     
   0.28003       4389.83     
   0.28103       4400.36     
   0.28203       4409.54     
   0.28303       4420.67     
   0.28403       4432.10     
   0.28503       4443.85     
   0.28603       4455.97     
   0.28703       4470.55     
   0.28803       4479.32     
   0.28903       4494.07     
   0.28928       4158.38     
   0.28930       4146.01     
   0.28930       4145.40     
   0.28931       4145.10     
    1.0000       4144.91     

