	0		0
   0.10000E-02  0.500000E-006
   0.20000E-02  0.100000E-005
   0.30000E-02  0.150000E-005
   0.40000E-02  0.200000E-005
   0.50000E-02  0.250000E-005
   0.60000E-02  0.300000E-005
   0.70000E-02  0.350000E-005
   0.80000E-02  0.400000E-005
   0.90000E-02  0.450000E-005
   0.10000E-01  0.500000E-005
   0.11000E-01  0.550000E-005
   0.12000E-01  0.600000E-005
   0.13000E-01  0.650000E-005
   0.14000E-01  0.700000E-005
   0.15000E-01  0.750000E-005
   0.16000E-01  0.800000E-005
   0.17000E-01  0.850000E-005
   0.18000E-01  0.900000E-005
   0.19000E-01  0.950000E-005
   0.20000E-01  0.100000E-004
   0.21000E-01  0.105000E-004
   0.22000E-01  0.110000E-004
   0.23000E-01  0.115000E-004
   0.24000E-01  0.120000E-004
   0.25000E-01  0.125000E-004
   0.26000E-01  0.130000E-004
   0.27000E-01  0.135000E-004
   0.28000E-01  0.140000E-004
   0.29000E-01  0.145000E-004
   0.30000E-01  0.150000E-004
   0.31000E-01  0.155000E-004
   0.32000E-01  0.160000E-004
   0.33000E-01  0.165000E-004
   0.34000E-01  0.170000E-004
   0.35000E-01  0.175000E-004
   0.36000E-01  0.180000E-004
   0.37000E-01  0.185000E-004
   0.38000E-01  0.190000E-004
   0.39000E-01  0.195000E-004
   0.40000E-01  0.200000E-004
   0.41000E-01  0.205000E-004
   0.42000E-01  0.210000E-004
   0.43000E-01  0.215000E-004
   0.44000E-01  0.220000E-004
   0.45000E-01  0.225000E-004
   0.46000E-01  0.230000E-004
   0.47000E-01  0.235000E-004
   0.48000E-01  0.240000E-004
   0.49000E-01  0.245000E-004
   0.50000E-01  0.250000E-004
   0.51000E-01  0.255000E-004
   0.52000E-01  0.260000E-004
   0.53000E-01  0.265000E-004
   0.54000E-01  0.270000E-004
   0.55000E-01  0.275000E-004
   0.56000E-01  0.280000E-004
   0.57000E-01  0.285000E-004
   0.58000E-01  0.290000E-004
   0.59000E-01  0.295000E-004
   0.60000E-01  0.300000E-004
   0.61000E-01  0.305000E-004
   0.62000E-01  0.310000E-004
   0.63000E-01  0.315000E-004
   0.64000E-01  0.320000E-004
   0.65000E-01  0.325000E-004
   0.66000E-01  0.330000E-004
   0.67000E-01  0.335000E-004
   0.68000E-01  0.340000E-004
   0.69000E-01  0.345000E-004
   0.70000E-01  0.350000E-004
   0.71000E-01  0.355000E-004
   0.72000E-01  0.360000E-004
   0.73000E-01  0.365000E-004
   0.74000E-01  0.370000E-004
   0.75000E-01  0.375000E-004
   0.76000E-01  0.380000E-004
   0.77000E-01  0.385000E-004
   0.78000E-01  0.390000E-004
   0.79000E-01  0.395000E-004
   0.80000E-01  0.400000E-004
   0.81000E-01  0.405000E-004
   0.82000E-01  0.410000E-004
   0.83000E-01  0.415000E-004
   0.84000E-01  0.420000E-004
   0.85000E-01  0.425000E-004
   0.86000E-01  0.430000E-004
   0.87000E-01  0.435000E-004
   0.88000E-01  0.440000E-004
   0.89000E-01  0.445000E-004
   0.90000E-01  0.450000E-004
   0.91000E-01  0.455000E-004
   0.92000E-01  0.460000E-004
   0.93000E-01  0.465000E-004
   0.94000E-01  0.470000E-004
   0.95000E-01  0.475000E-004
   0.96000E-01  0.480000E-004
   0.97000E-01  0.485000E-004
   0.98000E-01  0.490000E-004
   0.99000E-01  0.495000E-004
   0.10000      0.500000E-004
   0.10100      0.505000E-004
   0.10200      0.510000E-004
   0.10300      0.515000E-004
   0.10400      0.520000E-004
   0.10500      0.525000E-004
   0.10600      0.530000E-004
   0.10700      0.535000E-004
   0.10800      0.540000E-004
   0.10900      0.545000E-004
   0.11000      0.550000E-004
   0.11100      0.555000E-004
   0.11200      0.560000E-004
   0.11300      0.565000E-004
   0.11400      0.570000E-004
   0.11500      0.575000E-004
   0.11600      0.580000E-004
   0.11700      0.585000E-004
   0.11800      0.590000E-004
   0.11900      0.595000E-004
   0.12000      0.600000E-004
   0.12100      0.605000E-004
   0.12200      0.610000E-004
   0.12300      0.615000E-004
   0.12400      0.620000E-004
   0.12500      0.625000E-004
   0.12600      0.630000E-004
   0.12700      0.635000E-004
   0.12800      0.640000E-004
   0.12900      0.645000E-004
   0.13000      0.650000E-004
   0.13100      0.655000E-004
   0.13200      0.660000E-004
   0.13300      0.665000E-004
   0.13400      0.670000E-004
   0.13500      0.675000E-004
   0.13600      0.680000E-004
   0.13700      0.685000E-004
   0.13800      0.690000E-004
   0.13900      0.695000E-004
   0.14000      0.700000E-004
   0.14100      0.705000E-004
   0.14200      0.710000E-004
   0.14300      0.715000E-004
   0.14400      0.720000E-004
   0.14500      0.725000E-004
   0.14600      0.730000E-004
   0.14700      0.735000E-004
   0.14800      0.740000E-004
   0.14900      0.745000E-004
   0.15000      0.750000E-004
   0.15100      0.755000E-004
   0.15200      0.760000E-004
   0.15300      0.765000E-004
   0.15400      0.770000E-004
   0.15500      0.775000E-004
   0.15600      0.780000E-004
   0.15700      0.785000E-004
   0.15800      0.790000E-004
   0.15900      0.795000E-004
   0.16000      0.800000E-004
   0.16100      0.805000E-004
   0.16200      0.810000E-004
   0.16300      0.815000E-004
   0.16400      0.820000E-004
   0.16500      0.825000E-004
   0.16600      0.830000E-004
   0.16700      0.835000E-004
   0.16800      0.840000E-004
   0.16900      0.845000E-004
   0.17000      0.850000E-004
   0.17100      0.855000E-004
   0.17200      0.860000E-004
   0.17300      0.865000E-004
   0.17400      0.870000E-004
   0.17500      0.875000E-004
   0.17600      0.880000E-004
   0.17700      0.885000E-004
   0.17800      0.890000E-004
   0.17900      0.895000E-004
   0.18000      0.900000E-004
   0.18100      0.905000E-004
   0.18200      0.910000E-004
   0.18300      0.915000E-004
   0.18400      0.920000E-004
   0.18500      0.925000E-004
   0.18600      0.930000E-004
   0.18700      0.935000E-004
   0.18800      0.940000E-004
   0.18900      0.945000E-004
   0.19000      0.950000E-004
   0.19100      0.955000E-004
   0.19200      0.960000E-004
   0.19300      0.965000E-004
   0.19400      0.970000E-004
   0.19500      0.975000E-004
   0.19600      0.980000E-004
   0.19700      0.985000E-004
   0.19800      0.990000E-004
   0.19900      0.995000E-004
   0.20000      0.100000E-003
   0.20100      0.100500E-003
   0.20200      0.101000E-003
   0.20300      0.101500E-003
   0.20400      0.102000E-003
   0.20500      0.102500E-003
   0.20600      0.103000E-003
   0.20700      0.103500E-003
   0.20800      0.104000E-003
   0.20900      0.104500E-003
   0.21000      0.105000E-003
   0.21100      0.105500E-003
   0.21200      0.106000E-003
   0.21300      0.106500E-003
   0.21400      0.107000E-003
   0.21500      0.107500E-003
   0.21600      0.108000E-003
   0.21700      0.108500E-003
   0.21800      0.109000E-003
   0.21900      0.109500E-003
   0.22000      0.110000E-003
   0.22100      0.110500E-003
   0.22200      0.111000E-003
   0.22300      0.111500E-003
   0.22400      0.112000E-003
   0.22500      0.112500E-003
   0.22600      0.113000E-003
   0.22700      0.113500E-003
   0.22800      0.114000E-003
   0.22900      0.114500E-003
   0.23000      0.115000E-003
   0.23100      0.115500E-003
   0.23200      0.116000E-003
   0.23300      0.116500E-003
   0.23400      0.117000E-003
   0.23500      0.117500E-003
   0.23600      0.118000E-003
   0.23700      0.118500E-003
   0.23800      0.119000E-003
   0.23900      0.119500E-003
   0.24000      0.120000E-003
   0.24100      0.120500E-003
   0.24200      0.121000E-003
   0.24300      0.121500E-003
   0.24400      0.122000E-003
   0.24500      0.122500E-003
   0.24600      0.123000E-003
   0.24700      0.123500E-003
   0.24800      0.124000E-003
   0.24900      0.124500E-003
   0.25000      0.125000E-003
   0.25100      0.125500E-003
   0.25200      0.126000E-003
   0.25300      0.126500E-003
   0.25400      0.127000E-003
   0.25500      0.127500E-003
   0.25600      0.128000E-003
   0.25700      0.128500E-003
   0.25800      0.129000E-003
   0.25900      0.129500E-003
   0.26000      0.130000E-003
   0.26100      0.130500E-003
   0.26200      0.131000E-003
   0.26300      0.131500E-003
   0.26400      0.132000E-003
   0.26500      0.132500E-003
   0.26600      0.133000E-003
   0.26700      0.133500E-003
   0.26800      0.134000E-003
   0.26900      0.134500E-003
   0.27000      0.135000E-003
   0.27100      0.135500E-003
   0.27200      0.136000E-003
   0.27300      0.136500E-003
   0.27400      0.137000E-003
   0.27500      0.137500E-003
   0.27600      0.138000E-003
   0.27700      0.138500E-003
   0.27800      0.139000E-003
   0.27845      0.139225E-003
   0.27890      0.139450E-003
   0.27935      0.139675E-003
   0.28003      0.140013E-003
   0.28103      0.140513E-003
   0.28203      0.141013E-003
   0.28303      0.141513E-003
   0.28403      0.142013E-003
   0.28503      0.142513E-003
   0.28603      0.143013E-003
   0.28703      0.143513E-003
   0.28803      0.144013E-003
   0.28903      0.144513E-003
   0.28928      0.144638E-003
   0.28930      0.144650E-003
   0.28930      0.144652E-003
   0.28931      0.144653E-003
    1.0000      0.144653E-003

