
          


       
         0	    0            
   0.20000E-02   102.896     
   0.40000E-02   205.791     
   0.60000E-02   308.687     
   0.80000E-02   411.583     
   0.10000E-01   514.479     
   0.12000E-01   617.374     
   0.14000E-01   720.270     
   0.16000E-01   823.166     
   0.18000E-01   926.062     
   0.20000E-01   1028.96     
   0.22000E-01   1131.85     
   0.24000E-01   1234.75     
   0.26000E-01   1337.64     
   0.28000E-01   1440.54     
   0.30000E-01   1543.44     
   0.32000E-01   1646.33     
   0.34000E-01   1749.23     
   0.36000E-01   1852.12     
   0.38000E-01   1955.02     
   0.40000E-01   2057.91     

   0.42000E-01   2160.81     
   0.44000E-01   2263.71     
   0.46000E-01   2366.60     
   0.48000E-01   2469.50     
   0.50000E-01   2572.39     
   0.52000E-01   2675.29     
   0.54000E-01   2778.18     
   0.56000E-01   2881.08     
   0.58000E-01   2983.98     
   0.60000E-01   3086.87     
   0.62000E-01   3189.77     
   0.64000E-01   3292.66     
   0.66000E-01   3395.56     
   0.68000E-01   3498.46     
   0.70000E-01   3601.35     
   0.72000E-01   3704.25     
   0.74000E-01   3807.14     
   0.76000E-01   3910.04     
   0.78000E-01   4012.93     
   0.80000E-01   4115.83     

   0.82000E-01   4218.73     
   0.84000E-01   4318.66     
   0.86000E-01   4412.89     
   0.88000E-01   4505.83     
   0.90000E-01   4598.87     
   0.92000E-01   4692.38     
   0.94000E-01   4786.05     
   0.96000E-01   4879.73     
   0.98000E-01   4973.37     
   0.10000       5067.02     
   0.10200       5160.68     
   0.10400       5254.35     
   0.10600       5348.04     
   0.10800       5441.74     
   0.11000       5535.44     
   0.11200       5629.17     
   0.11400       5722.90     
   0.11600       5816.64     
   0.11800       5910.39     
   0.12000       6003.22     

   0.12200       6094.14     
   0.12400       6180.72     
   0.12600       6265.73     
   0.12800       6351.35     
   0.13000       6437.26     
   0.13200       6523.20     
   0.13400       6609.17     
   0.13600       6695.17     
   0.13800       6781.20     
   0.14000       6867.28     
   0.14200       6953.39     
   0.14400       7039.54     
   0.14600       7125.73     
   0.14800       7211.94     
   0.15000       7298.20     
   0.15200       7384.48     
   0.15400       7470.80     
   0.15600       7557.15     
   0.15800       7642.00     
   0.16000       7715.47     

   0.16200       7789.68     
   0.16400       7864.10     
   0.16600       7938.71     
   0.16800       8013.36     
   0.17000       8088.08     
   0.17200       8162.89     
   0.17400       8237.79     
   0.17600       8312.75     
   0.17800       8387.83     
   0.18000       8461.65     
   0.18200       8530.82     
   0.18400       8595.53     
   0.18600       8659.71     
   0.18800       8724.84     
   0.19000       8790.29     
   0.19200       8856.12     
   0.19400       8922.14     
   0.19600       8988.25     
   0.19800       9054.53     
   0.20000       9120.99     

   0.20200       9187.67     
   0.20400       9254.52     
   0.20600       9310.49     
   0.20800       9364.70     
   0.21000       9416.07     
   0.21200       9468.20     
   0.21400       9521.26     
   0.21600       9575.19     
   0.21800       9629.45     
   0.22000       9684.06     
   0.22200       9738.96     
   0.22400       9792.45     
   0.22600       9839.97     
   0.22800       9882.36     
   0.23000       9924.77     
   0.23200       9968.76     
   0.23400       10013.9     
   0.23600       10059.7     
   0.23800       10105.7     
   0.24000       10152.5     

   0.24200       10199.7     
   0.24400       10247.4     
   0.24600       10291.0     
   0.24800       10323.8     
   0.25000       10352.0     
   0.25200       10382.1     
   0.25400       10415.3     
   0.25600       10449.9     
   0.25800       10485.1     
   0.26000       10520.9     
   0.26200       10556.2     
   0.26400       10585.4     
   0.26600       10607.6     
   0.26800       10629.6     
   0.27000       10654.1     
   0.27200       10680.7     
   0.27400       10708.7     
   0.27600       10737.4     
   0.27800       10767.0     
   0.28000       10797.5     

   0.28200       10824.8     
   0.28400       10833.5     
   0.28600       10846.9     
   0.28800       10860.9     
   0.29000       10876.1     
   0.29200       10894.4     
   0.29400       10913.9     
   0.29600       10934.4     
   0.29800       10952.8     
   0.30000       10963.0     
   0.30200       10967.7     
   0.30400       10974.8     
   0.30600       10985.5     
   0.30800       10998.9     
   0.31000       11013.6     
   0.31200       11029.1     
   0.31400       11046.4     
   0.31600       11064.1     
   0.31800       11066.8     
   0.32000       11065.1     

   0.32200       11064.5     
   0.32400       11067.3     
   0.32600       11073.1     
   0.32800       11080.9     
   0.33000       11090.2     
   0.33200       11098.1     
   0.33400       11098.0     
   0.33600       11091.9     
   0.33800       11087.4     
   0.34000       11087.5     
   0.34200       11090.8     
   0.34400       11096.1     
   0.34600       11102.6     
   0.34800       11110.5     
   0.35000       11116.8     
   0.35200       11104.6     
   0.35400       11092.0     
   0.35600       11082.6     
   0.35800       11078.1     
   0.36000       11076.0     

   0.36200       11075.3     
   0.36400       11075.2     
   0.36600       11063.2     
   0.36800       11049.5     
   0.37000       11038.3     
   0.37200       11028.5     
   0.37400       11024.0     
   0.37600       11021.2     
   0.37800       11019.9     
   0.38000       11020.5     
   0.38200       11017.1     
   0.38400       10993.9     
   0.38600       10973.9     
   0.38800       10958.2     
   0.39000       10947.6     
   0.39200       10938.6     
   0.39400       10931.9     
   0.39600       10924.0     
   0.39800       10902.1     
   0.40000       10882.6     

   0.40200       10864.9     
   0.40400       10851.9     
   0.40600       10840.6     
   0.40800       10834.2     
   0.41000       10829.1     
   0.41200       10825.2     
   0.41400       10803.3     
   0.41600       10785.2     
   0.41800       10758.5     
   0.42000       10738.9     
   0.42200       10724.1     
   0.42400       10713.3     
   0.42600       10703.3     
   0.42800       10688.8     
   0.43000       10664.3     
   0.43200       10637.8     
   0.43400       10616.1     
   0.43600       10599.1     
   0.43800       10587.5     
   0.44000       10578.0     

   0.44200       10569.5     
   0.44400       10559.0     
   0.44600       10526.3     
   0.44800       10496.6     
   0.45000       10470.8     
   0.45200       10451.6     
   0.45400       10436.4     
   0.45600       10422.2     
   0.45800       10405.8     
   0.46000       10381.4     
   0.46200       10351.0     
   0.46400       10322.2     
   0.46600       10300.8     
   0.46800       10286.4     
   0.47000       10272.9     
   0.47200       10261.3     
   0.47400       10250.6     
   0.47600       10226.3     
   0.47800       10194.8     
   0.48000       10163.5     

   0.48200       10138.7     
   0.48400       10118.5     
   0.48600       10103.6     
   0.48800       10089.3     
   0.49000       10071.6     
   0.49200       10044.6     
   0.49400       10014.0     
   0.49600       9987.71     
   0.49800       9966.50     
   0.50000       9950.04     
   0.50200       9936.62     
   0.50400       9925.00     
   0.50600       9914.17     
   0.50800       9892.90     
   0.51000       9862.13     
   0.51200       9831.71     
   0.51400       9804.04     
   0.51600       9783.53     
   0.51800       9767.79     
   0.52000       9752.42     

   0.52200       9734.77     
   0.52400       9701.57     
   0.52600       9672.38     
   0.52800       9646.00     
   0.53000       9625.59     
   0.53200       9608.44     
   0.53400       9594.68     
   0.53600       9581.93     
   0.53800       9569.20     
   0.54000       9542.15     
   0.54200       9508.36     
   0.54400       9475.52     
   0.54600       9448.54     
   0.54800       9427.70     
   0.55000       9410.72     
   0.55200       9394.36     
   0.55400       9374.85     
   0.55600       9342.81     
   0.55800       9307.93     
   0.56000       9283.00     

   0.56200       9261.54     
   0.56400       9244.29     
   0.56600       9228.94     
   0.56800       9216.14     
   0.57000       9203.46     
   0.57200       9171.09     
   0.57400       9133.45     
   0.57600       9107.00     
   0.57800       9085.52     
   0.58000       9063.57     
   0.58200       9045.38     
   0.58400       9027.46     
   0.58600       9001.27     
   0.58800       8972.89     
   0.59000       8944.10     
   0.59200       8917.30     
   0.59400       8893.95     
   0.59600       8876.15     
   0.59800       8859.03     
   0.60000       8846.97     

   0.60200       8832.27     
   0.60400       8798.56     
   0.60600       8762.95     
   0.60800       8730.60     
   0.61000       8705.51     
   0.61200       8684.77     
   0.61400       8669.53     
   0.61600       8652.20     
   0.61800       8622.23     
   0.62000       8588.37     
   0.62200       8556.52     
   0.62400       8530.86     
   0.62600       8510.23     
   0.62800       8494.02     
   0.63000       8479.87     
   0.63200       8465.66     
   0.63400       8437.55     
   0.63600       8407.83     
   0.63800       8376.16     
   0.64000       8344.54     

   0.64200       8319.45     
   0.64400       8297.90     
   0.64600       8281.18     
   0.64800       8258.71     
   0.65000       8228.06     
   0.65200       8198.08     
   0.65400       8170.39     
   0.65600       8140.95     
   0.65800       8122.84     
   0.66000       8108.49     
   0.66200       8093.09     
   0.66400       8078.29     
   0.66600       8057.13     
   0.66800       8021.27     
   0.67000       7989.47     
   0.67200       7961.41     
   0.67400       7942.07     
   0.67600       7921.07     
   0.67800       7900.97     
   0.68000       7884.04     

   0.68200       7849.31     
   0.68400       7818.80     
   0.68600       7788.53     
   0.68800       7767.06     
   0.69000       7747.85     
   0.69200       7729.57     
   0.69400       7713.17     
   0.69600       7700.90     
   0.69800       7683.14     
   0.70000       7648.67     
   0.70200       7609.84     
   0.70400       7581.45     
   0.70600       7557.67     
   0.70800       7537.25     
   0.71000       7518.61     
   0.71200       7495.22     
   0.71400       7472.78     
   0.71600       7428.94     
   0.71800       7402.03     
   0.72000       7374.49     

   0.72200       7358.79     
   0.72400       7341.23     
   0.72600       7324.22     
   0.72800       7307.69     
   0.73000       7276.38     
   0.73200       7248.57     
   0.73400       7210.67     
   0.73600       7181.22     
   0.73800       7161.59     
   0.74000       7142.98     
   0.74200       7124.27     
   0.74400       7098.72     
   0.74600       7063.78     
   0.74800       7035.66     
   0.75000       7008.37     
   0.75200       6983.51     
   0.75400       6964.04     
   0.75600       6948.45     
   0.75800       6935.01     
   0.76000       6917.18     

   0.76090       6912.53     
   0.76180       6887.84     
   0.76270       6869.84     
   0.76360       6861.86     
   0.76495       6834.02     
   0.76695       6810.16     
   0.76895       6785.22     
   0.77095       6764.11     
   0.77295       6739.16     
   0.77495       6732.99     
   0.77695       6702.82     
   0.77895       6664.26     
   0.78095       6633.35     
   0.78295       6607.93     
   0.78495       6598.07     
   0.78695       6566.68     
   0.78895       6554.88     
   0.79095       6538.74     
   0.79185       6533.49     
   0.79275       6515.52     

   0.79281       6501.36     

