
         


        
         0	    0	          
   0.20000E-02   102.896     
   0.40000E-02   205.791     
   0.60000E-02   308.687     
   0.80000E-02   411.583     
   0.10000E-01   514.479     
   0.12000E-01   617.374     
   0.14000E-01   720.270     
   0.16000E-01   823.166     
   0.18000E-01   926.062     
   0.20000E-01   1028.96     
   0.22000E-01   1131.85     
   0.24000E-01   1234.75     
   0.26000E-01   1337.64     
   0.28000E-01   1440.54     
   0.30000E-01   1543.44     
   0.32000E-01   1646.33     
   0.34000E-01   1749.23     
   0.36000E-01   1852.12     
   0.38000E-01   1955.02     
   0.40000E-01   2057.91     

         


        
                   
   0.42000E-01   2160.81     
   0.44000E-01   2263.71     
   0.46000E-01   2366.60     
   0.48000E-01   2469.50     
   0.50000E-01   2572.39     
   0.52000E-01   2675.29     
   0.54000E-01   2778.18     
   0.56000E-01   2881.08     
   0.58000E-01   2983.98     
   0.60000E-01   3086.87     
   0.62000E-01   3189.77     
   0.64000E-01   3292.66     
   0.66000E-01   3395.56     
   0.68000E-01   3498.46     
   0.70000E-01   3601.35     
   0.72000E-01   3704.25     
   0.74000E-01   3807.14     
   0.76000E-01   3910.04     
   0.78000E-01   4012.93     
   0.80000E-01   4115.83     

         


        
                   
   0.82000E-01   4218.23     
   0.84000E-01   4315.95     
   0.86000E-01   4409.81     
   0.88000E-01   4502.54     
   0.90000E-01   4595.72     
   0.92000E-01   4689.34     
   0.94000E-01   4783.09     
   0.96000E-01   4876.78     
   0.98000E-01   4970.44     
   0.10000       5064.09     
   0.10200       5157.77     
   0.10400       5251.46     
   0.10600       5345.16     
   0.10800       5438.88     
   0.11000       5532.60     
   0.11200       5626.33     
   0.11400       5720.08     
   0.11600       5813.83     
   0.11800       5905.18     
   0.12000       5995.68     

         


        
                   
   0.12200       6083.22     
   0.12400       6168.92     
   0.12600       6254.55     
   0.12800       6340.45     
   0.13000       6426.42     
   0.13200       6512.53     
   0.13400       6598.61     
   0.13600       6684.70     
   0.13800       6770.83     
   0.14000       6857.00     
   0.14200       6943.20     
   0.14400       7029.44     
   0.14600       7115.70     
   0.14800       7202.00     
   0.15000       7288.33     
   0.15200       7374.69     
   0.15400       7461.09     
   0.15600       7546.36     
   0.15800       7622.30     
   0.16000       7697.95     

         


        
                   
   0.16200       7772.19     
   0.16400       7846.93     
   0.16600       7921.96     
   0.16800       7997.13     
   0.17000       8072.28     
   0.17200       8147.44     
   0.17400       8222.49     
   0.17600       8297.67     
   0.17800       8370.90     
   0.18000       8441.03     
   0.18200       8506.65     
   0.18400       8571.07     
   0.18600       8636.22     
   0.18800       8701.81     
   0.19000       8767.96     
   0.19200       8834.13     
   0.19400       8900.25     
   0.19600       8966.56     
   0.19800       9033.08     
   0.20000       9099.83     

         


        
                   
   0.20200       9166.74     
   0.20400       9228.43     
   0.20600       9281.88     
   0.20800       9332.84     
   0.21000       9385.27     
   0.21200       9438.69     
   0.21400       9493.56     
   0.21600       9548.33     
   0.21800       9603.32     
   0.22000       9658.44     
   0.22200       9711.37     
   0.22400       9759.88     
   0.22600       9803.42     
   0.22800       9845.98     
   0.23000       9890.04     
   0.23200       9934.80     
   0.23400       9981.14     
   0.23600       10027.7     
   0.23800       10074.5     
   0.24000       10121.5     

         


        
                   
   0.24200       10169.1     
   0.24400       10214.9     
   0.24600       10246.0     
   0.24800       10277.6     
   0.25000       10309.8     
   0.25200       10342.8     
   0.25400       10378.0     
   0.25600       10413.6     
   0.25800       10449.6     
   0.26000       10484.4     
   0.26200       10514.7     
   0.26400       10538.5     
   0.26600       10560.5     
   0.26800       10584.9     
   0.27000       10610.9     
   0.27200       10638.9     
   0.27400       10667.4     
   0.27600       10697.5     
   0.27800       10728.1     
   0.28000       10757.5     

         


        
                   
   0.28200       10769.2     
   0.28400       10783.2     
   0.28600       10797.3     
   0.28800       10812.9     
   0.29000       10830.9     
   0.29200       10849.7     
   0.29400       10870.8     
   0.29600       10889.0     
   0.29800       10900.2     
   0.30000       10906.2     
   0.30200       10913.2     
   0.30400       10923.0     
   0.30600       10934.7     
   0.30800       10950.2     
   0.31000       10966.4     
   0.31200       10983.6     
   0.31400       11001.4     
   0.31600       11004.7     
   0.31800       11004.6     
   0.32000       11005.7     

         


        
                   
   0.32200       11007.5     
   0.32400       11013.6     
   0.32600       11022.1     
   0.32800       11031.3     
   0.33000       11038.3     
   0.33200       11038.8     
   0.33400       11037.6     
   0.33600       11030.6     
   0.33800       11027.7     
   0.34000       11028.7     
   0.34200       11035.0     
   0.34400       11041.8     
   0.34600       11051.3     
   0.34800       11058.1     
   0.35000       11049.0     
   0.35200       11035.1     
   0.35400       11025.7     
   0.35600       11021.6     
   0.35800       11020.0     
   0.36000       11019.6     

         


        
                   
   0.36200       11018.4     
   0.36400       11009.5     
   0.36600       10994.3     
   0.36800       10981.2     
   0.37000       10969.6     
   0.37200       10965.6     
   0.37400       10963.8     
   0.37600       10963.1     
   0.37800       10963.9     
   0.38000       10960.8     
   0.38200       10938.2     
   0.38400       10918.8     
   0.38600       10902.1     
   0.38800       10889.0     
   0.39000       10882.0     
   0.39200       10876.5     
   0.39400       10868.0     
   0.39600       10844.5     
   0.39800       10826.0     
   0.40000       10809.3     

         


        
                   
   0.40200       10794.6     
   0.40400       10785.0     
   0.40600       10778.9     
   0.40800       10773.3     
   0.41000       10768.6     
   0.41200       10747.0     
   0.41400       10725.1     
   0.41600       10702.9     
   0.41800       10683.2     
   0.42000       10668.4     
   0.42200       10655.7     
   0.42400       10645.4     
   0.42600       10630.4     
   0.42800       10606.3     
   0.43000       10580.1     
   0.43200       10559.5     
   0.43400       10543.2     
   0.43600       10529.9     
   0.43800       10521.7     
   0.44000       10513.8     

         


        
                   
   0.44200       10503.4     
   0.44400       10468.0     
   0.44600       10440.1     
   0.44800       10413.9     
   0.45000       10395.4     
   0.45200       10380.5     
   0.45400       10365.3     
   0.45600       10348.5     
   0.45800       10321.2     
   0.46000       10291.7     
   0.46200       10266.3     
   0.46400       10246.1     
   0.46600       10227.3     
   0.46800       10215.9     
   0.47000       10206.4     
   0.47200       10194.0     
   0.47400       10169.4     
   0.47600       10133.3     
   0.47800       10104.7     
   0.48000       10080.3     

         


        
                   
   0.48200       10062.9     
   0.48400       10046.6     
   0.48600       10030.9     
   0.48800       10010.1     
   0.49000       9982.93     
   0.49200       9952.94     
   0.49400       9927.59     
   0.49600       9908.04     
   0.49800       9893.92     
   0.50000       9881.17     
   0.50200       9869.29     
   0.50400       9855.95     
   0.50600       9832.83     
   0.50800       9797.57     
   0.51000       9768.39     
   0.51200       9743.26     
   0.51400       9724.45     
   0.51600       9710.64     
   0.51800       9692.85     
   0.52000       9673.04     

         


        
                   
   0.52200       9641.96     
   0.52400       9610.87     
   0.52600       9586.52     
   0.52800       9568.32     
   0.53000       9554.40     
   0.53200       9539.24     
   0.53400       9525.76     
   0.53600       9513.31     
   0.53800       9483.33     
   0.54000       9447.67     
   0.54200       9415.65     
   0.54400       9388.29     
   0.54600       9372.42     
   0.54800       9353.91     
   0.55000       9333.57     
   0.55200       9307.80     
   0.55400       9274.89     
   0.55600       9248.01     
   0.55800       9222.43     
   0.56000       9203.96     

         


        
                   
   0.56200       9188.43     
   0.56400       9174.07     
   0.56600       9160.15     
   0.56800       9137.36     
   0.57000       9104.95     
   0.57200       9071.35     
   0.57400       9043.46     
   0.57600       9024.61     
   0.57800       9004.99     
   0.58000       8987.09     
   0.58200       8969.04     
   0.58400       8932.92     
   0.58600       8902.11     
   0.58800       8877.20     
   0.59000       8856.00     
   0.59200       8834.61     
   0.59400       8822.71     
   0.59600       8806.44     
   0.59800       8790.10     
   0.60000       8760.36     

         


        
                   
   0.60200       8727.87     
   0.60400       8694.30     
   0.60600       8669.40     
   0.60800       8647.39     
   0.61000       8627.87     
   0.61200       8612.43     
   0.61400       8589.49     
   0.61600       8550.18     
   0.61800       8518.95     
   0.62000       8497.22     
   0.62200       8475.73     
   0.62400       8457.19     
   0.62600       8438.77     
   0.62800       8424.64     
   0.63000       8408.30     
   0.63200       8368.98     
   0.63400       8337.36     
   0.63600       8307.31     
   0.63800       8282.06     
   0.64000       8261.14     

         


        
                   
   0.64200       8242.89     
   0.64400       8221.43     
   0.64600       8190.97     
   0.64800       8160.45     
   0.65000       8130.43     
   0.65200       8109.72     
   0.65400       8091.13     
   0.65600       8070.93     
   0.65800       8055.43     
   0.66000       8039.41     
   0.66200       8020.84     
   0.66400       7987.38     
   0.66550       7962.63     
   0.66700       7938.70     
   0.66900       7912.90     
   0.67100       7893.41     
   0.67300       7875.06     
   0.67500       7854.53     
   0.67700       7832.55     
   0.67900       7799.35     

         


        
                   
   0.68100       7771.21     
   0.68300       7744.40     
   0.68500       7723.73     
   0.68700       7704.79     
   0.68900       7686.94     
   0.69100       7669.91     
   0.69300       7653.16     
   0.69500       7626.34     
   0.69650       7600.88     
   0.69800       7575.63     
   0.70000       7547.24     
   0.70200       7523.97     
   0.70400       7501.56     
   0.70600       7483.11     
   0.70800       7461.88     
   0.71000       7429.69     
   0.71200       7396.28     
   0.71400       7368.77     
   0.71600       7345.30     
   0.71800       7325.09     

         


        
                   
   0.72000       7304.60     
   0.72200       7290.15     
   0.72400       7274.79     
   0.72600       7249.41     
   0.72800       7226.25     
   0.73000       7187.96     
   0.73200       7151.07     
   0.73400       7126.97     
   0.73600       7108.27     
   0.73800       7082.42     
   0.74000       7070.28     
   0.74200       7042.71     
   0.74400       7010.70     
   0.74600       6981.60     
   0.74800       6963.22     
   0.75000       6935.28     
   0.75200       6916.25     
   0.75400       6900.40     
   0.75600       6884.78     
   0.75690       6874.93     

         


        
                   
   0.75713       6866.52     


