
          


         
        0	    0             
   0.20000E-02   102.896     
   0.40000E-02   205.791     
   0.60000E-02   308.687     
   0.80000E-02   411.583     
   0.10000E-01   514.479     
   0.12000E-01   617.374     
   0.14000E-01   720.270     
   0.16000E-01   823.166     
   0.18000E-01   926.062     
   0.20000E-01   1028.96     
   0.22000E-01   1131.85     
   0.24000E-01   1234.75     
   0.26000E-01   1337.64     
   0.28000E-01   1440.54     
   0.30000E-01   1543.44     
   0.32000E-01   1646.33     
   0.34000E-01   1749.23     
   0.36000E-01   1852.12     
   0.38000E-01   1955.02     
   0.40000E-01   2057.91     

          


         
                     
   0.42000E-01   2160.81     
   0.44000E-01   2263.71     
   0.46000E-01   2366.60     
   0.48000E-01   2469.50     
   0.50000E-01   2572.39     
   0.52000E-01   2675.29     
   0.54000E-01   2778.18     
   0.56000E-01   2881.08     
   0.58000E-01   2983.98     
   0.60000E-01   3086.87     
   0.62000E-01   3189.77     
   0.64000E-01   3292.66     
   0.66000E-01   3395.56     
   0.68000E-01   3498.46     
   0.70000E-01   3601.35     
   0.72000E-01   3704.25     
   0.74000E-01   3807.14     
   0.76000E-01   3910.04     
   0.78000E-01   4012.93     
   0.80000E-01   4115.83     

          


         
                     
   0.82000E-01   4217.07     
   0.84000E-01   4313.19     
   0.86000E-01   4406.73     
   0.88000E-01   4499.37     
   0.90000E-01   4592.71     
   0.92000E-01   4686.46     
   0.94000E-01   4780.23     
   0.96000E-01   4873.93     
   0.98000E-01   4967.59     
   0.10000       5061.26     
   0.10200       5154.96     
   0.10400       5248.67     
   0.10600       5342.38     
   0.10800       5436.11     
   0.11000       5529.85     
   0.11200       5623.59     
   0.11400       5716.45     
   0.11600       5807.40     
   0.11800       5897.67     
   0.12000       5986.67     

          


         
                     
   0.12200       6072.90     
   0.12400       6158.50     
   0.12600       6244.36     
   0.12800       6330.39     
   0.13000       6416.55     
   0.13200       6502.71     
   0.13400       6588.86     
   0.13600       6675.04     
   0.13800       6761.25     
   0.14000       6847.50     
   0.14200       6933.78     
   0.14400       7020.09     
   0.14600       7106.43     
   0.14800       7192.79     
   0.15000       7279.19     
   0.15200       7365.45     
   0.15400       7450.79     
   0.15600       7530.59     
   0.15800       7605.39     
   0.16000       7679.52     

          


         
                     
   0.16200       7754.45     
   0.16400       7829.50     
   0.16600       7904.89     
   0.16800       7979.73     
   0.17000       8054.71     
   0.17200       8129.82     
   0.17400       8205.10     
   0.17600       8278.22     
   0.17800       8350.42     
   0.18000       8416.78     
   0.18200       8481.13     
   0.18400       8546.32     
   0.18600       8612.28     
   0.18800       8678.33     
   0.19000       8744.95     
   0.19200       8811.53     
   0.19400       8878.15     
   0.19600       8944.93     
   0.19800       9011.88     
   0.20000       9079.02     

          


         
                     
   0.20200       9143.68     
   0.20400       9196.03     
   0.20600       9248.95     
   0.20800       9302.45     
   0.21000       9356.59     
   0.21200       9410.90     
   0.21400       9465.84     
   0.21600       9520.98     
   0.21800       9576.36     
   0.22000       9629.05     
   0.22200       9679.72     
   0.22400       9723.65     
   0.22600       9765.28     
   0.22800       9809.19     
   0.23000       9854.65     
   0.23200       9900.41     
   0.23400       9947.51     
   0.23600       9994.76     
   0.23800       10042.2     
   0.24000       10090.1     

          


         
                     
   0.24200       10137.0     
   0.24400       10170.0     
   0.24600       10202.3     
   0.24800       10234.6     
   0.25000       10267.3     
   0.25200       10302.8     
   0.25400       10338.7     
   0.25600       10374.8     
   0.25800       10408.9     
   0.26000       10440.5     
   0.26200       10464.9     
   0.26400       10487.2     
   0.26600       10510.6     
   0.26800       10536.0     
   0.27000       10564.8     
   0.27200       10594.3     
   0.27400       10625.4     
   0.27600       10656.5     
   0.27800       10685.9     
   0.28000       10699.4     

          


         
                     
   0.28200       10713.3     
   0.28400       10727.4     
   0.28600       10742.7     
   0.28800       10761.2     
   0.29000       10780.9     
   0.29200       10801.0     
   0.29400       10817.9     
   0.29600       10829.1     
   0.29800       10836.0     
   0.30000       10843.3     
   0.30200       10854.0     
   0.30400       10866.0     
   0.30600       10882.1     
   0.30800       10899.3     
   0.31000       10916.6     
   0.31200       10932.7     
   0.31400       10936.4     
   0.31600       10940.6     
   0.31800       10939.7     
   0.32000       10940.5     

          


         
                     
   0.32200       10945.7     
   0.32400       10951.0     
   0.32600       10960.8     
   0.32800       10968.2     
   0.33000       10968.7     
   0.33200       10964.1     
   0.33400       10960.3     
   0.33600       10960.9     
   0.33800       10962.7     
   0.34000       10969.9     
   0.34200       10978.1     
   0.34400       10985.1     
   0.34600       10989.6     
   0.34800       10977.5     
   0.35000       10967.2     
   0.35200       10958.3     
   0.35400       10951.3     
   0.35600       10949.9     
   0.35800       10950.4     
   0.36000       10948.7     

          


         
                     
   0.36200       10940.8     
   0.36400       10926.6     
   0.36600       10913.2     
   0.36800       10904.7     
   0.37000       10900.6     
   0.37200       10898.5     
   0.37400       10897.3     
   0.37600       10896.7     
   0.37800       10883.7     
   0.38000       10874.6     
   0.38200       10853.6     
   0.38400       10834.3     
   0.38600       10821.9     
   0.38800       10809.1     
   0.39000       10803.6     
   0.39200       10796.0     
   0.39400       10779.3     
   0.39600       10758.3     
   0.39800       10742.2     
   0.40000       10728.3     

          


         
                     
   0.40200       10719.2     
   0.40400       10710.2     
   0.40600       10706.2     
   0.40800       10699.5     
   0.41000       10685.5     
   0.41200       10652.2     
   0.41400       10629.4     
   0.41600       10607.5     
   0.41800       10595.8     
   0.42000       10587.6     
   0.42200       10575.8     
   0.42400       10558.1     
   0.42600       10538.6     
   0.42800       10512.8     
   0.43000       10490.8     
   0.43200       10474.2     
   0.43400       10461.8     
   0.43600       10453.7     
   0.43800       10445.8     
   0.44000       10419.0     

          


         
                     
   0.44200       10392.6     
   0.44400       10364.2     
   0.44600       10341.4     
   0.44800       10317.7     
   0.45000       10310.7     
   0.45200       10295.0     
   0.45400       10271.7     
   0.45600       10247.5     
   0.45800       10216.4     
   0.46000       10192.4     
   0.46200       10175.6     
   0.46400       10162.1     
   0.46600       10150.0     
   0.46800       10138.6     
   0.47000       10111.4     
   0.47200       10083.9     
   0.47400       10054.3     
   0.47600       10027.8     
   0.47800       10007.7     
   0.48000       9986.29     

          


         
                     
   0.48200       9975.62     
   0.48400       9958.26     
   0.48600       9936.59     
   0.48800       9905.40     
   0.49000       9878.63     
   0.49200       9855.58     
   0.49400       9838.75     
   0.49600       9825.27     
   0.49800       9813.72     
   0.50000       9801.16     
   0.50200       9776.09     
   0.50400       9745.71     
   0.50600       9716.07     
   0.50800       9690.01     
   0.51000       9670.65     
   0.51200       9653.48     
   0.51400       9636.47     
   0.51600       9619.31     
   0.51800       9589.51     
   0.52000       9559.77     

          


         
                     
   0.52200       9535.36     
   0.52400       9509.64     
   0.52600       9494.36     
   0.52800       9482.74     
   0.53000       9469.71     
   0.53200       9454.65     
   0.53400       9427.11     
   0.53600       9390.49     
   0.53800       9356.96     
   0.54000       9335.96     
   0.54200       9315.45     
   0.54400       9297.54     
   0.54600       9279.65     
   0.54800       9259.14     
   0.55000       9228.94     
   0.55200       9198.75     
   0.55400       9173.08     
   0.55600       9151.45     
   0.55800       9134.06     
   0.56000       9119.51     

          


         
                     
   0.56200       9106.09     
   0.56400       9086.21     
   0.56600       9049.70     
   0.56800       9017.93     
   0.57000       8991.22     
   0.57200       8971.23     
   0.57400       8953.79     
   0.57600       8936.29     
   0.57800       8916.38     
   0.58000       8882.81     
   0.58200       8854.09     
   0.58400       8829.95     
   0.58600       8805.89     
   0.58800       8783.46     
   0.59000       8768.07     
   0.59200       8754.10     
   0.59400       8739.77     
   0.59600       8710.32     
   0.59800       8676.95     
   0.60000       8643.89     

          


         
                     
   0.60200       8622.67     
   0.60400       8602.24     
   0.60600       8584.03     
   0.60800       8561.35     
   0.61000       8534.62     
   0.61200       8506.77     
   0.61400       8477.02     
   0.61600       8450.67     
   0.61800       8428.05     
   0.62000       8406.56     
   0.62200       8389.32     
   0.62400       8375.59     
   0.62600       8357.47     
   0.62800       8320.69     
   0.62950       8294.98     
   0.63100       8272.02     
   0.63250       8252.67     
   0.63450       8230.26     
   0.63650       8208.54     
   0.63850       8191.07     

          


         
                     
   0.64050       8169.96     
   0.64250       8139.14     
   0.64400       8116.24     
   0.64550       8092.69     
   0.64750       8070.22     
   0.64950       8048.42     
   0.65150       8028.48     
   0.65350       8011.11     
   0.65550       7994.63     
   0.65750       7979.92     
   0.65950       7950.06     
   0.66100       7923.54     
   0.66250       7899.22     
   0.66450       7875.88     
   0.66650       7852.42     
   0.66850       7833.78     
   0.67050       7815.06     
   0.67250       7794.42     
   0.67450       7765.36     
   0.67600       7741.85     

          


         
                     
   0.67750       7719.85     
   0.67950       7694.62     
   0.68150       7674.27     
   0.68350       7654.03     
   0.68550       7637.02     
   0.68750       7621.89     
   0.68950       7606.37     
   0.69040       7612.41     
   0.69130       7612.26     
   0.69265       7556.93     
   0.69400       7528.20     
   0.69600       7504.15     
   0.69800       7469.39     
   0.70000       7458.89     
   0.70200       7432.33     
   0.70400       7426.06     
   0.70490       7427.54     


