
          


          
        0	    0          
   0.20000E-02   102.896     
   0.40000E-02   205.791     
   0.60000E-02   308.687     
   0.80000E-02   411.583     
   0.10000E-01   514.479     
   0.12000E-01   617.374     
   0.14000E-01   720.270     
   0.16000E-01   823.166     
   0.18000E-01   926.062     
   0.20000E-01   1028.96     
   0.22000E-01   1131.85     
   0.24000E-01   1234.75     
   0.26000E-01   1337.64     
   0.28000E-01   1440.54     
   0.30000E-01   1543.44     
   0.32000E-01   1646.33     
   0.34000E-01   1749.23     
   0.36000E-01   1852.12     
   0.38000E-01   1955.02     
   0.40000E-01   2057.91     

          


          
                  
   0.42000E-01   2160.81     
   0.44000E-01   2263.71     
   0.46000E-01   2366.60     
   0.48000E-01   2469.50     
   0.50000E-01   2572.39     
   0.52000E-01   2675.29     
   0.54000E-01   2778.18     
   0.56000E-01   2881.08     
   0.58000E-01   2983.98     
   0.60000E-01   3086.87     
   0.62000E-01   3189.77     
   0.64000E-01   3292.66     
   0.66000E-01   3395.56     
   0.68000E-01   3498.46     
   0.70000E-01   3601.35     
   0.72000E-01   3704.25     
   0.74000E-01   3807.14     
   0.76000E-01   3910.04     
   0.78000E-01   4012.93     
   0.80000E-01   4114.43     

          


          
                  
   0.82000E-01   4213.46     
   0.84000E-01   4307.71     
   0.86000E-01   4400.79     
   0.88000E-01   4493.68     
   0.90000E-01   4587.19     
   0.92000E-01   4680.95     
   0.94000E-01   4774.75     
   0.96000E-01   4868.47     
   0.98000E-01   4962.17     
   0.10000       5055.87     
   0.10200       5149.59     
   0.10400       5243.33     
   0.10600       5337.07     
   0.10800       5430.83     
   0.11000       5522.64     
   0.11200       5613.27     
   0.11400       5703.25     
   0.11600       5793.55     
   0.11800       5882.08     
   0.12000       5968.28     

          


          
                  
   0.12200       6054.06     
   0.12400       6140.08     
   0.12600       6226.23     
   0.12800       6312.52     
   0.13000       6398.79     
   0.13200       6484.95     
   0.13400       6570.74     
   0.13600       6656.33     
   0.13800       6742.02     
   0.14000       6827.87     
   0.14200       6913.66     
   0.14400       6998.40     
   0.14600       7082.25     
   0.14800       7165.97     
   0.15000       7249.28     
   0.15200       7331.74     
   0.15400       7412.69     
   0.15600       7488.42     
   0.15800       7565.72     
   0.16000       7639.53     

          


          
                  
   0.16200       7714.47     
   0.16400       7790.38     
   0.16600       7866.06     
   0.16800       7942.38     
   0.17000       8018.47     
   0.17200       8093.77     
   0.17400       8166.93     
   0.17600       8239.31     
   0.17800       8306.96     
   0.18000       8372.46     
   0.18200       8438.56     
   0.18400       8505.36     
   0.18600       8572.56     
   0.18800       8639.72     
   0.19000       8706.94     
   0.19200       8774.17     
   0.19400       8841.16     
   0.19600       8907.49     
   0.19800       8972.91     
   0.20000       9033.57     

          


          
                  
   0.20200       9087.51     
   0.20400       9140.16     
   0.20600       9192.53     
   0.20800       9246.09     
   0.21000       9300.37     
   0.21200       9356.40     
   0.21400       9412.68     
   0.21600       9465.89     
   0.21800       9518.67     
   0.22000       9564.96     
   0.22200       9608.39     
   0.22400       9652.34     
   0.22600       9697.93     
   0.22800       9744.41     
   0.23000       9791.95     
   0.23200       9839.30     
   0.23400       9885.75     
   0.23600       9932.62     
   0.23800       9978.96     
   0.24000       10019.4     

          


          
                  
   0.24200       10051.7     
   0.24400       10081.5     
   0.24600       10113.1     
   0.24800       10147.1     
   0.25000       10183.8     
   0.25200       10221.5     
   0.25400       10256.6     
   0.25600       10291.4     
   0.25800       10317.6     
   0.26000       10340.3     
   0.26200       10364.4     
   0.26400       10391.3     
   0.26600       10420.0     
   0.26800       10449.0     
   0.27000       10478.4     
   0.27200       10508.3     
   0.27400       10536.1     
   0.27600       10556.0     
   0.27800       10567.4     
   0.28000       10578.8     

          


          
                  
   0.28200       10594.4     
   0.28400       10611.5     
   0.28600       10634.3     
   0.28800       10654.1     
   0.29000       10672.5     
   0.29200       10684.6     
   0.29400       10698.3     
   0.29600       10704.2     
   0.29800       10712.8     
   0.30000       10724.8     
   0.30200       10738.6     
   0.30400       10753.8     
   0.30600       10770.3     
   0.30800       10784.3     
   0.31000       10784.2     
   0.31200       10785.8     
   0.31400       10787.6     
   0.31600       10791.6     
   0.31800       10799.1     
   0.32000       10807.6     

          


          
                  
   0.32200       10816.9     
   0.32400       10822.6     
   0.32600       10824.4     
   0.32800       10824.2     
   0.33000       10820.3     
   0.33200       10819.1     
   0.33400       10819.8     
   0.33600       10824.2     
   0.33800       10829.2     
   0.34000       10835.0     
   0.34200       10829.0     
   0.34400       10825.0     
   0.34600       10815.1     
   0.34800       10807.8     
   0.35000       10805.8     
   0.35200       10805.6     
   0.35400       10804.7     
   0.35600       10800.2     
   0.35800       10790.4     
   0.36000       10778.4     

          


          
                  
   0.36200       10767.5     
   0.36400       10759.2     
   0.36600       10754.2     
   0.36800       10749.6     
   0.37000       10747.5     
   0.37200       10742.8     
   0.37400       10728.3     
   0.37600       10708.5     
   0.37800       10693.9     
   0.38000       10680.3     
   0.38200       10673.0     
   0.38400       10666.1     
   0.38600       10657.4     
   0.38800       10643.9     
   0.39000       10623.6     
   0.39200       10606.7     
   0.39400       10590.8     
   0.39600       10577.9     
   0.39800       10567.5     
   0.40000       10560.6     

          


          
                  
   0.40200       10552.6     
   0.40400       10528.7     
   0.40600       10510.0     
   0.40800       10490.2     
   0.41000       10473.0     
   0.41200       10460.5     
   0.41400       10450.0     
   0.41600       10437.4     
   0.41800       10420.6     
   0.42000       10397.6     
   0.42200       10372.1     
   0.42400       10352.2     
   0.42600       10336.2     
   0.42800       10320.4     
   0.43000       10310.3     
   0.43200       10300.6     
   0.43400       10280.5     
   0.43600       10247.6     
   0.43800       10223.5     
   0.44000       10203.5     

          


          
                  
   0.44200       10188.2     
   0.44400       10173.3     
   0.44600       10157.2     
   0.44800       10136.2     
   0.45000       10108.9     
   0.45200       10081.3     
   0.45400       10056.9     
   0.45600       10036.4     
   0.45800       10021.8     
   0.46000       10008.6     
   0.46200       9991.84     
   0.46400       9967.92     
   0.46600       9941.26     
   0.46800       9914.71     
   0.47000       9891.03     
   0.47200       9872.98     
   0.47400       9855.66     
   0.47600       9839.06     
   0.47800       9820.51     
   0.48000       9791.81     

          


          
                  
   0.48200       9762.89     
   0.48400       9738.33     
   0.48600       9716.61     
   0.48800       9699.53     
   0.49000       9684.93     
   0.49200       9671.02     
   0.49400       9651.83     
   0.49600       9625.14     
   0.49800       9597.79     
   0.50000       9574.03     
   0.50200       9554.21     
   0.50400       9536.24     
   0.50600       9518.40     
   0.50800       9498.15     
   0.51000       9475.34     
   0.51200       9447.55     
   0.51400       9421.67     
   0.51600       9396.32     
   0.51800       9376.68     
   0.52000       9358.75     

          


          
                  
   0.52200       9344.31     
   0.52400       9327.80     
   0.52600       9309.59     
   0.52800       9272.83     
   0.53000       9245.14     
   0.53200       9221.81     
   0.53400       9199.66     
   0.53600       9184.29     
   0.53800       9165.95     
   0.54000       9141.76     
   0.54200       9110.57     
   0.54400       9079.85     
   0.54600       9054.75     
   0.54800       9036.85     
   0.55000       9019.43     
   0.55200       9001.51     
   0.55400       8985.03     
   0.55600       8963.30     
   0.55800       8932.87     
   0.56000       8903.70     

          


          
                  
   0.56200       8879.73     
   0.56400       8860.02     
   0.56600       8845.13     
   0.56800       8820.08     
   0.57000       8796.66     
   0.57200       8769.31     
   0.57400       8744.14     
   0.57600       8717.89     
   0.57800       8692.85     
   0.58000       8671.77     
   0.58200       8651.10     
   0.58400       8635.12     
   0.58600       8619.35     
   0.58800       8590.39     
   0.58950       8569.28     
   0.59100       8548.34     
   0.59300       8522.98     
   0.59500       8502.06     
   0.59700       8483.21     
   0.59900       8461.13     

          


          
                  
   0.60100       8437.27     
   0.60300       8406.93     
   0.60500       8378.07     
   0.60700       8350.37     
   0.60900       8327.13     
   0.61100       8307.11     
   0.61300       8287.85     
   0.61500       8270.03     
   0.61700       8250.99     
   0.61900       8220.39     
   0.62050       8198.30     
   0.62200       8177.31     
   0.62400       8151.27     
   0.62600       8129.40     
   0.62800       8110.52     
   0.63000       8087.58     
   0.63200       8063.90     
   0.63400       8033.74     
   0.63550       8011.25     
   0.63700       7989.58     

          


          
                  
   0.63900       7964.93     
   0.64100       7942.33     
   0.64300       7923.02     
   0.64500       7904.28     
   0.64700       7889.12     
   0.64900       7869.83     
   0.65100       7845.00     
   0.65250       7821.67     
   0.65400       7801.57     
   0.65550       7780.21     
   0.65750       7752.78     
   0.65950       7732.76     
   0.66150       7714.78     
   0.66350       7695.53     
   0.66395       7659.82     
   0.70400       7290.06     
   0.70490       7250.54    

