
          


         
        0	    0             
   0.20000E-02   102.896     
   0.40000E-02   205.791     
   0.60000E-02   308.687     
   0.80000E-02   411.583     
   0.10000E-01   514.479     
   0.12000E-01   617.374     
   0.14000E-01   720.270     
   0.16000E-01   823.166     
   0.18000E-01   926.062     
   0.20000E-01   1028.96     
   0.22000E-01   1131.85     
   0.24000E-01   1234.75     
   0.26000E-01   1337.64     
   0.28000E-01   1440.54     
   0.30000E-01   1543.44     
   0.32000E-01   1646.33     
   0.34000E-01   1749.23     
   0.36000E-01   1852.12     
   0.38000E-01   1955.02     
   0.40000E-01   2057.91     

          


         
                     
   0.42000E-01   2160.81     
   0.44000E-01   2263.71     
   0.46000E-01   2366.60     
   0.48000E-01   2469.50     
   0.50000E-01   2572.39     
   0.52000E-01   2675.29     
   0.54000E-01   2778.18     
   0.56000E-01   2881.08     
   0.58000E-01   2983.98     
   0.60000E-01   3086.87     
   0.62000E-01   3189.77     
   0.64000E-01   3292.66     
   0.66000E-01   3395.56     
   0.68000E-01   3498.46     
   0.70000E-01   3601.35     
   0.72000E-01   3704.25     
   0.74000E-01   3807.14     
   0.76000E-01   3910.04     
   0.78000E-01   4012.91     
   0.80000E-01   4113.40     

          


         
                     
   0.82000E-01   4210.95     
   0.84000E-01   4304.84     
   0.86000E-01   4397.85     
   0.88000E-01   4491.00     
   0.90000E-01   4584.57     
   0.92000E-01   4678.34     
   0.94000E-01   4772.13     
   0.96000E-01   4865.86     
   0.98000E-01   4959.57     
   0.10000       5053.29     
   0.10200       5147.03     
   0.10400       5240.78     
   0.10600       5334.54     
   0.10800       5426.22     
   0.11000       5516.82     
   0.11200       5606.72     
   0.11400       5697.01     
   0.11600       5787.10     
   0.11800       5873.93     
   0.12000       5959.75     

          


         
                     
   0.12200       6045.71     
   0.12400       6131.74     
   0.12600       6217.91     
   0.12800       6303.57     
   0.13000       6389.14     
   0.13200       6474.72     
   0.13400       6560.43     
   0.13600       6645.88     
   0.13800       6730.54     
   0.14000       6814.46     
   0.14200       6898.03     
   0.14400       6981.67     
   0.14600       7064.94     
   0.14800       7147.95     
   0.15000       7230.97     
   0.15200       7312.75     
   0.15400       7392.56     
   0.15600       7469.39     
   0.15800       7545.57     
   0.16000       7620.54     

          


         
                     
   0.16200       7695.81     
   0.16400       7771.99     
   0.16600       7847.95     
   0.16800       7924.29     
   0.17000       8000.10     
   0.17200       8073.73     
   0.17400       8146.49     
   0.17600       8217.71     
   0.17800       8285.57     
   0.18000       8354.11     
   0.18200       8420.06     
   0.18400       8486.08     
   0.18600       8553.34     
   0.18800       8620.36     
   0.19000       8688.04     
   0.19200       8755.24     
   0.19400       8821.83     
   0.19600       8888.52     
   0.19800       8953.00     
   0.20000       9009.78     

          


         
                     
   0.20200       9061.69     
   0.20400       9114.70     
   0.20600       9167.97     
   0.20800       9221.95     
   0.21000       9277.53     
   0.21200       9333.65     
   0.21400       9388.22     
   0.21600       9440.27     
   0.21800       9491.11     
   0.22000       9536.45     
   0.22200       9581.18     
   0.22400       9625.94     
   0.22600       9671.41     
   0.22800       9717.87     
   0.23000       9764.32     
   0.23200       9810.86     
   0.23400       9857.60     
   0.23600       9903.69     
   0.23800       9946.25     
   0.24000       9981.20     

          


         
                     
   0.24200       10010.7     
   0.24400       10042.3     
   0.24600       10076.0     
   0.24800       10112.6     
   0.25000       10150.1     
   0.25200       10185.8     
   0.25400       10221.2     
   0.25600       10249.4     
   0.25800       10273.4     
   0.26000       10298.0     
   0.26200       10324.0     
   0.26400       10351.1     
   0.26600       10378.8     
   0.26800       10407.6     
   0.27000       10436.4     
   0.27200       10462.8     
   0.27400       10483.6     
   0.27600       10496.9     
   0.27800       10509.9     
   0.28000       10525.8     

          


         
                     
   0.28200       10542.9     
   0.28400       10565.3     
   0.28600       10585.2     
   0.28800       10604.0     
   0.29000       10616.8     
   0.29200       10626.0     
   0.29400       10636.1     
   0.29600       10643.9     
   0.29800       10654.8     
   0.30000       10667.5     
   0.30200       10681.9     
   0.30400       10696.8     
   0.30600       10709.8     
   0.30800       10717.0     
   0.31000       10716.3     
   0.31200       10716.4     
   0.31400       10721.2     
   0.31600       10727.9     
   0.31800       10738.7     
   0.32000       10747.7     

          


         
                     
   0.32200       10752.7     
   0.32400       10752.3     
   0.32600       10749.0     
   0.32800       10746.0     
   0.33000       10745.7     
   0.33200       10746.6     
   0.33400       10751.0     
   0.33600       10755.3     
   0.33800       10758.3     
   0.34000       10757.1     
   0.34200       10752.6     
   0.34400       10743.2     
   0.34600       10737.0     
   0.34800       10733.0     
   0.35000       10731.3     
   0.35200       10731.3     
   0.35400       10727.0     
   0.35600       10714.4     
   0.35800       10703.1     
   0.36000       10692.3     

          


         
                     
   0.36200       10682.8     
   0.36400       10676.8     
   0.36600       10672.9     
   0.36800       10668.9     
   0.37000       10661.6     
   0.37200       10647.0     
   0.37400       10629.6     
   0.37600       10617.1     
   0.37800       10606.3     
   0.38000       10600.4     
   0.38200       10594.1     
   0.38400       10583.2     
   0.38600       10565.2     
   0.38800       10543.4     
   0.39000       10524.6     
   0.39200       10510.1     
   0.39400       10499.8     
   0.39600       10492.0     
   0.39800       10484.6     
   0.40000       10465.6     

          


         
                     
   0.40200       10447.1     
   0.40400       10428.6     
   0.40600       10412.7     
   0.40800       10400.2     
   0.41000       10388.2     
   0.41200       10374.8     
   0.41400       10358.1     
   0.41600       10336.3     
   0.41800       10310.5     
   0.42000       10288.4     
   0.42200       10270.9     
   0.42400       10257.3     
   0.42600       10244.7     
   0.42800       10233.5     
   0.43000       10209.4     
   0.43200       10189.1     
   0.43400       10166.2     
   0.43600       10144.8     
   0.43800       10128.2     
   0.44000       10113.0     

          


         
                     
   0.44200       10096.2     
   0.44400       10076.5     
   0.44600       10048.5     
   0.44800       10021.0     
   0.45000       9995.32     
   0.45200       9977.29     
   0.45400       9958.58     
   0.45600       9943.79     
   0.45800       9929.36     
   0.46000       9905.49     
   0.46200       9879.03     
   0.46400       9856.77     
   0.46600       9835.55     
   0.46800       9816.20     
   0.47000       9797.82     
   0.47200       9778.02     
   0.47400       9756.57     
   0.47600       9729.56     
   0.47800       9701.27     
   0.48000       9676.72     

          


         
                     
   0.48200       9654.12     
   0.48400       9636.83     
   0.48600       9621.60     
   0.48800       9607.28     
   0.49000       9590.16     
   0.49200       9562.74     
   0.49400       9537.27     
   0.49600       9513.31     
   0.49800       9497.85     
   0.50000       9476.16     
   0.50200       9457.57     
   0.50400       9435.53     
   0.50600       9410.25     
   0.50800       9380.51     
   0.51000       9356.69     
   0.51200       9335.11     
   0.51400       9315.31     
   0.51600       9296.80     
   0.51800       9280.54     
   0.52000       9265.88     

          


         
                     
   0.52200       9236.75     
   0.52400       9211.89     
   0.52600       9189.37     
   0.52800       9166.75     
   0.53000       9146.24     
   0.53200       9126.37     
   0.53400       9105.27     
   0.53600       9077.19     
   0.53800       9048.22     
   0.54000       9019.44     
   0.54200       8994.71     
   0.54400       8976.05     
   0.54600       8957.22     
   0.54800       8938.05     
   0.55000       8923.06     
   0.55200       8898.04     
   0.55400       8871.35     
   0.55600       8845.56     
   0.55800       8822.53     
   0.56000       8801.80     

          


         
                     
   0.56200       8781.04     
   0.56400       8757.21     
   0.56600       8733.73     
   0.56800       8704.15     
   0.57000       8678.60     
   0.57200       8654.92     
   0.57400       8632.24     
   0.57600       8610.59     
   0.57800       8591.46     
   0.58000       8574.80     
   0.58200       8556.47     
   0.58400       8527.76     
   0.58550       8507.19     
   0.58700       8487.95     
   0.58900       8463.29     
   0.59100       8443.63     
   0.59300       8423.01     
   0.59500       8402.78     
   0.59700       8375.72     
   0.59900       8348.65     

          


         
                     
   0.60100       8317.36     
   0.60300       8291.24     
   0.60500       8267.92     
   0.60700       8244.76     
   0.60900       8225.37     
   0.61100       8208.93     
   0.61300       8188.17     
   0.61450       8167.01     
   0.61563       8149.50     
   0.61675       8132.61     
   0.61844       8110.73     
   0.62013       8091.88     
   0.62213       8072.63     
   0.62413       8048.72     
   0.62613       8025.86     
   0.62813       8000.30     
   0.63013       7970.32     
   0.63163       7949.27     
   0.63313       7929.39     
   0.63513       7904.42     

          


         
                     
   0.63713       7881.82     
   0.63913       7861.74     
   0.64113       7843.90     
   0.64313       7828.02     
   0.64403       7817.58     
  

