
         


        
         0	    0           
   0.20000E-02   102.896     
   0.40000E-02   205.791     
   0.60000E-02   308.687     
   0.80000E-02   411.583     
   0.10000E-01   514.479     
   0.12000E-01   617.374     
   0.14000E-01   720.270     
   0.16000E-01   823.166     
   0.18000E-01   926.062     
   0.20000E-01   1028.96     
   0.22000E-01   1131.85     
   0.24000E-01   1234.75     
   0.26000E-01   1337.64     
   0.28000E-01   1440.54     
   0.30000E-01   1543.44     
   0.32000E-01   1646.33     
   0.34000E-01   1749.23     
   0.36000E-01   1852.12     
   0.38000E-01   1955.02     
   0.40000E-01   2057.91     

         


        
                    
   0.42000E-01   2160.81     
   0.44000E-01   2263.71     
   0.46000E-01   2366.60     
   0.48000E-01   2469.50     
   0.50000E-01   2572.39     
   0.52000E-01   2675.29     
   0.54000E-01   2778.18     
   0.56000E-01   2881.08     
   0.58000E-01   2983.98     
   0.60000E-01   3086.87     
   0.62000E-01   3189.77     
   0.64000E-01   3292.66     
   0.66000E-01   3395.56     
   0.68000E-01   3498.46     
   0.70000E-01   3601.35     
   0.72000E-01   3704.25     
   0.74000E-01   3807.14     
   0.76000E-01   3910.04     
   0.78000E-01   4012.93     
   0.80000E-01   4115.83     

         


        
                    
   0.82000E-01   4218.73     
   0.84000E-01   4321.13     
   0.86000E-01   4415.28     
   0.88000E-01   4508.57     
   0.90000E-01   4602.01     
   0.92000E-01   4695.55     
   0.94000E-01   4789.17     
   0.96000E-01   4882.79     
   0.98000E-01   4976.40     
   0.10000       5070.03     
   0.10200       5163.68     
   0.10400       5257.34     
   0.10600       5351.01     
   0.10800       5444.69     
   0.11000       5538.38     
   0.11200       5632.09     
   0.11400       5725.81     
   0.11600       5819.54     
   0.11800       5913.28     
   0.12000       6007.03     

         


        
                    
   0.12200       6100.79     
   0.12400       6192.47     
   0.12600       6279.02     
   0.12800       6363.51     
   0.13000       6448.71     
   0.13200       6534.70     
   0.13400       6620.75     
   0.13600       6706.68     
   0.13800       6792.57     
   0.14000       6878.51     
   0.14200       6964.51     
   0.14400       7050.56     
   0.14600       7136.64     
   0.14800       7222.77     
   0.15000       7308.92     
   0.15200       7395.12     
   0.15400       7481.35     
   0.15600       7567.62     
   0.15800       7653.93     
   0.16000       7736.49     

         


        
                    
   0.16200       7809.30     
   0.16400       7883.13     
   0.16600       7957.05     
   0.16800       8031.13     
   0.17000       8105.33     
   0.17200       8179.60     
   0.17400       8254.03     
   0.17600       8328.57     
   0.17800       8403.25     
   0.18000       8478.02     
   0.18200       8552.71     
   0.18400       8620.99     
   0.18600       8684.83     
   0.18800       8748.81     
   0.19000       8813.71     
   0.19200       8879.03     
   0.19400       8944.50     
   0.19600       9010.17     
   0.19800       9076.03     
   0.20000       9142.10     

         


        
                    
   0.20200       9208.41     
   0.20400       9274.89     
   0.20600       9341.56     
   0.20800       9395.09     
   0.21000       9446.54     
   0.21200       9498.44     
   0.21400       9550.75     
   0.21600       9603.34     
   0.21800       9656.70     
   0.22000       9710.40     
   0.22200       9764.43     
   0.22400       9818.96     
   0.22600       9873.35     
   0.22800       9920.29     
   0.23000       9961.65     
   0.23200       10003.8     
   0.23400       10047.7     
   0.23600       10092.6     
   0.23800       10137.9     
   0.24000       10183.7     

         


        
                    
   0.24200       10230.2     
   0.24400       10277.1     
   0.24600       10324.7     
   0.24800       10367.0     
   0.25000       10393.3     
   0.25200       10424.1     
   0.25400       10455.6     
   0.25600       10488.3     
   0.25800       10521.6     
   0.26000       10556.1     
   0.26200       10591.3     
   0.26400       10627.6     
   0.26600       10656.4     
   0.26800       10677.2     
   0.27000       10698.8     
   0.27200       10723.2     
   0.27400       10749.7     
   0.27600       10777.2     
   0.27800       10805.4     
   0.28000       10835.0     

         


        
                    
   0.28200       10865.4     
   0.28400       10891.7     
   0.28600       10900.6     
   0.28800       10910.7     
   0.29000       10923.9     
   0.29200       10939.9     
   0.29400       10956.9     
   0.29600       10975.3     
   0.29800       10995.2     
   0.30000       11014.7     
   0.30200       11018.8     
   0.30400       11026.4     
   0.30600       11035.2     
   0.30800       11045.3     
   0.31000       11058.3     
   0.31200       11072.9     
   0.31400       11088.7     
   0.31600       11105.5     
   0.31800       11123.3     
   0.32000       11123.0     

         


        
                    
   0.32200       11119.7     
   0.32400       11118.6     
   0.32600       11121.1     
   0.32800       11126.6     
   0.33000       11134.0     
   0.33200       11142.3     
   0.33400       11151.5     
   0.33600       11144.4     
   0.33800       11141.1     
   0.34000       11139.3     
   0.34200       11138.8     
   0.34400       11142.3     
   0.34600       11147.4     
   0.34800       11154.1     
   0.35000       11162.2     
   0.35200       11166.8     
   0.35400       11150.5     
   0.35600       11137.4     
   0.35800       11128.8     
   0.36000       11124.3     

         


        
                    
   0.36200       11121.3     
   0.36400       11120.4     
   0.36600       11120.2     
   0.36800       11104.7     
   0.37000       11091.8     
   0.37200       11081.0     
   0.37400       11071.4     
   0.37600       11066.6     
   0.37800       11064.1     
   0.38000       11063.2     
   0.38200       11064.0     
   0.38400       11052.1     
   0.38600       11031.9     
   0.38800       11010.6     
   0.39000       10994.4     
   0.39200       10981.2     
   0.39400       10973.4     
   0.39600       10968.1     
   0.39800       10959.7     
   0.40000       10936.1     

         


        
                    
   0.40200       10915.0     
   0.40400       10898.9     
   0.40600       10886.9     
   0.40800       10877.8     
   0.41000       10870.8     
   0.41200       10864.8     
   0.41400       10860.3     
   0.41600       10837.4     
   0.41800       10809.0     
   0.42000       10785.7     
   0.42200       10768.9     
   0.42400       10754.8     
   0.42600       10742.4     
   0.42800       10732.1     
   0.43000       10710.5     
   0.43200       10684.2     
   0.43400       10661.4     
   0.43600       10642.4     
   0.43800       10628.9     
   0.44000       10617.6     

         


        
                    
   0.44200       10607.7     
   0.44400       10599.6     
   0.44600       10576.7     
   0.44800       10545.0     
   0.45000       10514.4     
   0.45200       10490.5     
   0.45400       10471.5     
   0.45600       10457.5     
   0.45800       10445.0     
   0.46000       10415.8     
   0.46200       10392.7     
   0.46400       10364.0     
   0.46600       10341.3     
   0.46800       10323.9     
   0.47000       10308.9     
   0.47200       10296.6     
   0.47400       10285.7     
   0.47600       10271.1     
   0.47800       10234.6     
   0.48000       10201.8     

         


        
                    
   0.48200       10174.2     
   0.48400       10151.9     
   0.48600       10136.3     
   0.48800       10121.5     
   0.49000       10106.4     
   0.49200       10078.9     
   0.49400       10048.6     
   0.49600       10022.9     
   0.49800       10001.1     
   0.50000       9985.09     
   0.50200       9970.61     
   0.50400       9957.12     
   0.50600       9946.22     
   0.50800       9932.44     
   0.51000       9895.22     
   0.51200       9863.39     
   0.51400       9835.07     
   0.51600       9814.68     
   0.51800       9797.24     
   0.52000       9781.41     

         


        
                    
   0.52200       9765.98     
   0.52400       9737.63     
   0.52600       9705.14     
   0.52800       9679.23     
   0.53000       9658.90     
   0.53200       9641.53     
   0.53400       9625.66     
   0.53600       9611.78     
   0.53800       9599.79     
   0.54000       9574.22     
   0.54200       9539.67     
   0.54400       9504.61     
   0.54600       9478.04     
   0.54800       9457.69     
   0.55000       9440.11     
   0.55200       9423.42     
   0.55400       9400.08     
   0.55600       9370.74     
   0.55800       9340.39     
   0.56000       9314.33     

         


        
                    
   0.56200       9290.60     
   0.56400       9273.10     
   0.56600       9258.22     
   0.56800       9244.70     
   0.57000       9231.86     
   0.57200       9201.69     
   0.57400       9166.37     
   0.57600       9133.19     
   0.57800       9107.22     
   0.58000       9085.95     
   0.58200       9069.61     
   0.58400       9053.87     
   0.58600       9026.91     
   0.58800       8994.64     
   0.59000       8965.19     
   0.59200       8939.73     
   0.59400       8920.87     
   0.59600       8904.20     
   0.59800       8888.15     
   0.60000       8873.78     

         


        
                    
   0.60200       8861.33     
   0.60400       8823.17     
   0.60600       8783.79     
   0.60800       8755.49     
   0.61000       8730.24     
   0.61200       8710.53     
   0.61400       8691.68     
   0.61600       8673.65     
   0.61800       8643.29     
   0.62000       8607.90     
   0.62200       8578.99     
   0.62400       8556.32     
   0.62600       8537.06     
   0.62800       8518.84     
   0.63000       8502.78     
   0.63200       8488.67     
   0.63400       8461.84     
   0.63600       8422.24     
   0.63800       8388.33     
   0.64000       8361.41     

         


        
                    
   0.64200       8335.34     
   0.64400       8317.98     
   0.64600       8300.43     
   0.64800       8280.63     
   0.65000       8245.31     
   0.65200       8213.18     
   0.65400       8185.67     
   0.65600       8165.62     
   0.65800       8144.11     
   0.66000       8129.09     
   0.66200       8113.81     
   0.66400       8100.14     
   0.66600       8075.15     
   0.66800       8039.63     
   0.67000       8006.25     
   0.67200       7979.02     
   0.67400       7955.36     
   0.67600       7936.88     
   0.67800       7919.59     
   0.68000       7900.32     

         


        
                    
   0.68200       7866.40     
   0.68400       7832.95     
   0.68600       7806.06     
   0.68800       7782.28     
   0.69000       7766.28     
   0.69200       7749.37     
   0.69400       7733.71     
   0.69600       7719.71     
   0.69800       7689.92     
   0.70000       7651.65     
   0.70200       7618.15     
   0.70400       7589.83     
   0.70600       7569.91     
   0.70800       7549.65     
   0.71000       7530.32     
   0.71200       7498.29     
   0.71400       7464.01     
   0.71600       7436.81     
   0.71800       7412.91     
   0.72000       7390.78     

         


        
                    
   0.72200       7370.02     
   0.72400       7353.29     
   0.72600       7337.83     
   0.72800       7318.87     
   0.73000       7283.77     
   0.73200       7244.46     
   0.73400       7212.41     
   0.73600       7192.66     
   0.73800       7169.35     
   0.74000       7149.66     
   0.74200       7130.19     
   0.74400       7099.36     
   0.74600       7067.78     
   0.74800       7037.83     
   0.75000       7011.82     
   0.75200       6992.85     
   0.75400       6976.26     
   0.75600       6959.21     
   0.75800       6943.99     
   0.76000       6929.43     

         


        
                    
   0.76200       6888.91     
   0.76400       6852.59     
   0.76600       6820.28     
   0.76800       6795.95     
   0.77000       6774.81     
   0.77200       6760.14     
   0.77400       6741.29     
   0.77600       6704.32     
   0.77800       6673.55     
   0.78000       6644.75     
   0.78200       6617.95     
   0.78400       6602.63     
   0.78600       6584.51     
   0.78800       6567.87     
   0.79000       6552.66     
   0.79200       6519.88     
   0.79400       6483.30     
   0.79600       6450.22     
   0.79800       6419.17     
   0.80000       6400.05     

         


        
                    


