                         
        0.00000          0.00000 
        0.00200          0.00000 
        0.00400          0.00000 
        0.00600          0.00000 
        0.00800          0.00000 
        0.01000          0.00000 
        0.01200          0.00000 
        0.01400          0.00000 
        0.01600          0.00000 
        0.01800          0.00000 
        0.02000          0.00000 
        0.02200          0.00000 
        0.02400          0.00000 
        0.02600          0.00000 
        0.02800          0.00000 
        0.03000          0.00000 
        0.03200          0.00000 
        0.03400          0.00000 
        0.03600          0.00000 
        0.03800          0.00000 
        0.04000          0.00000 
        0.04200          0.00000 
        0.04400          0.00000 
        0.04600          0.01659 
        0.04800          0.07402 
        0.05000          0.12657 
        0.05200          0.17483 
        0.05400          0.21926 
        0.05600          0.26028 
        0.05800          0.29826 
        0.06000          0.33349 
        0.06200          0.36625 
        0.06400          0.39677 
        0.06600          0.42526 
        0.06800          0.45190 
        0.07000          0.47686 
        0.07200          0.50027 
        0.07400          0.52226 
        0.07600          0.54295 
        0.07800          0.56244 
        0.08000          0.58083 
        0.08200          0.59819 
        0.08400          0.61461 
        0.08600          0.63014 
        0.08800          0.64485 
        0.09000          0.65881 
        0.09200          0.67205 
        0.09400          0.68463 
        0.09600          0.69659 
        0.09800          0.70797 
        0.10000          0.71881 
        0.10200          0.72913 
        0.10400          0.73898 
        0.10600          0.74838 
        0.10800          0.75735 
        0.11000          0.76592 
        0.11200          0.77411 
        0.11400          0.78195 
        0.11600          0.78945 
        0.11800          0.79663 
        0.12000          0.80351 
        0.12200          0.81010 
        0.12400          0.81643 
        0.12600          0.82249 
        0.12800          0.82832 
        0.13000          0.83391 
        0.13200          0.83928 
        0.13400          0.84444 
        0.13600          0.84941 
        0.13800          0.85418 
        0.14000          0.85877 
        0.14200          0.86319 
        0.14400          0.86745 
        0.14600          0.87154 
        0.14800          0.87549 
        0.15000          0.87930 
        0.15200          0.88296 
        0.15400          0.88650 
        0.15600          0.88991 
        0.15800          0.89320 
        0.16000          0.89638 
        0.16200          0.89944 
        0.16400          0.90240 
        0.16600          0.90526 
        0.16800          0.90802 
        0.17000          0.91069 
        0.17200          0.91327 
        0.17400          0.91577 
        0.17600          0.91818 
        0.17800          0.92051 
        0.18000          0.92276 
        0.18200          0.92495 
        0.18400          0.92706 
        0.18600          0.92910 
        0.18800          0.93108 
        0.19000          0.93300 
        0.19200          0.93485 
        0.19400          0.93665 
        0.19600          0.93839 
        0.19800          0.94008 
        0.20000          0.94171 
