                         
        0.00000          0.00000 
        0.00200          0.00000 
        0.00400          0.00000 
        0.00600          0.00000 
        0.00800          0.00000 
        0.01000          0.00000 
        0.01200          0.00000 
        0.01400          0.00000 
        0.01600          0.00000 
        0.01800          0.00000 
        0.02000          0.00000 
        0.02200          0.00000 
        0.02400          0.00000 
        0.02600          0.00000 
        0.02800          0.00000 
        0.03000          0.00000 
        0.03200          0.00000 
        0.03400          0.00000 
        0.03600          0.00000 
        0.03800          0.00000 
        0.04000          0.00000 
        0.04200          0.00000 
        0.04400          0.00000 
        0.04600          0.01782 
        0.04800          0.07940 
        0.05000          0.13561 
        0.05200          0.18710 
        0.05400          0.23438 
        0.05600          0.27792 
        0.05800          0.31812 
        0.06000          0.35531 
        0.06200          0.38980 
        0.06400          0.42184 
        0.06600          0.45166 
        0.06800          0.47947 
        0.07000          0.50543 
        0.07200          0.52972 
        0.07400          0.55247 
        0.07600          0.57381 
        0.07800          0.59385 
        0.08000          0.61269 
        0.08200          0.63043 
        0.08400          0.64715 
        0.08600          0.66291 
        0.08800          0.67780 
        0.09000          0.69188 
        0.09200          0.70519 
        0.09400          0.71779 
        0.09600          0.72974 
        0.09800          0.74106 
        0.10000          0.75181 
        0.10200          0.76201 
        0.10400          0.77171 
        0.10600          0.78093 
        0.10800          0.78971 
        0.11000          0.79806 
        0.11200          0.80602 
        0.11400          0.81360 
        0.11600          0.82084 
        0.11800          0.82774 
        0.12000          0.83433 
        0.12200          0.84062 
        0.12400          0.84663 
        0.12600          0.85238 
        0.12800          0.85787 
        0.13000          0.86313 
        0.13200          0.86816 
        0.13400          0.87298 
        0.13600          0.87759 
        0.13800          0.88201 
        0.14000          0.88625 
        0.14200          0.89031 
        0.14400          0.89421 
        0.14600          0.89795 
        0.14800          0.90154 
        0.15000          0.90498 
        0.15200          0.90829 
        0.15400          0.91147 
        0.15600          0.91452 
        0.15800          0.91745 
        0.16000          0.92027 
        0.16200          0.92299 
        0.16400          0.92559 
        0.16600          0.92810 
        0.16800          0.93052 
        0.17000          0.93284 
        0.17200          0.93508 
        0.17400          0.93723 
        0.17600          0.93931 
        0.17800          0.94131 
        0.18000          0.94323 
        0.18200          0.94509 
        0.18400          0.94688 
        0.18600          0.94860 
        0.18800          0.95026 
        0.19000          0.95187 
        0.19200          0.95341 
        0.19400          0.95491 
        0.19600          0.95635 
        0.19800          0.95773 
        0.20000          0.95908 
