                         
        0.00000          0.00000 
        0.00200          0.00000 
        0.00400          0.00000 
        0.00600          0.00000 
        0.00800          0.00000 
        0.01000          0.00000 
        0.01200          0.00000 
        0.01400          0.00000 
        0.01600          0.00000 
        0.01800          0.00000 
        0.02000          0.00000 
        0.02200          0.00000 
        0.02400          0.00000 
        0.02600          0.00000 
        0.02800          0.00000 
        0.03000          0.00000 
        0.03200          0.00000 
        0.03400          0.00000 
        0.03600          0.00000 
        0.03800          0.00000 
        0.04000          0.00000 
        0.04200          0.00000 
        0.04400          0.00000 
        0.04600          0.01868 
        0.04800          0.08315 
        0.05000          0.14190 
        0.05200          0.19559 
        0.05400          0.24481 
        0.05600          0.29004 
        0.05800          0.33172 
        0.06000          0.37019 
        0.06200          0.40579 
        0.06400          0.43880 
        0.06600          0.46945 
        0.06800          0.49797 
        0.07000          0.52454 
        0.07200          0.54934 
        0.07400          0.57252 
        0.07600          0.59421 
        0.07800          0.61453 
        0.08000          0.63359 
        0.08200          0.65149 
        0.08400          0.66832 
        0.08600          0.68416 
        0.08800          0.69908 
        0.09000          0.71314 
        0.09200          0.72641 
        0.09400          0.73895 
        0.09600          0.75080 
        0.09800          0.76201 
        0.10000          0.77262 
        0.10200          0.78266 
        0.10400          0.79219 
        0.10600          0.80122 
        0.10800          0.80980 
        0.11000          0.81794 
        0.11200          0.82567 
        0.11400          0.83303 
        0.11600          0.84002 
        0.11800          0.84668 
        0.12000          0.85301 
        0.12200          0.85905 
        0.12400          0.86480 
        0.12600          0.87028 
        0.12800          0.87551 
        0.13000          0.88050 
        0.13200          0.88526 
        0.13400          0.88981 
        0.13600          0.89415 
        0.13800          0.89830 
        0.14000          0.90227 
        0.14200          0.90606 
        0.14400          0.90969 
        0.14600          0.91316 
        0.14800          0.91648 
        0.15000          0.91966 
        0.15200          0.92271 
        0.15400          0.92562 
        0.15600          0.92842 
        0.15800          0.93110 
        0.16000          0.93366 
        0.16200          0.93613 
        0.16400          0.93849 
        0.16600          0.94075 
        0.16800          0.94293 
        0.17000          0.94501 
        0.17200          0.94701 
        0.17400          0.94894 
        0.17600          0.95078 
        0.17800          0.95256 
        0.18000          0.95426 
        0.18200          0.95590 
        0.18400          0.95747 
        0.18600          0.95898 
        0.18800          0.96044 
        0.19000          0.96184 
        0.19200          0.96318 
        0.19400          0.96447 
        0.19600          0.96572 
        0.19800          0.96692 
        0.20000          0.96807 
