                         
        0.00000          0.00000 
        0.00200          0.00000 
        0.00400          0.00000 
        0.00600          0.00000 
        0.00800          0.00000 
        0.01000          0.00000 
        0.01200          0.00000 
        0.01400          0.00000 
        0.01600          0.00000 
        0.01800          0.00000 
        0.02000          0.00000 
        0.02200          0.00000 
        0.02400          0.00000 
        0.02600          0.00000 
        0.02800          0.00000 
        0.03000          0.00000 
        0.03200          0.00000 
        0.03400          0.00000 
        0.03600          0.00000 
        0.03800          0.00000 
        0.04000          0.00000 
        0.04200          0.00000 
        0.04400          0.00000 
        0.04600          0.01994 
        0.04800          0.08864 
        0.05000          0.15104 
        0.05200          0.20791 
        0.05400          0.25987 
        0.05600          0.30747 
        0.05800          0.35119 
        0.06000          0.39142 
        0.06200          0.42852 
        0.06400          0.46280 
        0.06600          0.49453 
        0.06800          0.52395 
        0.07000          0.55127 
        0.07200          0.57668 
        0.07400          0.60034 
        0.07600          0.62240 
        0.07800          0.64299 
        0.08000          0.66224 
        0.08200          0.68026 
        0.08400          0.69713 
        0.08600          0.71295 
        0.08800          0.72779 
        0.09000          0.74174 
        0.09200          0.75484 
        0.09400          0.76718 
        0.09600          0.77879 
        0.09800          0.78973 
        0.10000          0.80005 
        0.10200          0.80979 
        0.10400          0.81898 
        0.10600          0.82766 
        0.10800          0.83587 
        0.11000          0.84363 
        0.11200          0.85098 
        0.11400          0.85794 
        0.11600          0.86453 
        0.11800          0.87078 
        0.12000          0.87670 
        0.12200          0.88232 
        0.12400          0.88765 
        0.12600          0.89271 
        0.12800          0.89752 
        0.13000          0.90209 
        0.13200          0.90644 
        0.13400          0.91057 
        0.13600          0.91450 
        0.13800          0.91823 
        0.14000          0.92179 
        0.14200          0.92518 
        0.14400          0.92841 
        0.14600          0.93148 
        0.14800          0.93442 
        0.15000          0.93721 
        0.15200          0.93987 
        0.15400          0.94242 
        0.15600          0.94484 
        0.15800          0.94715 
        0.16000          0.94936 
        0.16200          0.95147 
        0.16400          0.95348 
        0.16600          0.95541 
        0.16800          0.95725 
        0.17000          0.95900 
        0.17200          0.96068 
        0.17400          0.96229 
        0.17600          0.96382 
        0.17800          0.96529 
        0.18000          0.96669 
        0.18200          0.96804 
        0.18400          0.96932 
        0.18600          0.97055 
        0.18800          0.97173 
        0.19000          0.97286 
        0.19200          0.97394 
        0.19400          0.97497 
        0.19600          0.97596 
        0.19800          0.97691 
        0.20000          0.97782 
