                         
        0.00000          0.00000 
        0.00200          0.00000 
        0.00400          0.00000 
        0.00600          0.00000 
        0.00800          0.00000 
        0.01000          0.00000 
        0.01200          0.00000 
        0.01400          0.00000 
        0.01600          0.00000 
        0.01800          0.00000 
        0.02000          0.00000 
        0.02200          0.00000 
        0.02400          0.00000 
        0.02600          0.00000 
        0.02800          0.00000 
        0.03000          0.00000 
        0.03200          0.00000 
        0.03400          0.00000 
        0.03600          0.00000 
        0.03800          0.00000 
        0.04000          0.00000 
        0.04200          0.00000 
        0.04400          0.00000 
        0.04600          0.02466 
        0.04800          0.10892 
        0.05000          0.18449 
        0.05200          0.25246 
        0.05400          0.31375 
        0.05600          0.36914 
        0.05800          0.41933 
        0.06000          0.46488 
        0.06200          0.50631 
        0.06400          0.54406 
        0.06600          0.57852 
        0.06800          0.61001 
        0.07000          0.63883 
        0.07200          0.66525 
        0.07400          0.68950 
        0.07600          0.71179 
        0.07800          0.73228 
        0.08000          0.75116 
        0.08200          0.76856 
        0.08400          0.78462 
        0.08600          0.79944 
        0.08800          0.81315 
        0.09000          0.82583 
        0.09200          0.83757 
        0.09400          0.84845 
        0.09600          0.85853 
        0.09800          0.86789 
        0.10000          0.87657 
        0.10200          0.88464 
        0.10400          0.89214 
        0.10600          0.89911 
        0.10800          0.90560 
        0.11000          0.91165 
        0.11200          0.91727 
        0.11400          0.92252 
        0.11600          0.92741 
        0.11800          0.93197 
        0.12000          0.93623 
        0.12200          0.94020 
        0.12400          0.94391 
        0.12600          0.94738 
        0.12800          0.95062 
        0.13000          0.95365 
        0.13200          0.95648 
        0.13400          0.95913 
        0.13600          0.96161 
        0.13800          0.96393 
        0.14000          0.96611 
        0.14200          0.96814 
        0.14400          0.97005 
        0.14600          0.97184 
        0.14800          0.97352 
        0.15000          0.97509 
        0.15200          0.97657 
        0.15400          0.97795 
        0.15600          0.97925 
        0.15800          0.98047 
        0.16000          0.98161 
        0.16200          0.98269 
        0.16400          0.98370 
        0.16600          0.98464 
        0.16800          0.98554 
        0.17000          0.98637 
        0.17200          0.98716 
        0.17400          0.98790 
        0.17600          0.98860 
        0.17800          0.98925 
        0.18000          0.98987 
        0.18200          0.99045 
        0.18400          0.99099 
        0.18600          0.99150 
        0.18800          0.99199 
        0.19000          0.99244 
        0.19200          0.99287 
        0.19400          0.99327 
        0.19600          0.99365 
        0.19800          0.99401 
        0.20000          0.99435 
