
          ***** ANSYS POST26 VARIABLE LISTING *****


    TIME        157 EPELX   
                  EPELX_7 
   0.10000E-02  0.637752E-004
   0.20000E-02  0.127550E-003
   0.30000E-02  0.191326E-003
   0.40000E-02  0.255101E-003
   0.50000E-02  0.318876E-003
   0.60000E-02  0.382651E-003
   0.70000E-02  0.446426E-003
   0.80000E-02  0.510202E-003
   0.90000E-02  0.573977E-003
   0.10000E-01  0.637752E-003
   0.11000E-01  0.701527E-003
   0.12000E-01  0.765302E-003
   0.13000E-01  0.829078E-003
   0.14000E-01  0.892853E-003
   0.15000E-01  0.956628E-003
   0.16000E-01  0.102040E-002
   0.17000E-01  0.108418E-002
   0.18000E-01  0.114795E-002
   0.19000E-01  0.121173E-002
   0.20000E-01  0.127550E-002

          ***** ANSYS POST26 VARIABLE LISTING *****


    TIME        157 EPELX   
                  EPELX_7 
   0.21000E-01  0.133928E-002
   0.22000E-01  0.140305E-002
   0.23000E-01  0.146683E-002
   0.24000E-01  0.153060E-002
   0.25000E-01  0.159438E-002
   0.26000E-01  0.165816E-002
   0.27000E-01  0.172193E-002
   0.28000E-01  0.178571E-002
   0.29000E-01  0.184948E-002
   0.30000E-01  0.191326E-002
   0.31000E-01  0.197703E-002
   0.32000E-01  0.204081E-002
   0.33000E-01  0.210458E-002
   0.34000E-01  0.216836E-002
   0.35000E-01  0.223213E-002
   0.36000E-01  0.229591E-002
   0.37000E-01  0.235968E-002
   0.38000E-01  0.242346E-002
   0.39000E-01  0.248723E-002
   0.40000E-01  0.255101E-002

          ***** ANSYS POST26 VARIABLE LISTING *****


    TIME        157 EPELX   
                  EPELX_7 
   0.41000E-01  0.261478E-002
   0.42000E-01  0.267856E-002
   0.43000E-01  0.274233E-002
   0.44000E-01  0.280611E-002
   0.45000E-01  0.286988E-002
   0.46000E-01  0.293366E-002
   0.47000E-01  0.299743E-002
   0.48000E-01  0.306121E-002
   0.49000E-01  0.312498E-002
   0.50000E-01  0.318876E-002
   0.51000E-01  0.325254E-002
   0.52000E-01  0.331631E-002
   0.53000E-01  0.338009E-002
   0.54000E-01  0.344386E-002
   0.55000E-01  0.350764E-002
   0.56000E-01  0.357141E-002
   0.57000E-01  0.363519E-002
   0.58000E-01  0.369896E-002
   0.59000E-01  0.376274E-002
   0.60000E-01  0.382651E-002

          ***** ANSYS POST26 VARIABLE LISTING *****


    TIME        157 EPELX   
                  EPELX_7 
   0.61000E-01  0.389029E-002
   0.62000E-01  0.395406E-002
   0.63000E-01  0.401784E-002
   0.64000E-01  0.408161E-002
   0.65000E-01  0.414539E-002
   0.66000E-01  0.420916E-002
   0.67000E-01  0.427294E-002
   0.68000E-01  0.433671E-002
   0.69000E-01  0.440049E-002
   0.70000E-01  0.446426E-002
   0.71000E-01  0.452804E-002
   0.72000E-01  0.459181E-002
   0.73000E-01  0.465559E-002
   0.74000E-01  0.471936E-002
   0.75000E-01  0.478314E-002
   0.76000E-01  0.484692E-002
   0.77000E-01  0.491069E-002
   0.78000E-01  0.497447E-002
   0.79000E-01  0.503824E-002
   0.80000E-01  0.510202E-002

          ***** ANSYS POST26 VARIABLE LISTING *****


    TIME        157 EPELX   
                  EPELX_7 
   0.81000E-01  0.516579E-002
   0.82000E-01  0.522957E-002
   0.83000E-01  0.529334E-002
   0.84000E-01  0.535712E-002
   0.85000E-01  0.542089E-002
   0.86000E-01  0.548467E-002
   0.87000E-01  0.554844E-002
   0.88000E-01  0.561222E-002
   0.89000E-01  0.567599E-002
   0.90000E-01  0.573977E-002
   0.91000E-01  0.580354E-002
   0.92000E-01  0.586732E-002
   0.93000E-01  0.593109E-002
   0.94000E-01  0.599487E-002
   0.95000E-01  0.605864E-002
   0.96000E-01  0.612242E-002
   0.97000E-01  0.618619E-002
   0.98000E-01  0.624997E-002
   0.99000E-01  0.631375E-002
   0.10000      0.637752E-002

          ***** ANSYS POST26 VARIABLE LISTING *****


    TIME        157 EPELX   
                  EPELX_7 
   0.10100      0.644130E-002
   0.10200      0.650507E-002
   0.10300      0.656885E-002
   0.10400      0.663262E-002
   0.10500      0.669640E-002
   0.10600      0.676017E-002
   0.10700      0.682395E-002
   0.10800      0.688772E-002
   0.10900      0.695150E-002
   0.11000      0.701527E-002
   0.11100      0.707905E-002
   0.11200      0.714282E-002
   0.11300      0.720660E-002
   0.11400      0.727037E-002
   0.11500      0.733415E-002
   0.11600      0.739792E-002
   0.11700      0.746170E-002
   0.11800      0.752547E-002
   0.11900      0.758925E-002
   0.12000      0.765302E-002

          ***** ANSYS POST26 VARIABLE LISTING *****


    TIME        157 EPELX   
                  EPELX_7 
   0.12100      0.771680E-002
   0.12200      0.778057E-002
   0.12300      0.784435E-002
   0.12400      0.790813E-002
   0.12500      0.797190E-002
   0.12600      0.803568E-002
   0.12700      0.809945E-002
   0.12800      0.816323E-002
   0.12900      0.822700E-002
   0.13000      0.829078E-002
   0.13100      0.835455E-002
   0.13200      0.841833E-002
   0.13300      0.848210E-002
   0.13400      0.854588E-002
   0.13500      0.860965E-002
   0.13600      0.867343E-002
   0.13700      0.873720E-002
   0.13800      0.880098E-002
   0.13900      0.886475E-002
   0.14000      0.892853E-002

          ***** ANSYS POST26 VARIABLE LISTING *****


    TIME        157 EPELX   
                  EPELX_7 
   0.14100      0.899230E-002
   0.14200      0.905608E-002
   0.14300      0.911985E-002
   0.14400      0.918363E-002
   0.14500      0.924740E-002
   0.14600      0.931118E-002
   0.14700      0.937495E-002
   0.14800      0.943873E-002
   0.14900      0.950250E-002
   0.15000      0.956628E-002
   0.15100      0.963006E-002
   0.15200      0.969383E-002
   0.15300      0.975761E-002
   0.15400      0.982138E-002
   0.15500      0.988516E-002
   0.15600      0.994893E-002
   0.15700      0.100127E-001
   0.15800      0.100765E-001
   0.15900      0.101403E-001
   0.16000      0.102040E-001

          ***** ANSYS POST26 VARIABLE LISTING *****


    TIME        157 EPELX   
                  EPELX_7 
   0.16100      0.102678E-001
   0.16200      0.103316E-001
   0.16300      0.103954E-001
   0.16400      0.104591E-001
   0.16500      0.105229E-001
   0.16600      0.105867E-001
   0.16700      0.106505E-001
   0.16800      0.107142E-001
   0.16900      0.107780E-001
   0.17000      0.108418E-001
   0.17100      0.109056E-001
   0.17200      0.109693E-001
   0.17300      0.110331E-001
   0.17400      0.110969E-001
   0.17500      0.111607E-001
   0.17600      0.112244E-001
   0.17700      0.112976E-001
   0.17800      0.114053E-001
   0.17900      0.111145E-001
   0.18000      0.108237E-001

          ***** ANSYS POST26 VARIABLE LISTING *****


    TIME        157 EPELX   
                  EPELX_7 
   0.18002      0.108237E-001
   0.18003      0.108237E-001
   0.18004      0.108237E-001
   0.18004      0.108237E-001
   0.18004      0.108237E-001
    1.0000      0.108237E-001

