
          ***** ANSYS POST26 VARIABLE LISTING *****


    TIME        157 S   X   
                  SX_6    
   0.10000E-02  0.356179E+007
   0.20000E-02  0.712359E+007
   0.30000E-02  0.106854E+008
   0.40000E-02  0.142472E+008
   0.50000E-02  0.178090E+008
   0.60000E-02  0.213708E+008
   0.70000E-02  0.249326E+008
   0.80000E-02  0.284943E+008
   0.90000E-02  0.320561E+008
   0.10000E-01  0.356179E+008
   0.11000E-01  0.391797E+008
   0.12000E-01  0.427415E+008
   0.13000E-01  0.463033E+008
   0.14000E-01  0.498651E+008
   0.15000E-01  0.534269E+008
   0.16000E-01  0.569887E+008
   0.17000E-01  0.605505E+008
   0.18000E-01  0.641123E+008
   0.19000E-01  0.676741E+008
   0.20000E-01  0.712359E+008

          ***** ANSYS POST26 VARIABLE LISTING *****


    TIME        157 S   X   
                  SX_6    
   0.21000E-01  0.747977E+008
   0.22000E-01  0.783595E+008
   0.23000E-01  0.819212E+008
   0.24000E-01  0.854830E+008
   0.25000E-01  0.890448E+008
   0.26000E-01  0.926066E+008
   0.27000E-01  0.961684E+008
   0.28000E-01  0.997302E+008
   0.29000E-01  0.103292E+009
   0.30000E-01  0.106854E+009
   0.31000E-01  0.110416E+009
   0.32000E-01  0.113977E+009
   0.33000E-01  0.117539E+009
   0.34000E-01  0.121101E+009
   0.35000E-01  0.124663E+009
   0.36000E-01  0.128225E+009
   0.37000E-01  0.131786E+009
   0.38000E-01  0.135348E+009
   0.39000E-01  0.138910E+009
   0.40000E-01  0.142472E+009

          ***** ANSYS POST26 VARIABLE LISTING *****


    TIME        157 S   X   
                  SX_6    
   0.41000E-01  0.146034E+009
   0.42000E-01  0.149595E+009
   0.43000E-01  0.153157E+009
   0.44000E-01  0.156719E+009
   0.45000E-01  0.160281E+009
   0.46000E-01  0.163842E+009
   0.47000E-01  0.167404E+009
   0.48000E-01  0.170966E+009
   0.49000E-01  0.174528E+009
   0.50000E-01  0.178090E+009
   0.51000E-01  0.181651E+009
   0.52000E-01  0.185213E+009
   0.53000E-01  0.188775E+009
   0.54000E-01  0.192337E+009
   0.55000E-01  0.195899E+009
   0.56000E-01  0.199460E+009
   0.57000E-01  0.203022E+009
   0.58000E-01  0.206584E+009
   0.59000E-01  0.210146E+009
   0.60000E-01  0.213708E+009

          ***** ANSYS POST26 VARIABLE LISTING *****


    TIME        157 S   X   
                  SX_6    
   0.61000E-01  0.217269E+009
   0.62000E-01  0.220831E+009
   0.63000E-01  0.224393E+009
   0.64000E-01  0.227955E+009
   0.65000E-01  0.231517E+009
   0.66000E-01  0.235078E+009
   0.67000E-01  0.238640E+009
   0.68000E-01  0.242202E+009
   0.69000E-01  0.245764E+009
   0.70000E-01  0.249326E+009
   0.71000E-01  0.252887E+009
   0.72000E-01  0.256449E+009
   0.73000E-01  0.260011E+009
   0.74000E-01  0.263573E+009
   0.75000E-01  0.267135E+009
   0.76000E-01  0.270696E+009
   0.77000E-01  0.274258E+009
   0.78000E-01  0.277820E+009
   0.79000E-01  0.281382E+009
   0.80000E-01  0.284943E+009

          ***** ANSYS POST26 VARIABLE LISTING *****


    TIME        157 S   X   
                  SX_6    
   0.81000E-01  0.288505E+009
   0.82000E-01  0.292067E+009
   0.83000E-01  0.295629E+009
   0.84000E-01  0.299191E+009
   0.85000E-01  0.302752E+009
   0.86000E-01  0.306314E+009
   0.87000E-01  0.309876E+009
   0.88000E-01  0.313438E+009
   0.89000E-01  0.317000E+009
   0.90000E-01  0.320561E+009
   0.91000E-01  0.324123E+009
   0.92000E-01  0.327685E+009
   0.93000E-01  0.331247E+009
   0.94000E-01  0.334809E+009
   0.95000E-01  0.338370E+009
   0.96000E-01  0.341932E+009
   0.97000E-01  0.345494E+009
   0.98000E-01  0.349056E+009
   0.99000E-01  0.352618E+009
   0.10000      0.356179E+009

          ***** ANSYS POST26 VARIABLE LISTING *****


    TIME        157 S   X   
                  SX_6    
   0.10100      0.359741E+009
   0.10200      0.363303E+009
   0.10300      0.366865E+009
   0.10400      0.370427E+009
   0.10500      0.373988E+009
   0.10600      0.377550E+009
   0.10700      0.381112E+009
   0.10800      0.384674E+009
   0.10900      0.388235E+009
   0.11000      0.391797E+009
   0.11100      0.395359E+009
   0.11200      0.398921E+009
   0.11300      0.402483E+009
   0.11400      0.406044E+009
   0.11500      0.409606E+009
   0.11600      0.413168E+009
   0.11700      0.416730E+009
   0.11800      0.420292E+009
   0.11900      0.423853E+009
   0.12000      0.427415E+009

          ***** ANSYS POST26 VARIABLE LISTING *****


    TIME        157 S   X   
                  SX_6    
   0.12100      0.430977E+009
   0.12200      0.434539E+009
   0.12300      0.438101E+009
   0.12400      0.441662E+009
   0.12500      0.445224E+009
   0.12600      0.448786E+009
   0.12700      0.452348E+009
   0.12800      0.455910E+009
   0.12900      0.459471E+009
   0.13000      0.463033E+009
   0.13100      0.466595E+009
   0.13200      0.470157E+009
   0.13300      0.473719E+009
   0.13400      0.477280E+009
   0.13500      0.480842E+009
   0.13600      0.484404E+009
   0.13700      0.487966E+009
   0.13800      0.491527E+009
   0.13900      0.495089E+009
   0.14000      0.498651E+009

          ***** ANSYS POST26 VARIABLE LISTING *****


    TIME        157 S   X   
                  SX_6    
   0.14100      0.502213E+009
   0.14200      0.505775E+009
   0.14300      0.509336E+009
   0.14400      0.512898E+009
   0.14500      0.516460E+009
   0.14600      0.520022E+009
   0.14700      0.523584E+009
   0.14800      0.527145E+009
   0.14900      0.530707E+009
   0.15000      0.534269E+009
   0.15100      0.537831E+009
   0.15200      0.541393E+009
   0.15300      0.544954E+009
   0.15400      0.548516E+009
   0.15500      0.552078E+009
   0.15600      0.555640E+009
   0.15700      0.559202E+009
   0.15800      0.562763E+009
   0.15900      0.566325E+009
   0.16000      0.569887E+009

          ***** ANSYS POST26 VARIABLE LISTING *****


    TIME        157 S   X   
                  SX_6    
   0.16100      0.573449E+009
   0.16200      0.577011E+009
   0.16300      0.580572E+009
   0.16400      0.584134E+009
   0.16500      0.587696E+009
   0.16600      0.591258E+009
   0.16700      0.594820E+009
   0.16800      0.598381E+009
   0.16900      0.601943E+009
   0.17000      0.605505E+009
   0.17100      0.609067E+009
   0.17200      0.612628E+009
   0.17300      0.616190E+009
   0.17400      0.619752E+009
   0.17500      0.623314E+009
   0.17600      0.626876E+009
   0.17700      0.630965E+009
   0.17800      0.636981E+009
   0.17900      0.620714E+009
   0.18000      0.604447E+009

          ***** ANSYS POST26 VARIABLE LISTING *****


    TIME        157 S   X   
                  SX_6    
   0.18002      0.604447E+009
   0.18003      0.604447E+009
   0.18004      0.604447E+009
   0.18004      0.604447E+009
   0.18004      0.604447E+009
    1.0000      0.604447E+009

