
          ***** ANSYS POST26 VARIABLE LISTING *****


    TIME          2 S   X   
                  SX_4    
   0.10000E-02  0.514800E+007
   0.20000E-02  0.102960E+008
   0.30000E-02  0.154440E+008
   0.40000E-02  0.205920E+008
   0.50000E-02  0.257400E+008
   0.60000E-02  0.308880E+008
   0.70000E-02  0.360360E+008
   0.80000E-02  0.411840E+008
   0.90000E-02  0.463320E+008
   0.10000E-01  0.514800E+008
   0.11000E-01  0.566280E+008
   0.12000E-01  0.617760E+008
   0.13000E-01  0.669239E+008
   0.14000E-01  0.720719E+008
   0.15000E-01  0.772199E+008
   0.16000E-01  0.823679E+008
   0.17000E-01  0.875159E+008
   0.18000E-01  0.926639E+008
   0.19000E-01  0.978119E+008
   0.20000E-01  0.102960E+009

          ***** ANSYS POST26 VARIABLE LISTING *****


    TIME          2 S   X   
                  SX_4    
   0.21000E-01  0.108108E+009
   0.22000E-01  0.113256E+009
   0.23000E-01  0.118404E+009
   0.24000E-01  0.123552E+009
   0.25000E-01  0.128700E+009
   0.26000E-01  0.133848E+009
   0.27000E-01  0.138996E+009
   0.28000E-01  0.144144E+009
   0.29000E-01  0.149292E+009
   0.30000E-01  0.154440E+009
   0.31000E-01  0.159588E+009
   0.32000E-01  0.164736E+009
   0.33000E-01  0.169884E+009
   0.34000E-01  0.175032E+009
   0.35000E-01  0.180180E+009
   0.36000E-01  0.185328E+009
   0.37000E-01  0.190476E+009
   0.38000E-01  0.195624E+009
   0.39000E-01  0.200772E+009
   0.40000E-01  0.205920E+009

          ***** ANSYS POST26 VARIABLE LISTING *****


    TIME          2 S   X   
                  SX_4    
   0.41000E-01  0.211068E+009
   0.42000E-01  0.216216E+009
   0.43000E-01  0.221364E+009
   0.44000E-01  0.226512E+009
   0.45000E-01  0.231660E+009
   0.46000E-01  0.236808E+009
   0.47000E-01  0.241956E+009
   0.48000E-01  0.247104E+009
   0.49000E-01  0.252252E+009
   0.50000E-01  0.257400E+009
   0.51000E-01  0.262548E+009
   0.52000E-01  0.267696E+009
   0.53000E-01  0.272844E+009
   0.54000E-01  0.277992E+009
   0.55000E-01  0.283140E+009
   0.56000E-01  0.288288E+009
   0.57000E-01  0.293436E+009
   0.58000E-01  0.298584E+009
   0.59000E-01  0.303732E+009
   0.60000E-01  0.308880E+009

          ***** ANSYS POST26 VARIABLE LISTING *****


    TIME          2 S   X   
                  SX_4    
   0.61000E-01  0.314028E+009
   0.62000E-01  0.319176E+009
   0.63000E-01  0.324324E+009
   0.64000E-01  0.329472E+009
   0.65000E-01  0.334620E+009
   0.66000E-01  0.339768E+009
   0.67000E-01  0.344916E+009
   0.68000E-01  0.350064E+009
   0.69000E-01  0.355212E+009
   0.70000E-01  0.360360E+009
   0.71000E-01  0.365508E+009
   0.72000E-01  0.370656E+009
   0.73000E-01  0.375804E+009
   0.74000E-01  0.380952E+009
   0.75000E-01  0.386100E+009
   0.76000E-01  0.391248E+009
   0.77000E-01  0.396396E+009
   0.78000E-01  0.401544E+009
   0.79000E-01  0.406692E+009
   0.80000E-01  0.411840E+009

          ***** ANSYS POST26 VARIABLE LISTING *****


    TIME          2 S   X   
                  SX_4    
   0.81000E-01  0.416988E+009
   0.82000E-01  0.422136E+009
   0.83000E-01  0.427284E+009
   0.84000E-01  0.432432E+009
   0.85000E-01  0.437580E+009
   0.86000E-01  0.442728E+009
   0.87000E-01  0.447876E+009
   0.88000E-01  0.453024E+009
   0.89000E-01  0.458172E+009
   0.90000E-01  0.463320E+009
   0.91000E-01  0.468468E+009
   0.92000E-01  0.473616E+009
   0.93000E-01  0.478764E+009
   0.94000E-01  0.483912E+009
   0.95000E-01  0.489060E+009
   0.96000E-01  0.494208E+009
   0.97000E-01  0.499356E+009
   0.98000E-01  0.504504E+009
   0.99000E-01  0.509652E+009
   0.10000      0.514800E+009

          ***** ANSYS POST26 VARIABLE LISTING *****


    TIME          2 S   X   
                  SX_4    
   0.10100      0.519948E+009
   0.10200      0.525096E+009
   0.10300      0.530244E+009
   0.10400      0.535392E+009
   0.10500      0.540540E+009
   0.10600      0.545688E+009
   0.10700      0.550836E+009
   0.10800      0.555984E+009
   0.10900      0.561132E+009
   0.11000      0.566280E+009
   0.11100      0.571428E+009
   0.11200      0.576576E+009
   0.11300      0.581724E+009
   0.11400      0.586872E+009
   0.11500      0.592020E+009
   0.11600      0.597168E+009
   0.11700      0.602316E+009
   0.11800      0.607464E+009
   0.11900      0.612612E+009
   0.12000      0.617760E+009

          ***** ANSYS POST26 VARIABLE LISTING *****


    TIME          2 S   X   
                  SX_4    
   0.12100      0.622908E+009
   0.12200      0.628055E+009
   0.12300      0.633204E+009
   0.12400      0.638351E+009
   0.12500      0.643500E+009
   0.12600      0.648647E+009
   0.12700      0.653796E+009
   0.12800      0.658943E+009
   0.12900      0.664091E+009
   0.13000      0.669239E+009
   0.13100      0.674387E+009
   0.13200      0.679535E+009
   0.13300      0.684683E+009
   0.13400      0.689831E+009
   0.13500      0.694979E+009
   0.13600      0.700127E+009
   0.13700      0.705275E+009
   0.13800      0.710423E+009
   0.13900      0.715571E+009
   0.14000      0.720719E+009

          ***** ANSYS POST26 VARIABLE LISTING *****


    TIME          2 S   X   
                  SX_4    
   0.14100      0.725867E+009
   0.14200      0.731015E+009
   0.14300      0.736163E+009
   0.14400      0.741311E+009
   0.14500      0.746459E+009
   0.14600      0.751607E+009
   0.14700      0.756755E+009
   0.14800      0.761903E+009
   0.14900      0.767051E+009
   0.15000      0.772199E+009
   0.15100      0.777347E+009
   0.15200      0.782495E+009
   0.15300      0.787643E+009
   0.15400      0.792791E+009
   0.15500      0.797939E+009
   0.15600      0.803087E+009
   0.15700      0.808235E+009
   0.15800      0.813383E+009
   0.15900      0.818531E+009
   0.16000      0.823679E+009

          ***** ANSYS POST26 VARIABLE LISTING *****


    TIME          2 S   X   
                  SX_4    
   0.16100      0.828827E+009
   0.16200      0.833975E+009
   0.16300      0.839123E+009
   0.16400      0.844271E+009
   0.16500      0.849419E+009
   0.16600      0.854567E+009
   0.16700      0.859715E+009
   0.16800      0.864863E+009
   0.16900      0.870011E+009
   0.17000      0.875159E+009
   0.17100      0.880307E+009
   0.17200      0.885455E+009
   0.17300      0.890603E+009
   0.17400      0.895751E+009
   0.17500      0.900899E+009
   0.17600      0.906047E+009
   0.17700      0.907288E+009
   0.17800      0.894263E+009
   0.17900      0.841347E+009
   0.18000      0.788432E+009

          ***** ANSYS POST26 VARIABLE LISTING *****


    TIME          2 S   X   
                  SX_4    
   0.18002      0.788432E+009
   0.18003      0.788432E+009
   0.18004      0.788432E+009
   0.18004      0.788432E+009
   0.18004      0.788432E+009
    1.0000      0.788432E+009

