	0		0
   0.10000E-02  0.921573E-004
   0.20000E-02  0.184315E-003
   0.30000E-02  0.276472E-003
   0.40000E-02  0.368629E-003
   0.50000E-02  0.460786E-003
   0.60000E-02  0.552944E-003
   0.70000E-02  0.645101E-003
   0.80000E-02  0.737258E-003
   0.90000E-02  0.829415E-003
   0.10000E-01  0.921573E-003
   0.11000E-01  0.101373E-002
   0.12000E-01  0.110589E-002
   0.13000E-01  0.119804E-002
   0.14000E-01  0.129020E-002
   0.15000E-01  0.138236E-002
   0.16000E-01  0.147452E-002
   0.17000E-01  0.156667E-002
   0.18000E-01  0.165883E-002
   0.19000E-01  0.175099E-002
   0.20000E-01  0.184315E-002
   0.21000E-01  0.193530E-002
   0.22000E-01  0.202746E-002
   0.23000E-01  0.211962E-002
   0.24000E-01  0.221177E-002
   0.25000E-01  0.230393E-002
   0.26000E-01  0.239609E-002
   0.27000E-01  0.248825E-002
   0.28000E-01  0.258040E-002
   0.29000E-01  0.267256E-002
   0.30000E-01  0.276472E-002
   0.31000E-01  0.285688E-002
   0.32000E-01  0.294903E-002
   0.33000E-01  0.304119E-002
   0.34000E-01  0.313335E-002
   0.35000E-01  0.322550E-002
   0.36000E-01  0.331766E-002
   0.37000E-01  0.340982E-002
   0.38000E-01  0.350198E-002
   0.39000E-01  0.359413E-002
   0.40000E-01  0.368629E-002
   0.41000E-01  0.377845E-002
   0.42000E-01  0.387060E-002
   0.43000E-01  0.396276E-002
   0.44000E-01  0.405492E-002
   0.45000E-01  0.414708E-002
   0.46000E-01  0.423923E-002
   0.47000E-01  0.433139E-002
   0.48000E-01  0.442355E-002
   0.49000E-01  0.451571E-002
   0.50000E-01  0.460786E-002
   0.51000E-01  0.470002E-002
   0.52000E-01  0.479218E-002
   0.53000E-01  0.488433E-002
   0.54000E-01  0.497649E-002
   0.55000E-01  0.506865E-002
   0.56000E-01  0.516081E-002
   0.57000E-01  0.525296E-002
   0.58000E-01  0.534512E-002
   0.59000E-01  0.543728E-002
   0.60000E-01  0.552944E-002
   0.61000E-01  0.562159E-002
   0.62000E-01  0.571375E-002
   0.63000E-01  0.580591E-002
   0.64000E-01  0.589806E-002
   0.65000E-01  0.599022E-002
   0.66000E-01  0.608238E-002
   0.67000E-01  0.617454E-002
   0.68000E-01  0.626669E-002
   0.69000E-01  0.635885E-002
   0.70000E-01  0.645101E-002
   0.71000E-01  0.654317E-002
   0.72000E-01  0.663532E-002
   0.73000E-01  0.672748E-002
   0.74000E-01  0.681964E-002
   0.75000E-01  0.691179E-002
   0.76000E-01  0.700395E-002
   0.77000E-01  0.709611E-002
   0.78000E-01  0.718827E-002
   0.79000E-01  0.728042E-002
   0.80000E-01  0.737258E-002
   0.81000E-01  0.746474E-002
   0.82000E-01  0.755690E-002
   0.83000E-01  0.764905E-002
   0.84000E-01  0.774121E-002
   0.85000E-01  0.783337E-002
   0.86000E-01  0.792552E-002
   0.87000E-01  0.801768E-002
   0.88000E-01  0.810984E-002
   0.89000E-01  0.820200E-002
   0.90000E-01  0.829415E-002
   0.91000E-01  0.838631E-002
   0.92000E-01  0.847847E-002
   0.93000E-01  0.857063E-002
   0.94000E-01  0.866278E-002
   0.95000E-01  0.875494E-002
   0.96000E-01  0.884710E-002
   0.97000E-01  0.893925E-002
   0.98000E-01  0.903141E-002
   0.99000E-01  0.912357E-002
   0.10000      0.921573E-002
   0.10100      0.930788E-002
   0.10200      0.940004E-002
   0.10300      0.949220E-002
   0.10400      0.958436E-002
   0.10500      0.967651E-002
   0.10600      0.976867E-002
   0.10700      0.986083E-002
   0.10800      0.995298E-002
   0.10900      0.100451E-001
   0.11000      0.101373E-001
   0.11100      0.102295E-001
   0.11200      0.103216E-001
   0.11300      0.104138E-001
   0.11400      0.105059E-001
   0.11500      0.105981E-001
   0.11600      0.106902E-001
   0.11700      0.107824E-001
   0.11800      0.108746E-001
   0.11900      0.109667E-001
   0.12000      0.110589E-001
   0.12100      0.111510E-001
   0.12200      0.112432E-001
   0.12300      0.113353E-001
   0.12400      0.114275E-001
   0.12500      0.115197E-001
   0.12600      0.116118E-001
   0.12700      0.117040E-001
   0.12800      0.117961E-001
   0.12900      0.118883E-001
   0.13000      0.119804E-001
   0.13100      0.120726E-001
   0.13200      0.121648E-001
   0.13300      0.122569E-001
   0.13400      0.123491E-001
   0.13500      0.124412E-001
   0.13600      0.125334E-001
   0.13700      0.126255E-001
   0.13800      0.127177E-001
   0.13900      0.128099E-001
   0.14000      0.129020E-001
   0.14100      0.129942E-001
   0.14200      0.130863E-001
   0.14300      0.131785E-001
   0.14400      0.132706E-001
   0.14500      0.133628E-001
   0.14600      0.134550E-001
   0.14700      0.135471E-001
   0.14800      0.136393E-001
   0.14900      0.137314E-001
   0.15000      0.138236E-001
   0.15100      0.139157E-001
   0.15200      0.140079E-001
   0.15300      0.141001E-001
   0.15400      0.141922E-001
   0.15500      0.142844E-001
   0.15600      0.143765E-001
   0.15700      0.144687E-001
   0.15800      0.145608E-001
   0.15900      0.146530E-001
   0.16000      0.147452E-001
   0.16100      0.148373E-001
   0.16200      0.149295E-001
   0.16300      0.150216E-001
   0.16400      0.151138E-001
   0.16500      0.152059E-001
   0.16600      0.152981E-001
   0.16700      0.153903E-001
   0.16800      0.154824E-001
   0.16900      0.155746E-001
   0.17000      0.156667E-001
   0.17100      0.157589E-001
   0.17200      0.158510E-001
   0.17300      0.159432E-001
   0.17400      0.160354E-001
   0.17500      0.161275E-001
   0.17600      0.162197E-001
   0.17700      0.163208E-001
   0.17800      0.164553E-001
   0.17900      0.166579E-001
   0.18000      0.169021E-001
   0.18100      0.171482E-001
   0.18200      0.173921E-001
   0.18300      0.176354E-001
   0.18400      0.178790E-001
   0.18500      0.181227E-001
   0.18600      0.183665E-001
   0.18700      0.186104E-001
   0.18800      0.188544E-001
   0.18900      0.190984E-001
   0.19000      0.193424E-001
   0.19100      0.195866E-001
   0.19200      0.198308E-001
   0.19300      0.200750E-001
   0.19400      0.203194E-001
   0.19500      0.205637E-001
   0.19600      0.208082E-001
   0.19700      0.210526E-001
   0.19800      0.212972E-001
   0.19900      0.215418E-001
   0.20000      0.217864E-001
   0.20100      0.220311E-001
   0.20200      0.222758E-001
   0.20300      0.225206E-001
   0.20400      0.227654E-001
   0.20500      0.230102E-001
   0.20600      0.232551E-001
   0.20700      0.235000E-001
   0.20800      0.237450E-001
   0.20900      0.239900E-001
   0.21000      0.242351E-001
   0.21100      0.244801E-001
   0.21200      0.247253E-001
   0.21300      0.249704E-001
   0.21400      0.252156E-001
   0.21500      0.254608E-001
   0.21600      0.257060E-001
   0.21700      0.259513E-001
   0.21800      0.261966E-001
   0.21900      0.264419E-001
   0.22000      0.267297E-001
   0.22100      0.270181E-001
   0.22200      0.273174E-001
   0.22300      0.276812E-001
   0.22400      0.280560E-001
   0.22500      0.284305E-001
   0.22600      0.288015E-001
   0.22700      0.291720E-001
   0.22800      0.295426E-001
   0.22900      0.299136E-001
   0.23000      0.302846E-001
   0.23100      0.306556E-001
   0.23200      0.310267E-001
   0.23300      0.313979E-001
   0.23400      0.317691E-001
   0.23500      0.321404E-001
   0.23600      0.325117E-001
   0.23700      0.328831E-001
   0.23800      0.332545E-001
   0.23900      0.336260E-001
   0.24000      0.339976E-001
   0.24100      0.343692E-001
   0.24200      0.347408E-001
   0.24300      0.351125E-001
   0.24400      0.354842E-001
   0.24500      0.358560E-001
   0.24600      0.362278E-001
   0.24700      0.365996E-001
   0.24800      0.369715E-001
   0.24900      0.373434E-001
   0.25000      0.377496E-001
   0.25100      0.382816E-001
   0.25200      0.388237E-001
   0.25300      0.393614E-001
   0.25400      0.398978E-001
   0.25500      0.404341E-001
   0.25600      0.409704E-001
   0.25700      0.415066E-001
   0.25800      0.420426E-001
   0.25900      0.425786E-001
   0.26000      0.431144E-001
   0.26100      0.436502E-001
   0.26200      0.441859E-001
   0.26300      0.447214E-001
   0.26400      0.452569E-001
   0.26500      0.457922E-001
   0.26600      0.463275E-001
   0.26700      0.468627E-001
   0.26800      0.473977E-001
   0.26900      0.479327E-001
   0.27000      0.484676E-001
   0.27100      0.490024E-001
   0.27200      0.495371E-001
   0.27300      0.500717E-001
   0.27400      0.506244E-001
   0.27500      0.511976E-001
   0.27600      0.518286E-001
   0.27700      0.524751E-001
   0.27800      0.531200E-001
   0.27900      0.537639E-001
   0.28000      0.544077E-001
   0.28100      0.550514E-001
   0.28200      0.556951E-001
   0.28300      0.563387E-001
   0.28400      0.569822E-001
   0.28500      0.576256E-001
   0.28600      0.582690E-001
   0.28700      0.589122E-001
   0.28800      0.595554E-001
   0.28900      0.601985E-001
   0.29000      0.608414E-001
   0.29100      0.614843E-001
   0.29200      0.621271E-001
   0.29300      0.627699E-001
   0.29400      0.634200E-001
   0.29500      0.641763E-001
   0.29600      0.649723E-001
   0.29700      0.657656E-001
   0.29800      0.665562E-001
   0.29900      0.673461E-001
   0.30000      0.681357E-001
   0.30100      0.689254E-001
   0.30200      0.697146E-001
   0.30300      0.705036E-001
   0.30400      0.712923E-001
   0.30500      0.720808E-001
   0.30600      0.728689E-001
   0.30700      0.736568E-001
   0.30800      0.744445E-001
   0.30900      0.752318E-001
   0.31000      0.760189E-001
   0.31100      0.768057E-001
   0.31200      0.776091E-001
   0.31300      0.784543E-001
   0.31400      0.793429E-001
   0.31500      0.802340E-001
   0.31600      0.811223E-001
   0.31700      0.820099E-001
   0.31800      0.828973E-001
   0.31900      0.837844E-001
   0.32000      0.846712E-001
   0.32100      0.855578E-001
   0.32200      0.864440E-001
   0.32300      0.873300E-001
   0.32400      0.882156E-001
   0.32500      0.891009E-001
   0.32600      0.899860E-001
   0.32700      0.908770E-001
   0.32800      0.918817E-001
   0.32900      0.929191E-001
   0.33000      0.939513E-001
   0.33100      0.949803E-001
   0.33200      0.960087E-001
   0.33300      0.970367E-001
   0.33400      0.980641E-001
   0.33500      0.990910E-001
   0.33600      0.100117     
   0.33700      0.101143     
   0.33800      0.102168     
   0.33900      0.103193     
   0.34000      0.104217     
   0.34100      0.105249     
   0.34200      0.106331     
   0.34300      0.107457     
   0.34400      0.108585     
   0.34500      0.109708     
   0.34600      0.110831     
   0.34700      0.111954     
   0.34800      0.113075     
   0.34900      0.114196     
   0.35000      0.115317     
   0.35100      0.116436     
   0.35200      0.117556     
   0.35300      0.118674     
   0.35400      0.119903     
   0.35500      0.121176     
   0.35600      0.122445     
   0.35700      0.123710     
   0.35800      0.124973     
   0.35900      0.126235     
   0.36000      0.127497     
   0.36100      0.128757     
   0.36200      0.130016     
   0.36300      0.131274     
   0.36400      0.132531     
   0.36500      0.133810     
   0.36600      0.135164     
   0.36700      0.136530     
   0.36800      0.137889     
   0.36900      0.139246     
   0.37000      0.140602     
   0.37100      0.141957     
   0.37200      0.143310     
   0.37300      0.144663     
   0.37400      0.146014     
   0.37500      0.147419     
   0.37600      0.148921     
   0.37700      0.150432     
   0.37800      0.151935     
   0.37900      0.153434     
   0.38000      0.154932     
   0.38100      0.156428     
   0.38200      0.157922     
   0.38300      0.159415     
   0.38400      0.160908     
   0.38500      0.162467     
   0.38600      0.164068     
   0.38700      0.165668     
   0.38800      0.167262     
   0.38900      0.168853     
   0.39000      0.170443     
   0.39100      0.172030     
   0.39200      0.173616     
   0.39300      0.175264     
   0.39400      0.177009     
   0.39500      0.178762     
   0.39600      0.180504     
   0.39700      0.182242     
   0.39800      0.183978     
   0.39900      0.185710     
   0.40000      0.187439     
   0.40100      0.189188     
   0.40200      0.191025     
   0.40300      0.192873     
   0.40400      0.194708     
   0.40500      0.196540     
   0.40600      0.198368     
   0.40700      0.200192     
   0.40800      0.202036     
   0.40900      0.204020     
   0.41000      0.206025     
   0.41100      0.208014     
   0.41200      0.209995     
   0.41300      0.211973     
   0.41400      0.213945     
   0.41500      0.215928     
   0.41600      0.218007     
   0.41700      0.220101     
   0.41800      0.222182     
   0.41900      0.224257     
   0.42000      0.226326     
   0.42100      0.228393     
   0.42200      0.230618     
   0.42300      0.232877     
   0.42400      0.235117     
   0.42500      0.237347     
   0.42600      0.239570     
   0.42700      0.241789     
   0.42800      0.244102     
   0.42900      0.246449     
   0.43000      0.248783     
   0.43100      0.251106     
   0.43200      0.253420     
   0.43300      0.255821     
   0.43400      0.258327     
   0.43500      0.260834     
   0.43600      0.263320     
   0.43700      0.265796     
   0.43800      0.268280     
   0.43900      0.270876     
   0.44000      0.273481     
   0.44100      0.276062     
   0.44200      0.278632     
   0.44300      0.281279     
   0.44400      0.284048     
   0.44500      0.286817     
   0.44600      0.289560     
   0.44700      0.292288     
   0.44800      0.295109     
   0.44900      0.297975     
   0.45000      0.300823     
   0.45100      0.303649     
   0.45200      0.306583     
   0.45300      0.309624     
   0.45400      0.312653     
   0.45500      0.315651     
   0.45600      0.318691     
   0.45700      0.321819     
   0.45800      0.324938     
   0.45900      0.328028     
   0.46000      0.331253     
   0.46100      0.334568     
   0.46200      0.337857     
   0.46300      0.341116     
   0.46400      0.344499     
   0.46500      0.347900     
   0.46600      0.351257     
   0.46700      0.354744     
   0.46800      0.358332     
   0.46900      0.361889     
   0.47000      0.365455     
   0.47100      0.369123     
   0.47200      0.372773     
   0.47300      0.376456     
   0.47400      0.380314     
   0.47500      0.384159     
   0.47600      0.388001     
   0.47700      0.391940     
   0.47800      0.395856     
   0.47900      0.399883     
   0.48000      0.404019     
   0.48100      0.408103     
   0.48200      0.412305     
   0.48300      0.416507     
   0.48400      0.420769     
   0.48500      0.425176     
   0.48600      0.429542     
   0.48700      0.434025     
   0.48800      0.438478     
   0.48900      0.443096     
   0.49000      0.447769     
   0.49100      0.452470     
   0.49200      0.457204     
   0.49300      0.462022     
   0.49400      0.466963     
   0.49500      0.471930     
   0.49600      0.476926     
   0.49700      0.482035     
   0.49800      0.487228     
   0.49900      0.492491     
   0.50000      0.497715     
   0.50100      0.503189     
   0.50200      0.508679     
   0.50300      0.514183     
   0.50400      0.519838     
   0.50500      0.525557     
   0.50600      0.531314     
   0.50700      0.537217     
   0.50800      0.543170     
   0.50900      0.549156     
   0.51000      0.555353     
   0.51100      0.561600     
   0.51200      0.567745     
   0.51300      0.574227     
   0.51400      0.580749     
   0.51500      0.587399     
   0.51600      0.594086     
   0.51700      0.600877     
   0.51800      0.607774     
   0.51900      0.614790     
   0.52000      0.621923     
   0.52100      0.629414     
   0.52200      0.636643     
   0.52300      0.644323     
   0.52400      0.652060     
   0.52500      0.659907     
   0.52600      0.668367     
   0.52700      0.675870     
   0.52800      0.685946     
   0.52900      0.696434     
   0.53000      0.710197     
   0.53015      0.715737     
   0.53015      0.727106     


