	0		0
   0.10000E-02  0.637752E-004
   0.20000E-02  0.127550E-003
   0.30000E-02  0.191326E-003
   0.40000E-02  0.255101E-003
   0.50000E-02  0.318876E-003
   0.60000E-02  0.382651E-003
   0.70000E-02  0.446426E-003
   0.80000E-02  0.510202E-003
   0.90000E-02  0.573977E-003
   0.10000E-01  0.637752E-003
   0.11000E-01  0.701527E-003
   0.12000E-01  0.765302E-003
   0.13000E-01  0.829078E-003
   0.14000E-01  0.892853E-003
   0.15000E-01  0.956628E-003
   0.16000E-01  0.102040E-002
   0.17000E-01  0.108418E-002
   0.18000E-01  0.114795E-002
   0.19000E-01  0.121173E-002
   0.20000E-01  0.127550E-002
   0.21000E-01  0.133928E-002
   0.22000E-01  0.140305E-002
   0.23000E-01  0.146683E-002
   0.24000E-01  0.153060E-002
   0.25000E-01  0.159438E-002
   0.26000E-01  0.165816E-002
   0.27000E-01  0.172193E-002
   0.28000E-01  0.178571E-002
   0.29000E-01  0.184948E-002
   0.30000E-01  0.191326E-002
   0.31000E-01  0.197703E-002
   0.32000E-01  0.204081E-002
   0.33000E-01  0.210458E-002
   0.34000E-01  0.216836E-002
   0.35000E-01  0.223213E-002
   0.36000E-01  0.229591E-002
   0.37000E-01  0.235968E-002
   0.38000E-01  0.242346E-002
   0.39000E-01  0.248723E-002
   0.40000E-01  0.255101E-002
   0.41000E-01  0.261478E-002
   0.42000E-01  0.267856E-002
   0.43000E-01  0.274233E-002
   0.44000E-01  0.280611E-002
   0.45000E-01  0.286988E-002
   0.46000E-01  0.293366E-002
   0.47000E-01  0.299743E-002
   0.48000E-01  0.306121E-002
   0.49000E-01  0.312498E-002
   0.50000E-01  0.318876E-002
   0.51000E-01  0.325254E-002
   0.52000E-01  0.331631E-002
   0.53000E-01  0.338009E-002
   0.54000E-01  0.344386E-002
   0.55000E-01  0.350764E-002
   0.56000E-01  0.357141E-002
   0.57000E-01  0.363519E-002
   0.58000E-01  0.369896E-002
   0.59000E-01  0.376274E-002
   0.60000E-01  0.382651E-002
   0.61000E-01  0.389029E-002
   0.62000E-01  0.395406E-002
   0.63000E-01  0.401784E-002
   0.64000E-01  0.408161E-002
   0.65000E-01  0.414539E-002
   0.66000E-01  0.420916E-002
   0.67000E-01  0.427294E-002
   0.68000E-01  0.433671E-002
   0.69000E-01  0.440049E-002
   0.70000E-01  0.446426E-002
   0.71000E-01  0.452804E-002
   0.72000E-01  0.459181E-002
   0.73000E-01  0.465559E-002
   0.74000E-01  0.471936E-002
   0.75000E-01  0.478314E-002
   0.76000E-01  0.484692E-002
   0.77000E-01  0.491069E-002
   0.78000E-01  0.497447E-002
   0.79000E-01  0.503824E-002
   0.80000E-01  0.510202E-002
   0.81000E-01  0.516579E-002
   0.82000E-01  0.522957E-002
   0.83000E-01  0.529334E-002
   0.84000E-01  0.535712E-002
   0.85000E-01  0.542089E-002
   0.86000E-01  0.548467E-002
   0.87000E-01  0.554844E-002
   0.88000E-01  0.561222E-002
   0.89000E-01  0.567599E-002
   0.90000E-01  0.573977E-002
   0.91000E-01  0.580354E-002
   0.92000E-01  0.586732E-002
   0.93000E-01  0.593109E-002
   0.94000E-01  0.599487E-002
   0.95000E-01  0.605864E-002
   0.96000E-01  0.612242E-002
   0.97000E-01  0.618619E-002
   0.98000E-01  0.624997E-002
   0.99000E-01  0.631375E-002
   0.10000      0.637752E-002
   0.10100      0.644130E-002
   0.10200      0.650507E-002
   0.10300      0.656885E-002
   0.10400      0.663262E-002
   0.10500      0.669640E-002
   0.10600      0.676017E-002
   0.10700      0.682395E-002
   0.10800      0.688772E-002
   0.10900      0.695150E-002
   0.11000      0.701527E-002
   0.11100      0.707905E-002
   0.11200      0.714282E-002
   0.11300      0.720660E-002
   0.11400      0.727037E-002
   0.11500      0.733415E-002
   0.11600      0.739792E-002
   0.11700      0.746170E-002
   0.11800      0.752547E-002
   0.11900      0.758925E-002
   0.12000      0.765302E-002
   0.12100      0.771680E-002
   0.12200      0.778057E-002
   0.12300      0.784435E-002
   0.12400      0.790813E-002
   0.12500      0.797190E-002
   0.12600      0.803568E-002
   0.12700      0.809945E-002
   0.12800      0.816323E-002
   0.12900      0.822700E-002
   0.13000      0.829078E-002
   0.13100      0.835455E-002
   0.13200      0.841833E-002
   0.13300      0.848210E-002
   0.13400      0.854588E-002
   0.13500      0.860965E-002
   0.13600      0.867343E-002
   0.13700      0.873720E-002
   0.13800      0.880098E-002
   0.13900      0.886475E-002
   0.14000      0.892853E-002
   0.14100      0.899230E-002
   0.14200      0.905608E-002
   0.14300      0.911985E-002
   0.14400      0.918363E-002
   0.14500      0.924740E-002
   0.14600      0.931118E-002
   0.14700      0.937495E-002
   0.14800      0.943873E-002
   0.14900      0.950250E-002
   0.15000      0.956628E-002
   0.15100      0.963006E-002
   0.15200      0.969383E-002
   0.15300      0.975761E-002
   0.15400      0.982138E-002
   0.15500      0.988516E-002
   0.15600      0.994893E-002
   0.15700      0.100127E-001
   0.15800      0.100765E-001
   0.15900      0.101403E-001
   0.16000      0.102040E-001
   0.16100      0.102678E-001
   0.16200      0.103316E-001
   0.16300      0.103954E-001
   0.16400      0.104591E-001
   0.16500      0.105229E-001
   0.16600      0.105867E-001
   0.16700      0.106505E-001
   0.16800      0.107142E-001
   0.16900      0.107780E-001
   0.17000      0.108418E-001
   0.17100      0.109056E-001
   0.17200      0.109693E-001
   0.17300      0.110331E-001
   0.17400      0.110969E-001
   0.17500      0.111607E-001
   0.17600      0.112244E-001
   0.17700      0.112910E-001
   0.17800      0.113677E-001
   0.17900      0.114661E-001
   0.18000      0.115763E-001
   0.18100      0.116869E-001
   0.18200      0.117972E-001
   0.18300      0.119074E-001
   0.18400      0.120175E-001
   0.18500      0.121277E-001
   0.18600      0.122379E-001
   0.18700      0.123481E-001
   0.18800      0.124583E-001
   0.18900      0.125685E-001
   0.19000      0.126787E-001
   0.19100      0.127889E-001
   0.19200      0.128991E-001
   0.19300      0.130093E-001
   0.19400      0.131195E-001
   0.19500      0.132297E-001
   0.19600      0.133398E-001
   0.19700      0.134500E-001
   0.19800      0.135602E-001
   0.19900      0.136704E-001
   0.20000      0.137805E-001
   0.20100      0.138907E-001
   0.20200      0.140009E-001
   0.20300      0.141111E-001
   0.20400      0.142212E-001
   0.20500      0.143314E-001
   0.20600      0.144416E-001
   0.20700      0.145517E-001
   0.20800      0.146619E-001
   0.20900      0.147720E-001
   0.21000      0.148822E-001
   0.21100      0.149924E-001
   0.21200      0.151025E-001
   0.21300      0.152127E-001
   0.21400      0.153228E-001
   0.21500      0.154330E-001
   0.21600      0.155431E-001
   0.21700      0.156533E-001
   0.21800      0.157634E-001
   0.21900      0.158736E-001
   0.22000      0.160193E-001
   0.22100      0.161653E-001
   0.22200      0.163211E-001
   0.22300      0.165319E-001
   0.22400      0.167414E-001
   0.22500      0.169551E-001
   0.22600      0.171664E-001
   0.22700      0.173777E-001
   0.22800      0.175889E-001
   0.22900      0.178002E-001
   0.23000      0.180115E-001
   0.23100      0.182227E-001
   0.23200      0.184340E-001
   0.23300      0.186452E-001
   0.23400      0.188564E-001
   0.23500      0.190676E-001
   0.23600      0.192788E-001
   0.23700      0.194900E-001
   0.23800      0.197012E-001
   0.23900      0.199124E-001
   0.24000      0.201236E-001
   0.24100      0.203347E-001
   0.24200      0.205459E-001
   0.24300      0.207570E-001
   0.24400      0.209681E-001
   0.24500      0.211792E-001
   0.24600      0.213903E-001
   0.24700      0.216014E-001
   0.24800      0.218125E-001
   0.24900      0.220236E-001
   0.25000      0.222791E-001
   0.25100      0.226982E-001
   0.25200      0.231272E-001
   0.25300      0.235511E-001
   0.25400      0.239753E-001
   0.25500      0.244000E-001
   0.25600      0.248249E-001
   0.25700      0.252502E-001
   0.25800      0.256758E-001
   0.25900      0.261017E-001
   0.26000      0.265278E-001
   0.26100      0.269543E-001
   0.26200      0.273809E-001
   0.26300      0.278078E-001
   0.26400      0.282349E-001
   0.26500      0.286622E-001
   0.26600      0.290897E-001
   0.26700      0.295174E-001
   0.26800      0.299453E-001
   0.26900      0.303734E-001
   0.27000      0.308016E-001
   0.27100      0.312300E-001
   0.27200      0.316585E-001
   0.27300      0.320872E-001
   0.27400      0.325374E-001
   0.27500      0.330119E-001
   0.27600      0.335557E-001
   0.27700      0.341174E-001
   0.27800      0.346778E-001
   0.27900      0.352377E-001
   0.28000      0.357980E-001
   0.28100      0.363586E-001
   0.28200      0.369195E-001
   0.28300      0.374807E-001
   0.28400      0.380421E-001
   0.28500      0.386038E-001
   0.28600      0.391658E-001
   0.28700      0.397279E-001
   0.28800      0.402903E-001
   0.28900      0.408529E-001
   0.29000      0.414157E-001
   0.29100      0.419787E-001
   0.29200      0.425418E-001
   0.29300      0.431051E-001
   0.29400      0.436766E-001
   0.29500      0.443604E-001
   0.29600      0.450861E-001
   0.29700      0.458091E-001
   0.29800      0.465296E-001
   0.29900      0.472497E-001
   0.30000      0.479697E-001
   0.30100      0.486898E-001
   0.30200      0.494097E-001
   0.30300      0.501296E-001
   0.30400      0.508492E-001
   0.30500      0.515689E-001
   0.30600      0.522883E-001
   0.30700      0.530077E-001
   0.30800      0.537269E-001
   0.30900      0.544459E-001
   0.31000      0.551649E-001
   0.31100      0.558837E-001
   0.31200      0.566203E-001
   0.31300      0.574014E-001
   0.31400      0.582287E-001
   0.31500      0.590588E-001
   0.31600      0.598860E-001
   0.31700      0.607126E-001
   0.31800      0.615391E-001
   0.31900      0.623655E-001
   0.32000      0.631916E-001
   0.32100      0.640176E-001
   0.32200      0.648433E-001
   0.32300      0.656688E-001
   0.32400      0.664941E-001
   0.32500      0.673192E-001
   0.32600      0.681441E-001
   0.32700      0.689755E-001
   0.32800      0.699283E-001
   0.32900      0.709161E-001
   0.33000      0.718985E-001
   0.33100      0.728777E-001
   0.33200      0.738563E-001
   0.33300      0.748346E-001
   0.33400      0.758125E-001
   0.33500      0.767898E-001
   0.33600      0.777667E-001
   0.33700      0.787431E-001
   0.33800      0.797189E-001
   0.33900      0.806943E-001
   0.34000      0.816692E-001
   0.34100      0.826524E-001
   0.34200      0.836898E-001
   0.34300      0.847729E-001
   0.34400      0.858581E-001
   0.34500      0.869393E-001
   0.34600      0.880199E-001
   0.34700      0.890997E-001
   0.34800      0.901790E-001
   0.34900      0.912579E-001
   0.35000      0.923362E-001
   0.35100      0.934138E-001
   0.35200      0.944908E-001
   0.35300      0.955672E-001
   0.35400      0.967600E-001
   0.35500      0.980000E-001
   0.35600      0.992357E-001
   0.35700      0.100467     
   0.35800      0.101696     
   0.35900      0.102925     
   0.36000      0.104153     
   0.36100      0.105380     
   0.36200      0.106606     
   0.36300      0.107830     
   0.36400      0.109054     
   0.36500      0.110301     
   0.36600      0.111627     
   0.36700      0.112966     
   0.36800      0.114298     
   0.36900      0.115627     
   0.37000      0.116956     
   0.37100      0.118283     
   0.37200      0.119609     
   0.37300      0.120934     
   0.37400      0.122258     
   0.37500      0.123638     
   0.37600      0.125121     
   0.37700      0.126614     
   0.37800      0.128098     
   0.37900      0.129578     
   0.38000      0.131057     
   0.38100      0.132534     
   0.38200      0.134009     
   0.38300      0.135482     
   0.38400      0.136956     
   0.38500      0.138500     
   0.38600      0.140088     
   0.38700      0.141675     
   0.38800      0.143256     
   0.38900      0.144834     
   0.39000      0.146410     
   0.39100      0.147984     
   0.39200      0.149556     
   0.39300      0.151194     
   0.39400      0.152934     
   0.39500      0.154683     
   0.39600      0.156420     
   0.39700      0.158153     
   0.39800      0.159883     
   0.39900      0.161610     
   0.40000      0.163334     
   0.40100      0.165080     
   0.40200      0.166917     
   0.40300      0.168765     
   0.40400      0.170601     
   0.40500      0.172433     
   0.40600      0.174261     
   0.40700      0.176086     
   0.40800      0.177931     
   0.40900      0.179924     
   0.41000      0.181939     
   0.41100      0.183936     
   0.41200      0.185927     
   0.41300      0.187912     
   0.41400      0.189893     
   0.41500      0.191885     
   0.41600      0.193977     
   0.41700      0.196087     
   0.41800      0.198182     
   0.41900      0.200271     
   0.42000      0.202354     
   0.42100      0.204434     
   0.42200      0.206681     
   0.42300      0.208964     
   0.42400      0.211227     
   0.42500      0.213479     
   0.42600      0.215724     
   0.42700      0.217966     
   0.42800      0.220306     
   0.42900      0.222681     
   0.43000      0.225043     
   0.43100      0.227394     
   0.43200      0.229736     
   0.43300      0.232168     
   0.43400      0.234712     
   0.43500      0.237256     
   0.43600      0.239779     
   0.43700      0.242291     
   0.43800      0.244811     
   0.43900      0.247449     
   0.44000      0.250097     
   0.44100      0.252720     
   0.44200      0.255331     
   0.44300      0.258024     
   0.44400      0.260844     
   0.44500      0.263665     
   0.44600      0.266459     
   0.44700      0.269236     
   0.44800      0.272112     
   0.44900      0.275035     
   0.45000      0.277939     
   0.45100      0.280821     
   0.45200      0.283816     
   0.45300      0.286923     
   0.45400      0.290019     
   0.45500      0.293081     
   0.45600      0.296187     
   0.45700      0.299387     
   0.45800      0.302577     
   0.45900      0.305736     
   0.46000      0.309038     
   0.46100      0.312435     
   0.46200      0.315804     
   0.46300      0.319141     
   0.46400      0.322610     
   0.46500      0.326097     
   0.46600      0.329539     
   0.46700      0.333116     
   0.46800      0.336801     
   0.46900      0.340454     
   0.47000      0.344115     
   0.47100      0.347884     
   0.47200      0.351635     
   0.47300      0.355420     
   0.47400      0.359389     
   0.47500      0.363345     
   0.47600      0.367298     
   0.47700      0.371354     
   0.47800      0.375385     
   0.47900      0.379532     
   0.48000      0.383795     
   0.48100      0.388004     
   0.48200      0.392337     
   0.48300      0.396671     
   0.48400      0.401067     
   0.48500      0.405617     
   0.48600      0.410124     
   0.48700      0.414753     
   0.48800      0.419352     
   0.48900      0.424124     
   0.49000      0.428957     
   0.49100      0.433817     
   0.49200      0.438713     
   0.49300      0.443698     
   0.49400      0.448812     
   0.49500      0.453955     
   0.49600      0.459128     
   0.49700      0.464421     
   0.49800      0.469803     
   0.49900      0.475259     
   0.50000      0.480675     
   0.50100      0.486355     
   0.50200      0.492052     
   0.50300      0.497764     
   0.50400      0.503636     
   0.50500      0.509578     
   0.50600      0.515559     
   0.50700      0.521695     
   0.50800      0.527886     
   0.50900      0.534111     
   0.51000      0.540561     
   0.51100      0.547065     
   0.51200      0.553460     
   0.51300      0.560214     
   0.51400      0.567013     
   0.51500      0.573946     
   0.51600      0.580922     
   0.51700      0.588008     
   0.51800      0.595209     
   0.51900      0.602535     
   0.52000      0.609983     
   0.52100      0.617812     
   0.52200      0.625348     
   0.52300      0.633360     
   0.52400      0.641423     
   0.52500      0.649600     
   0.52600      0.658434     
   0.52700      0.666235     
   0.52800      0.676786     
   0.52900      0.687762     
   0.53000      0.702232     
   0.53015      0.707909     
   0.53015      0.720040     


