	0		0   
   0.10000E-02  0.514800E+007
   0.20000E-02  0.102960E+008
   0.30000E-02  0.154440E+008
   0.40000E-02  0.205920E+008
   0.50000E-02  0.257400E+008
   0.60000E-02  0.308880E+008
   0.70000E-02  0.360360E+008
   0.80000E-02  0.411840E+008
   0.90000E-02  0.463320E+008
   0.10000E-01  0.514800E+008
   0.11000E-01  0.566280E+008
   0.12000E-01  0.617760E+008
   0.13000E-01  0.669239E+008
   0.14000E-01  0.720719E+008
   0.15000E-01  0.772199E+008
   0.16000E-01  0.823679E+008
   0.17000E-01  0.875159E+008
   0.18000E-01  0.926639E+008
   0.19000E-01  0.978119E+008
   0.20000E-01  0.102960E+009
   0.21000E-01  0.108108E+009
   0.22000E-01  0.113256E+009
   0.23000E-01  0.118404E+009
   0.24000E-01  0.123552E+009
   0.25000E-01  0.128700E+009
   0.26000E-01  0.133848E+009
   0.27000E-01  0.138996E+009
   0.28000E-01  0.144144E+009
   0.29000E-01  0.149292E+009
   0.30000E-01  0.154440E+009
   0.31000E-01  0.159588E+009
   0.32000E-01  0.164736E+009
   0.33000E-01  0.169884E+009
   0.34000E-01  0.175032E+009
   0.35000E-01  0.180180E+009
   0.36000E-01  0.185328E+009
   0.37000E-01  0.190476E+009
   0.38000E-01  0.195624E+009
   0.39000E-01  0.200772E+009
   0.40000E-01  0.205920E+009
   0.41000E-01  0.211068E+009
   0.42000E-01  0.216216E+009
   0.43000E-01  0.221364E+009
   0.44000E-01  0.226512E+009
   0.45000E-01  0.231660E+009
   0.46000E-01  0.236808E+009
   0.47000E-01  0.241956E+009
   0.48000E-01  0.247104E+009
   0.49000E-01  0.252252E+009
   0.50000E-01  0.257400E+009
   0.51000E-01  0.262548E+009
   0.52000E-01  0.267696E+009
   0.53000E-01  0.272844E+009
   0.54000E-01  0.277992E+009
   0.55000E-01  0.283140E+009
   0.56000E-01  0.288288E+009
   0.57000E-01  0.293436E+009
   0.58000E-01  0.298584E+009
   0.59000E-01  0.303732E+009
   0.60000E-01  0.308880E+009
   0.61000E-01  0.314028E+009
   0.62000E-01  0.319176E+009
   0.63000E-01  0.324324E+009
   0.64000E-01  0.329472E+009
   0.65000E-01  0.334620E+009
   0.66000E-01  0.339768E+009
   0.67000E-01  0.344916E+009
   0.68000E-01  0.350064E+009
   0.69000E-01  0.355212E+009
   0.70000E-01  0.360360E+009
   0.71000E-01  0.365508E+009
   0.72000E-01  0.370656E+009
   0.73000E-01  0.375804E+009
   0.74000E-01  0.380952E+009
   0.75000E-01  0.386100E+009
   0.76000E-01  0.391248E+009
   0.77000E-01  0.396396E+009
   0.78000E-01  0.401544E+009
   0.79000E-01  0.406692E+009
   0.80000E-01  0.411840E+009
   0.81000E-01  0.416988E+009
   0.82000E-01  0.422136E+009
   0.83000E-01  0.427284E+009
   0.84000E-01  0.432432E+009
   0.85000E-01  0.437580E+009
   0.86000E-01  0.442728E+009
   0.87000E-01  0.447876E+009
   0.88000E-01  0.453024E+009
   0.89000E-01  0.458172E+009
   0.90000E-01  0.463320E+009
   0.91000E-01  0.468468E+009
   0.92000E-01  0.473616E+009
   0.93000E-01  0.478764E+009
   0.94000E-01  0.483912E+009
   0.95000E-01  0.489060E+009
   0.96000E-01  0.494208E+009
   0.97000E-01  0.499356E+009
   0.98000E-01  0.504504E+009
   0.99000E-01  0.509652E+009
   0.10000      0.514800E+009
   0.10100      0.519948E+009
   0.10200      0.525096E+009
   0.10300      0.530244E+009
   0.10400      0.535392E+009
   0.10500      0.540540E+009
   0.10600      0.545688E+009
   0.10700      0.550836E+009
   0.10800      0.555984E+009
   0.10900      0.561132E+009
   0.11000      0.566280E+009
   0.11100      0.571428E+009
   0.11200      0.576576E+009
   0.11300      0.581724E+009
   0.11400      0.586872E+009
   0.11500      0.592020E+009
   0.11600      0.597168E+009
   0.11700      0.602316E+009
   0.11800      0.607464E+009
   0.11900      0.612612E+009
   0.12000      0.617760E+009
   0.12100      0.622908E+009
   0.12200      0.628055E+009
   0.12300      0.633204E+009
   0.12400      0.638351E+009
   0.12500      0.643500E+009
   0.12600      0.648647E+009
   0.12700      0.653796E+009
   0.12800      0.658943E+009
   0.12900      0.664091E+009
   0.13000      0.669239E+009
   0.13100      0.674387E+009
   0.13200      0.679535E+009
   0.13300      0.684683E+009
   0.13400      0.689831E+009
   0.13500      0.694979E+009
   0.13600      0.700127E+009
   0.13700      0.705275E+009
   0.13800      0.710423E+009
   0.13900      0.715571E+009
   0.14000      0.720719E+009
   0.14100      0.725867E+009
   0.14200      0.731015E+009
   0.14300      0.736163E+009
   0.14400      0.741311E+009
   0.14500      0.746459E+009
   0.14600      0.751607E+009
   0.14700      0.756755E+009
   0.14800      0.761903E+009
   0.14900      0.767051E+009
   0.15000      0.772199E+009
   0.15100      0.777347E+009
   0.15200      0.782495E+009
   0.15300      0.787643E+009
   0.15400      0.792791E+009
   0.15500      0.797939E+009
   0.15600      0.803087E+009
   0.15700      0.808235E+009
   0.15800      0.813383E+009
   0.15900      0.818531E+009
   0.16000      0.823679E+009
   0.16100      0.828827E+009
   0.16200      0.833975E+009
   0.16300      0.839123E+009
   0.16400      0.844271E+009
   0.16500      0.849419E+009
   0.16600      0.854567E+009
   0.16700      0.859715E+009
   0.16800      0.864863E+009
   0.16900      0.870011E+009
   0.17000      0.875159E+009
   0.17100      0.880307E+009
   0.17200      0.885455E+009
   0.17300      0.890603E+009
   0.17400      0.895751E+009
   0.17500      0.900899E+009
   0.17600      0.906047E+009
   0.17700      0.910052E+009
   0.17800      0.909829E+009
   0.17900      0.909492E+009
   0.18000      0.909086E+009
   0.18100      0.908677E+009
   0.18200      0.908272E+009
   0.18300      0.907868E+009
   0.18400      0.907464E+009
   0.18500      0.907059E+009
   0.18600      0.906655E+009
   0.18700      0.906251E+009
   0.18800      0.905847E+009
   0.18900      0.905443E+009
   0.19000      0.905039E+009
   0.19100      0.904635E+009
   0.19200      0.904232E+009
   0.19300      0.903828E+009
   0.19400      0.903425E+009
   0.19500      0.903021E+009
   0.19600      0.902618E+009
   0.19700      0.902214E+009
   0.19800      0.901811E+009
   0.19900      0.901408E+009
   0.20000      0.901005E+009
   0.20100      0.900602E+009
   0.20200      0.900200E+009
   0.20300      0.899797E+009
   0.20400      0.899394E+009
   0.20500      0.898992E+009
   0.20600      0.898590E+009
   0.20700      0.898187E+009
   0.20800      0.897785E+009
   0.20900      0.897383E+009
   0.21000      0.896982E+009
   0.21100      0.896580E+009
   0.21200      0.896178E+009
   0.21300      0.895777E+009
   0.21400      0.895376E+009
   0.21500      0.894974E+009
   0.21600      0.894573E+009
   0.21700      0.894172E+009
   0.21800      0.893772E+009
   0.21900      0.893371E+009
   0.22000      0.892901E+009
   0.22100      0.892431E+009
   0.22200      0.891943E+009
   0.22300      0.891350E+009
   0.22400      0.890740E+009
   0.22500      0.890131E+009
   0.22600      0.889528E+009
   0.22700      0.888926E+009
   0.22800      0.888325E+009
   0.22900      0.887723E+009
   0.23000      0.887122E+009
   0.23100      0.886521E+009
   0.23200      0.885920E+009
   0.23300      0.885319E+009
   0.23400      0.884719E+009
   0.23500      0.884119E+009
   0.23600      0.883520E+009
   0.23700      0.882921E+009
   0.23800      0.882322E+009
   0.23900      0.881724E+009
   0.24000      0.881125E+009
   0.24100      0.880527E+009
   0.24200      0.879930E+009
   0.24300      0.879333E+009
   0.24400      0.878736E+009
   0.24500      0.878139E+009
   0.24600      0.877543E+009
   0.24700      0.876947E+009
   0.24800      0.876352E+009
   0.24900      0.875757E+009
   0.25000      0.875108E+009
   0.25100      0.874258E+009
   0.25200      0.873393E+009
   0.25300      0.872536E+009
   0.25400      0.871682E+009
   0.25500      0.870829E+009
   0.25600      0.869977E+009
   0.25700      0.869126E+009
   0.25800      0.868276E+009
   0.25900      0.867426E+009
   0.26000      0.866578E+009
   0.26100      0.865731E+009
   0.26200      0.864885E+009
   0.26300      0.864039E+009
   0.26400      0.863195E+009
   0.26500      0.862352E+009
   0.26600      0.861510E+009
   0.26700      0.860668E+009
   0.26800      0.859828E+009
   0.26900      0.858988E+009
   0.27000      0.858150E+009
   0.27100      0.857313E+009
   0.27200      0.856476E+009
   0.27300      0.855640E+009
   0.27400      0.854777E+009
   0.27500      0.853883E+009
   0.27600      0.852900E+009
   0.27700      0.851894E+009
   0.27800      0.850892E+009
   0.27900      0.849892E+009
   0.28000      0.848894E+009
   0.28100      0.847897E+009
   0.28200      0.846901E+009
   0.28300      0.845906E+009
   0.28400      0.844913E+009
   0.28500      0.843921E+009
   0.28600      0.842930E+009
   0.28700      0.841941E+009
   0.28800      0.840953E+009
   0.28900      0.839966E+009
   0.29000      0.838981E+009
   0.29100      0.837997E+009
   0.29200      0.837014E+009
   0.29300      0.836032E+009
   0.29400      0.835040E+009
   0.29500      0.833888E+009
   0.29600      0.832677E+009
   0.29700      0.831472E+009
   0.29800      0.830273E+009
   0.29900      0.829076E+009
   0.30000      0.827882E+009
   0.30100      0.826689E+009
   0.30200      0.825499E+009
   0.30300      0.824311E+009
   0.30400      0.823124E+009
   0.30500      0.821940E+009
   0.30600      0.820758E+009
   0.30700      0.819579E+009
   0.30800      0.818401E+009
   0.30900      0.817225E+009
   0.31000      0.816052E+009
   0.31100      0.814880E+009
   0.31200      0.813686E+009
   0.31300      0.812431E+009
   0.31400      0.811114E+009
   0.31500      0.809796E+009
   0.31600      0.808484E+009
   0.31700      0.807174E+009
   0.31800      0.805868E+009
   0.31900      0.804564E+009
   0.32000      0.803262E+009
   0.32100      0.801963E+009
   0.32200      0.800666E+009
   0.32300      0.799372E+009
   0.32400      0.798081E+009
   0.32500      0.796792E+009
   0.32600      0.795505E+009
   0.32700      0.794212E+009
   0.32800      0.792757E+009
   0.32900      0.791257E+009
   0.33000      0.789767E+009
   0.33100      0.788285E+009
   0.33200      0.786806E+009
   0.33300      0.785330E+009
   0.33400      0.783859E+009
   0.33500      0.782391E+009
   0.33600      0.780926E+009
   0.33700      0.779465E+009
   0.33800      0.778007E+009
   0.33900      0.776553E+009
   0.34000      0.775103E+009
   0.34100      0.773644E+009
   0.34200      0.772116E+009
   0.34300      0.770531E+009
   0.34400      0.768946E+009
   0.34500      0.767370E+009
   0.34600      0.765799E+009
   0.34700      0.764231E+009
   0.34800      0.762668E+009
   0.34900      0.761108E+009
   0.35000      0.759553E+009
   0.35100      0.758002E+009
   0.35200      0.756455E+009
   0.35300      0.754912E+009
   0.35400      0.753220E+009
   0.35500      0.751472E+009
   0.35600      0.749732E+009
   0.35700      0.748004E+009
   0.35800      0.746280E+009
   0.35900      0.744563E+009
   0.36000      0.742850E+009
   0.36100      0.741143E+009
   0.36200      0.739441E+009
   0.36300      0.737744E+009
   0.36400      0.736053E+009
   0.36500      0.734337E+009
   0.36600      0.732524E+009
   0.36700      0.730699E+009
   0.36800      0.728888E+009
   0.36900      0.727085E+009
   0.37000      0.725287E+009
   0.37100      0.723496E+009
   0.37200      0.721710E+009
   0.37300      0.719931E+009
   0.37400      0.718157E+009
   0.37500      0.716317E+009
   0.37600      0.714356E+009
   0.37700      0.712387E+009
   0.37800      0.710436E+009
   0.37900      0.708494E+009
   0.38000      0.706559E+009
   0.38100      0.704632E+009
   0.38200      0.702713E+009
   0.38300      0.700801E+009
   0.38400      0.698893E+009
   0.38500      0.696906E+009
   0.38600      0.694873E+009
   0.38700      0.692846E+009
   0.38800      0.690833E+009
   0.38900      0.688829E+009
   0.39000      0.686833E+009
   0.39100      0.684845E+009
   0.39200      0.682866E+009
   0.39300      0.680815E+009
   0.39400      0.678650E+009
   0.39500      0.676481E+009
   0.39600      0.674333E+009
   0.39700      0.672197E+009
   0.39800      0.670071E+009
   0.39900      0.667955E+009
   0.40000      0.665850E+009
   0.40100      0.663727E+009
   0.40200      0.661505E+009
   0.40300      0.659278E+009
   0.40400      0.657073E+009
   0.40500      0.654880E+009
   0.40600      0.652699E+009
   0.40700      0.650528E+009
   0.40800      0.648343E+009
   0.40900      0.645998E+009
   0.41000      0.643639E+009
   0.41100      0.641307E+009
   0.41200      0.638991E+009
   0.41300      0.636689E+009
   0.41400      0.634400E+009
   0.41500      0.632108E+009
   0.41600      0.629715E+009
   0.41700      0.627312E+009
   0.41800      0.624933E+009
   0.41900      0.622571E+009
   0.42000      0.620224E+009
   0.42100      0.617889E+009
   0.42200      0.615385E+009
   0.42300      0.612852E+009
   0.42400      0.610352E+009
   0.42500      0.607872E+009
   0.42600      0.605411E+009
   0.42700      0.602964E+009
   0.42800      0.600423E+009
   0.42900      0.597857E+009
   0.43000      0.595316E+009
   0.43100      0.592797E+009
   0.43200      0.590298E+009
   0.43300      0.587717E+009
   0.43400      0.585035E+009
   0.43500      0.582364E+009
   0.43600      0.579727E+009
   0.43700      0.577114E+009
   0.43800      0.574503E+009
   0.43900      0.571788E+009
   0.44000      0.569076E+009
   0.44100      0.566401E+009
   0.44200      0.563751E+009
   0.44300      0.561034E+009
   0.44400      0.558206E+009
   0.44500      0.555392E+009
   0.44600      0.552619E+009
   0.44700      0.549874E+009
   0.44800      0.547051E+009
   0.44900      0.544197E+009
   0.45000      0.541376E+009
   0.45100      0.538591E+009
   0.45200      0.535714E+009
   0.45300      0.532750E+009
   0.45400      0.529813E+009
   0.45500      0.526922E+009
   0.45600      0.524008E+009
   0.45700      0.521025E+009
   0.45800      0.518067E+009
   0.45900      0.515155E+009
   0.46000      0.512132E+009
   0.46100      0.509043E+009
   0.46200      0.505997E+009
   0.46300      0.502997E+009
   0.46400      0.499901E+009
   0.46500      0.496809E+009
   0.46600      0.493775E+009
   0.46700      0.490643E+009
   0.46800      0.487442E+009
   0.46900      0.484288E+009
   0.47000      0.481148E+009
   0.47100      0.477938E+009
   0.47200      0.474765E+009
   0.47300      0.471586E+009
   0.47400      0.468278E+009
   0.47500      0.465004E+009
   0.47600      0.461757E+009
   0.47700      0.458449E+009
   0.47800      0.455186E+009
   0.47900      0.451854E+009
   0.48000      0.448458E+009
   0.48100      0.445128E+009
   0.48200      0.441729E+009
   0.48300      0.438356E+009
   0.48400      0.434961E+009
   0.48500      0.431478E+009
   0.48600      0.428055E+009
   0.48700      0.424569E+009
   0.48800      0.421134E+009
   0.48900      0.417602E+009
   0.49000      0.414056E+009
   0.49100      0.410522E+009
   0.49200      0.406992E+009
   0.49300      0.403431E+009
   0.49400      0.399812E+009
   0.49500      0.396206E+009
   0.49600      0.392612E+009
   0.49700      0.388970E+009
   0.49800      0.385304E+009
   0.49900      0.381623E+009
   0.50000      0.378005E+009
   0.50100      0.374249E+009
   0.50200      0.370521E+009
   0.50300      0.366822E+009
   0.50400      0.363058E+009
   0.50500      0.359291E+009
   0.50600      0.355539E+009
   0.50700      0.351733E+009
   0.50800      0.347936E+009
   0.50900      0.344159E+009
   0.51000      0.340292E+009
   0.51100      0.336438E+009
   0.51200      0.332690E+009
   0.51300      0.328782E+009
   0.51400      0.324896E+009
   0.51500      0.320981E+009
   0.51600      0.317092E+009
   0.51700      0.313191E+009
   0.51800      0.309278E+009
   0.51900      0.305349E+009
   0.52000      0.301405E+009
   0.52100      0.297318E+009
   0.52200      0.293426E+009
   0.52300      0.289348E+009
   0.52400      0.285297E+009
   0.52500      0.281247E+009
   0.52600      0.276945E+009
   0.52700      0.273184E+009
   0.52800      0.268215E+009
   0.52900      0.263139E+009
   0.53000      0.256624E+009
   0.53015      0.254047E+009
   0.53015      0.248840E+009


