	0		0  
   0.10000E-02  0.356179E+007
   0.20000E-02  0.712359E+007
   0.30000E-02  0.106854E+008
   0.40000E-02  0.142472E+008
   0.50000E-02  0.178090E+008
   0.60000E-02  0.213708E+008
   0.70000E-02  0.249326E+008
   0.80000E-02  0.284943E+008
   0.90000E-02  0.320561E+008
   0.10000E-01  0.356179E+008
   0.11000E-01  0.391797E+008
   0.12000E-01  0.427415E+008
   0.13000E-01  0.463033E+008
   0.14000E-01  0.498651E+008
   0.15000E-01  0.534269E+008
   0.16000E-01  0.569887E+008
   0.17000E-01  0.605505E+008
   0.18000E-01  0.641123E+008
   0.19000E-01  0.676741E+008
   0.20000E-01  0.712359E+008
   0.21000E-01  0.747977E+008
   0.22000E-01  0.783595E+008
   0.23000E-01  0.819212E+008
   0.24000E-01  0.854830E+008
   0.25000E-01  0.890448E+008
   0.26000E-01  0.926066E+008
   0.27000E-01  0.961684E+008
   0.28000E-01  0.997302E+008
   0.29000E-01  0.103292E+009
   0.30000E-01  0.106854E+009
   0.31000E-01  0.110416E+009
   0.32000E-01  0.113977E+009
   0.33000E-01  0.117539E+009
   0.34000E-01  0.121101E+009
   0.35000E-01  0.124663E+009
   0.36000E-01  0.128225E+009
   0.37000E-01  0.131786E+009
   0.38000E-01  0.135348E+009
   0.39000E-01  0.138910E+009
   0.40000E-01  0.142472E+009
   0.41000E-01  0.146034E+009
   0.42000E-01  0.149595E+009
   0.43000E-01  0.153157E+009
   0.44000E-01  0.156719E+009
   0.45000E-01  0.160281E+009
   0.46000E-01  0.163842E+009
   0.47000E-01  0.167404E+009
   0.48000E-01  0.170966E+009
   0.49000E-01  0.174528E+009
   0.50000E-01  0.178090E+009
   0.51000E-01  0.181651E+009
   0.52000E-01  0.185213E+009
   0.53000E-01  0.188775E+009
   0.54000E-01  0.192337E+009
   0.55000E-01  0.195899E+009
   0.56000E-01  0.199460E+009
   0.57000E-01  0.203022E+009
   0.58000E-01  0.206584E+009
   0.59000E-01  0.210146E+009
   0.60000E-01  0.213708E+009
   0.61000E-01  0.217269E+009
   0.62000E-01  0.220831E+009
   0.63000E-01  0.224393E+009
   0.64000E-01  0.227955E+009
   0.65000E-01  0.231517E+009
   0.66000E-01  0.235078E+009
   0.67000E-01  0.238640E+009
   0.68000E-01  0.242202E+009
   0.69000E-01  0.245764E+009
   0.70000E-01  0.249326E+009
   0.71000E-01  0.252887E+009
   0.72000E-01  0.256449E+009
   0.73000E-01  0.260011E+009
   0.74000E-01  0.263573E+009
   0.75000E-01  0.267135E+009
   0.76000E-01  0.270696E+009
   0.77000E-01  0.274258E+009
   0.78000E-01  0.277820E+009
   0.79000E-01  0.281382E+009
   0.80000E-01  0.284943E+009
   0.81000E-01  0.288505E+009
   0.82000E-01  0.292067E+009
   0.83000E-01  0.295629E+009
   0.84000E-01  0.299191E+009
   0.85000E-01  0.302752E+009
   0.86000E-01  0.306314E+009
   0.87000E-01  0.309876E+009
   0.88000E-01  0.313438E+009
   0.89000E-01  0.317000E+009
   0.90000E-01  0.320561E+009
   0.91000E-01  0.324123E+009
   0.92000E-01  0.327685E+009
   0.93000E-01  0.331247E+009
   0.94000E-01  0.334809E+009
   0.95000E-01  0.338370E+009
   0.96000E-01  0.341932E+009
   0.97000E-01  0.345494E+009
   0.98000E-01  0.349056E+009
   0.99000E-01  0.352618E+009
   0.10000      0.356179E+009
   0.10100      0.359741E+009
   0.10200      0.363303E+009
   0.10300      0.366865E+009
   0.10400      0.370427E+009
   0.10500      0.373988E+009
   0.10600      0.377550E+009
   0.10700      0.381112E+009
   0.10800      0.384674E+009
   0.10900      0.388235E+009
   0.11000      0.391797E+009
   0.11100      0.395359E+009
   0.11200      0.398921E+009
   0.11300      0.402483E+009
   0.11400      0.406044E+009
   0.11500      0.409606E+009
   0.11600      0.413168E+009
   0.11700      0.416730E+009
   0.11800      0.420292E+009
   0.11900      0.423853E+009
   0.12000      0.427415E+009
   0.12100      0.430977E+009
   0.12200      0.434539E+009
   0.12300      0.438101E+009
   0.12400      0.441662E+009
   0.12500      0.445224E+009
   0.12600      0.448786E+009
   0.12700      0.452348E+009
   0.12800      0.455910E+009
   0.12900      0.459471E+009
   0.13000      0.463033E+009
   0.13100      0.466595E+009
   0.13200      0.470157E+009
   0.13300      0.473719E+009
   0.13400      0.477280E+009
   0.13500      0.480842E+009
   0.13600      0.484404E+009
   0.13700      0.487966E+009
   0.13800      0.491527E+009
   0.13900      0.495089E+009
   0.14000      0.498651E+009
   0.14100      0.502213E+009
   0.14200      0.505775E+009
   0.14300      0.509336E+009
   0.14400      0.512898E+009
   0.14500      0.516460E+009
   0.14600      0.520022E+009
   0.14700      0.523584E+009
   0.14800      0.527145E+009
   0.14900      0.530707E+009
   0.15000      0.534269E+009
   0.15100      0.537831E+009
   0.15200      0.541393E+009
   0.15300      0.544954E+009
   0.15400      0.548516E+009
   0.15500      0.552078E+009
   0.15600      0.555640E+009
   0.15700      0.559202E+009
   0.15800      0.562763E+009
   0.15900      0.566325E+009
   0.16000      0.569887E+009
   0.16100      0.573449E+009
   0.16200      0.577011E+009
   0.16300      0.580572E+009
   0.16400      0.584134E+009
   0.16500      0.587696E+009
   0.16600      0.591258E+009
   0.16700      0.594820E+009
   0.16800      0.598381E+009
   0.16900      0.601943E+009
   0.17000      0.605505E+009
   0.17100      0.609067E+009
   0.17200      0.612628E+009
   0.17300      0.616190E+009
   0.17400      0.619752E+009
   0.17500      0.623314E+009
   0.17600      0.626876E+009
   0.17700      0.630592E+009
   0.17800      0.634879E+009
   0.17900      0.640381E+009
   0.18000      0.646543E+009
   0.18100      0.652726E+009
   0.18200      0.658893E+009
   0.18300      0.665052E+009
   0.18400      0.671214E+009
   0.18500      0.677376E+009
   0.18600      0.683538E+009
   0.18700      0.689700E+009
   0.18800      0.695861E+009
   0.18900      0.702023E+009
   0.19000      0.708185E+009
   0.19100      0.714347E+009
   0.19200      0.720509E+009
   0.19300      0.726670E+009
   0.19400      0.732832E+009
   0.19500      0.738994E+009
   0.19600      0.745155E+009
   0.19700      0.751317E+009
   0.19800      0.757478E+009
   0.19900      0.763639E+009
   0.20000      0.769801E+009
   0.20100      0.775962E+009
   0.20200      0.782123E+009
   0.20300      0.788284E+009
   0.20400      0.794446E+009
   0.20500      0.800607E+009
   0.20600      0.806768E+009
   0.20700      0.812929E+009
   0.20800      0.819090E+009
   0.20900      0.825250E+009
   0.21000      0.831411E+009
   0.21100      0.837572E+009
   0.21200      0.843732E+009
   0.21300      0.849893E+009
   0.21400      0.856054E+009
   0.21500      0.862214E+009
   0.21600      0.868374E+009
   0.21700      0.874535E+009
   0.21800      0.880695E+009
   0.21900      0.886855E+009
   0.22000      0.895007E+009
   0.22100      0.903169E+009
   0.22200      0.910047E+009
   0.22300      0.909696E+009
   0.22400      0.909348E+009
   0.22500      0.908992E+009
   0.22600      0.908641E+009
   0.22700      0.908290E+009
   0.22800      0.907939E+009
   0.22900      0.907588E+009
   0.23000      0.907237E+009
   0.23100      0.906886E+009
   0.23200      0.906536E+009
   0.23300      0.906186E+009
   0.23400      0.905836E+009
   0.23500      0.905486E+009
   0.23600      0.905136E+009
   0.23700      0.904786E+009
   0.23800      0.904437E+009
   0.23900      0.904087E+009
   0.24000      0.903738E+009
   0.24100      0.903389E+009
   0.24200      0.903040E+009
   0.24300      0.902691E+009
   0.24400      0.902343E+009
   0.24500      0.901994E+009
   0.24600      0.901646E+009
   0.24700      0.901298E+009
   0.24800      0.900950E+009
   0.24900      0.900602E+009
   0.25000      0.900181E+009
   0.25100      0.899492E+009
   0.25200      0.898786E+009
   0.25300      0.898090E+009
   0.25400      0.897394E+009
   0.25500      0.896697E+009
   0.25600      0.896001E+009
   0.25700      0.895304E+009
   0.25800      0.894608E+009
   0.25900      0.893912E+009
   0.26000      0.893216E+009
   0.26100      0.892520E+009
   0.26200      0.891824E+009
   0.26300      0.891128E+009
   0.26400      0.890432E+009
   0.26500      0.889737E+009
   0.26600      0.889042E+009
   0.26700      0.888347E+009
   0.26800      0.887652E+009
   0.26900      0.886958E+009
   0.27000      0.886264E+009
   0.27100      0.885570E+009
   0.27200      0.884877E+009
   0.27300      0.884183E+009
   0.27400      0.883456E+009
   0.27500      0.882690E+009
   0.27600      0.881813E+009
   0.27700      0.880908E+009
   0.27800      0.880006E+009
   0.27900      0.879106E+009
   0.28000      0.878206E+009
   0.28100      0.877307E+009
   0.28200      0.876408E+009
   0.28300      0.875510E+009
   0.28400      0.874612E+009
   0.28500      0.873714E+009
   0.28600      0.872817E+009
   0.28700      0.871921E+009
   0.28800      0.871025E+009
   0.28900      0.870130E+009
   0.29000      0.869235E+009
   0.29100      0.868341E+009
   0.29200      0.867448E+009
   0.29300      0.866555E+009
   0.29400      0.865651E+009
   0.29500      0.864570E+009
   0.29600      0.863424E+009
   0.29700      0.862283E+009
   0.29800      0.861149E+009
   0.29900      0.860016E+009
   0.30000      0.858885E+009
   0.30100      0.857756E+009
   0.30200      0.856628E+009
   0.30300      0.855502E+009
   0.30400      0.854377E+009
   0.30500      0.853254E+009
   0.30600      0.852133E+009
   0.30700      0.851014E+009
   0.30800      0.849896E+009
   0.30900      0.848780E+009
   0.31000      0.847665E+009
   0.31100      0.846553E+009
   0.31200      0.845414E+009
   0.31300      0.844208E+009
   0.31400      0.842932E+009
   0.31500      0.841655E+009
   0.31600      0.840383E+009
   0.31700      0.839115E+009
   0.31800      0.837848E+009
   0.31900      0.836584E+009
   0.32000      0.835322E+009
   0.32100      0.834062E+009
   0.32200      0.832804E+009
   0.32300      0.831549E+009
   0.32400      0.830296E+009
   0.32500      0.829045E+009
   0.32600      0.827796E+009
   0.32700      0.826539E+009
   0.32800      0.825101E+009
   0.32900      0.823613E+009
   0.33000      0.822136E+009
   0.33100      0.820666E+009
   0.33200      0.819200E+009
   0.33300      0.817737E+009
   0.33400      0.816277E+009
   0.33500      0.814820E+009
   0.33600      0.813367E+009
   0.33700      0.811917E+009
   0.33800      0.810471E+009
   0.33900      0.809027E+009
   0.34000      0.807587E+009
   0.34100      0.806138E+009
   0.34200      0.804611E+009
   0.34300      0.803020E+009
   0.34400      0.801429E+009
   0.34500      0.799847E+009
   0.34600      0.798270E+009
   0.34700      0.796696E+009
   0.34800      0.795126E+009
   0.34900      0.793560E+009
   0.35000      0.791998E+009
   0.35100      0.790440E+009
   0.35200      0.788886E+009
   0.35300      0.787336E+009
   0.35400      0.785622E+009
   0.35500      0.783844E+009
   0.35600      0.782076E+009
   0.35700      0.780319E+009
   0.35800      0.778567E+009
   0.35900      0.776821E+009
   0.36000      0.775080E+009
   0.36100      0.773344E+009
   0.36200      0.771614E+009
   0.36300      0.769889E+009
   0.36400      0.768170E+009
   0.36500      0.766422E+009
   0.36600      0.764567E+009
   0.36700      0.762699E+009
   0.36800      0.760845E+009
   0.36900      0.758999E+009
   0.37000      0.757158E+009
   0.37100      0.755324E+009
   0.37200      0.753496E+009
   0.37300      0.751674E+009
   0.37400      0.749859E+009
   0.37500      0.747969E+009
   0.37600      0.745946E+009
   0.37700      0.743913E+009
   0.37800      0.741899E+009
   0.37900      0.739895E+009
   0.38000      0.737898E+009
   0.38100      0.735910E+009
   0.38200      0.733929E+009
   0.38300      0.731956E+009
   0.38400      0.729987E+009
   0.38500      0.727930E+009
   0.38600      0.725821E+009
   0.38700      0.723720E+009
   0.38800      0.721633E+009
   0.38900      0.719555E+009
   0.39000      0.717485E+009
   0.39100      0.715425E+009
   0.39200      0.713373E+009
   0.39300      0.711241E+009
   0.39400      0.708983E+009
   0.39500      0.706722E+009
   0.39600      0.704482E+009
   0.39700      0.702255E+009
   0.39800      0.700038E+009
   0.39900      0.697833E+009
   0.40000      0.695638E+009
   0.40100      0.693423E+009
   0.40200      0.691100E+009
   0.40300      0.688769E+009
   0.40400      0.686463E+009
   0.40500      0.684169E+009
   0.40600      0.681888E+009
   0.40700      0.679618E+009
   0.40800      0.677331E+009
   0.40900      0.674869E+009
   0.41000      0.672389E+009
   0.41100      0.669940E+009
   0.41200      0.667508E+009
   0.41300      0.665091E+009
   0.41400      0.662688E+009
   0.41500      0.660281E+009
   0.41600      0.657761E+009
   0.41700      0.655231E+009
   0.41800      0.652727E+009
   0.41900      0.650241E+009
   0.42000      0.647771E+009
   0.42100      0.645314E+009
   0.42200      0.642671E+009
   0.42300      0.639996E+009
   0.42400      0.637355E+009
   0.42500      0.634738E+009
   0.42600      0.632139E+009
   0.42700      0.629556E+009
   0.42800      0.626870E+009
   0.42900      0.624156E+009
   0.43000      0.621468E+009
   0.43100      0.618805E+009
   0.43200      0.616163E+009
   0.43300      0.613431E+009
   0.43400      0.610587E+009
   0.43500      0.607756E+009
   0.43600      0.604961E+009
   0.43700      0.602191E+009
   0.43800      0.599425E+009
   0.43900      0.596543E+009
   0.44000      0.593664E+009
   0.44100      0.590826E+009
   0.44200      0.588015E+009
   0.44300      0.585130E+009
   0.44400      0.582122E+009
   0.44500      0.579130E+009
   0.44600      0.576182E+009
   0.44700      0.573266E+009
   0.44800      0.570263E+009
   0.44900      0.567226E+009
   0.45000      0.564224E+009
   0.45100      0.561262E+009
   0.45200      0.558200E+009
   0.45300      0.555040E+009
   0.45400      0.551911E+009
   0.45500      0.548832E+009
   0.45600      0.545727E+009
   0.45700      0.542546E+009
   0.45800      0.539394E+009
   0.45900      0.536291E+009
   0.46000      0.533066E+009
   0.46100      0.529768E+009
   0.46200      0.526518E+009
   0.46300      0.523318E+009
   0.46400      0.520012E+009
   0.46500      0.516711E+009
   0.46600      0.513473E+009
   0.46700      0.510129E+009
   0.46800      0.506707E+009
   0.46900      0.503338E+009
   0.47000      0.499984E+009
   0.47100      0.496553E+009
   0.47200      0.493163E+009
   0.47300      0.489766E+009
   0.47400      0.486228E+009
   0.47500      0.482728E+009
   0.47600      0.479255E+009
   0.47700      0.475718E+009
   0.47800      0.472229E+009
   0.47900      0.468666E+009
   0.48000      0.465031E+009
   0.48100      0.461470E+009
   0.48200      0.457833E+009
   0.48300      0.454224E+009
   0.48400      0.450592E+009
   0.48500      0.446864E+009
   0.48600      0.443201E+009
   0.48700      0.439470E+009
   0.48800      0.435796E+009
   0.48900      0.432014E+009
   0.49000      0.428219E+009
   0.49100      0.424436E+009
   0.49200      0.420658E+009
   0.49300      0.416847E+009
   0.49400      0.412972E+009
   0.49500      0.409113E+009
   0.49600      0.405266E+009
   0.49700      0.401369E+009
   0.49800      0.397444E+009
   0.49900      0.393505E+009
   0.50000      0.389634E+009
   0.50100      0.385614E+009
   0.50200      0.381624E+009
   0.50300      0.377666E+009
   0.50400      0.373639E+009
   0.50500      0.369608E+009
   0.50600      0.365595E+009
   0.50700      0.361523E+009
   0.50800      0.357461E+009
   0.50900      0.353422E+009
   0.51000      0.349286E+009
   0.51100      0.345164E+009
   0.51200      0.341159E+009
   0.51300      0.336980E+009
   0.51400      0.332825E+009
   0.51500      0.328640E+009
   0.51600      0.324483E+009
   0.51700      0.320315E+009
   0.51800      0.316133E+009
   0.51900      0.311935E+009
   0.52000      0.307725E+009
   0.52100      0.303361E+009
   0.52200      0.299219E+009
   0.52300      0.294878E+009
   0.52400      0.290572E+009
   0.52500      0.286270E+009
   0.52600      0.281694E+009
   0.52700      0.277715E+009
   0.52800      0.272423E+009
   0.52900      0.267024E+009
   0.53000      0.260071E+009
   0.53015      0.257393E+009
   0.53015      0.251762E+009


