
          

               
         0		0            
   0.20000E-02  0.192177E+008
   0.40000E-02  0.384354E+008
   0.60000E-02  0.576530E+008
   0.80000E-02  0.768707E+008
   0.10000E-01  0.960884E+008
   0.12000E-01  0.115306E+009
   0.14000E-01  0.134524E+009
   0.16000E-01  0.153741E+009
   0.18000E-01  0.172959E+009
   0.20000E-01  0.192177E+009
   0.22000E-01  0.211394E+009
   0.24000E-01  0.230612E+009
   0.26000E-01  0.249830E+009
   0.28000E-01  0.269047E+009
   0.30000E-01  0.288265E+009
   0.32000E-01  0.307483E+009
   0.34000E-01  0.326701E+009
   0.36000E-01  0.345918E+009
   0.38000E-01  0.365136E+009
   0.40000E-01  0.384354E+009

          

               
                     
   0.42000E-01  0.403571E+009
   0.44000E-01  0.422789E+009
   0.46000E-01  0.442007E+009
   0.48000E-01  0.461224E+009
   0.50000E-01  0.480442E+009
   0.52000E-01  0.499660E+009
   0.54000E-01  0.518877E+009
   0.56000E-01  0.538095E+009
   0.58000E-01  0.557313E+009
   0.60000E-01  0.576530E+009
   0.62000E-01  0.595748E+009
   0.64000E-01  0.614966E+009
   0.66000E-01  0.634183E+009
   0.68000E-01  0.653401E+009
   0.70000E-01  0.672619E+009
   0.72000E-01  0.691836E+009
   0.74000E-01  0.711054E+009
   0.76000E-01  0.730272E+009
   0.78000E-01  0.749489E+009
   0.80000E-01  0.768707E+009

          

               
                     
   0.82000E-01  0.787925E+009
   0.84000E-01  0.807143E+009
   0.86000E-01  0.826360E+009
   0.88000E-01  0.845578E+009
   0.90000E-01  0.864796E+009
   0.92000E-01  0.884013E+009
   0.94000E-01  0.905237E+009
   0.96000E-01  0.899134E+009
   0.98000E-01  0.893124E+009
   0.10000      0.887343E+009
   0.10200      0.881655E+009
   0.10400      0.876002E+009
   0.10600      0.870364E+009
   0.10800      0.864757E+009
   0.11000      0.859189E+009
   0.11200      0.853661E+009
   0.11400      0.848170E+009
   0.11600      0.842717E+009
   0.11800      0.837302E+009
   0.12000      0.831924E+009

          

               
                     
   0.12200      0.826584E+009
   0.12400      0.821281E+009
   0.12600      0.816015E+009
   0.12800      0.810787E+009
   0.13000      0.805596E+009
   0.13200      0.800441E+009
   0.13400      0.794541E+009
   0.13600      0.788292E+009
   0.13800      0.780768E+009
   0.14000      0.773156E+009
   0.14200      0.765802E+009
   0.14400      0.758588E+009
   0.14600      0.751462E+009
   0.14800      0.744411E+009
   0.15000      0.737438E+009
   0.15200      0.730543E+009
   0.15400      0.723732E+009
   0.15600      0.716998E+009
   0.15800      0.710342E+009
   0.16000      0.703760E+009

          

               
                     
   0.16200      0.697253E+009
   0.16400      0.690818E+009
   0.16600      0.684457E+009
   0.16800      0.678165E+009
   0.17000      0.671944E+009
   0.17200      0.665792E+009
   0.17400      0.659459E+009
   0.17600      0.650857E+009
   0.17800      0.642272E+009
   0.18000      0.633788E+009
   0.18200      0.625485E+009
   0.18400      0.617327E+009
   0.18600      0.609296E+009
   0.18800      0.601408E+009
   0.19000      0.593645E+009
   0.19200      0.586026E+009
   0.19400      0.578534E+009
   0.19600      0.571156E+009
   0.19800      0.563403E+009
   0.20000      0.554866E+009

          

               
                     
   0.20200      0.545897E+009
   0.20400      0.537101E+009
   0.20600      0.528646E+009
   0.20800      0.520433E+009
   0.21000      0.512387E+009
   0.21200      0.504511E+009
   0.21400      0.496812E+009
   0.21600      0.489294E+009
   0.21800      0.481921E+009
   0.22000      0.474715E+009
   0.22200      0.467653E+009
   0.22400      0.460202E+009
   0.22600      0.451671E+009
   0.22800      0.442806E+009
   0.23000      0.434351E+009
   0.23200      0.426263E+009
   0.23400      0.418585E+009
   0.23600      0.411071E+009
   0.23800      0.403743E+009
   0.24000      0.396603E+009

          

               
                     
   0.24200      0.389569E+009
   0.24400      0.382253E+009
   0.24600      0.374390E+009
   0.24800      0.366513E+009
   0.25000      0.359012E+009
   0.25200      0.351818E+009
   0.25400      0.344982E+009
   0.25600      0.338346E+009
   0.25800      0.331869E+009
   0.26000      0.325592E+009
   0.26200      0.319492E+009
   0.26400      0.313565E+009
   0.26600      0.306642E+009
   0.26800      0.299677E+009
   0.27000      0.292944E+009
   0.27200      0.286484E+009
   0.27400      0.280301E+009
   0.27600      0.274322E+009
   0.27800      0.268584E+009
   0.28000      0.263050E+009

          

               
                     
   0.28200      0.257393E+009
   0.28400      0.251367E+009
   0.28600      0.245227E+009
   0.28800      0.239473E+009
   0.29000      0.234080E+009
   0.29200      0.228923E+009
   0.29400      0.223941E+009
   0.29600      0.219140E+009
   0.29800      0.214503E+009
   0.30000      0.210021E+009
   0.30200      0.204984E+009
   0.30400      0.199829E+009
   0.30600      0.194801E+009
   0.30800      0.190068E+009
   0.31000      0.185543E+009
   0.31200      0.181313E+009
   0.31400      0.177244E+009
   0.31600      0.173219E+009
   0.31800      0.168867E+009
   0.32000      0.164591E+009

          

               
                     
   0.32200      0.160500E+009
   0.32400      0.156578E+009
   0.32600      0.152895E+009
   0.32800      0.149334E+009
   0.33000      0.145977E+009
   0.33200      0.142725E+009
   0.33400      0.139580E+009
   0.33600      0.136163E+009
   0.33800      0.132648E+009
   0.34000      0.129223E+009
   0.34200      0.125975E+009
   0.34400      0.122884E+009
   0.34600      0.119998E+009
   0.34800      0.117213E+009
   0.35000      0.114469E+009
   0.35200      0.111646E+009
   0.35400      0.108734E+009
   0.35600      0.105900E+009
   0.35800      0.103254E+009
   0.36000      0.100782E+009

          

               
                     
   0.36200      0.984231E+008
   0.36400      0.961348E+008
   0.36600      0.939576E+008
   0.36800      0.918383E+008
   0.37000      0.894698E+008
   0.37200      0.870826E+008
   0.37400      0.847824E+008
   0.37600      0.826384E+008
   0.37800      0.806402E+008
   0.38000      0.787159E+008
   0.38200      0.768417E+008
   0.38400      0.748439E+008
   0.38600      0.728935E+008
   0.38800      0.709809E+008
   0.39000      0.691972E+008
   0.39200      0.674731E+008
   0.39400      0.658845E+008
   0.39600      0.643504E+008
   0.39800      0.628685E+008
   0.40000      0.614003E+008

          

               
                     
   0.40200      0.596848E+008
   0.40400      0.580988E+008
   0.40600      0.566030E+008
   0.40800      0.551858E+008
   0.41000      0.538234E+008
   0.41200      0.525397E+008
   0.41400      0.512763E+008
   0.41600      0.499146E+008
   0.41800      0.485868E+008
   0.42000      0.473315E+008
   0.42200      0.461405E+008
   0.42400      0.450316E+008
   0.42600      0.439722E+008
   0.42800      0.429458E+008
   0.43000      0.419588E+008
   0.43200      0.409128E+008
   0.43400      0.398203E+008
   0.43600      0.387452E+008
   0.43800      0.377423E+008
   0.44000      0.368125E+008

          

               
                     
   0.44200      0.359301E+008
   0.44400      0.350762E+008
   0.44600      0.342204E+008
   0.44800      0.333123E+008
   0.45000      0.324281E+008
   0.45200      0.315880E+008
   0.45400      0.308049E+008
   0.45600      0.300763E+008
   0.45800      0.293713E+008
   0.46000      0.286957E+008
   0.46200      0.280203E+008
   0.46400      0.272534E+008
   0.46600      0.265143E+008
   0.46800      0.258221E+008
   0.47000      0.251803E+008
   0.47200      0.245749E+008
   0.47400      0.239953E+008
   0.47600      0.234083E+008
   0.47800      0.227804E+008
   0.48000      0.221790E+008

          

               
                     
   0.48200      0.216107E+008
   0.48400      0.210740E+008
   0.48600      0.205774E+008
   0.48800      0.201004E+008
   0.49000      0.196358E+008
   0.49200      0.191847E+008
   0.49400      0.187084E+008
   0.49600      0.182087E+008
   0.49800      0.177206E+008
   0.50000      0.172720E+008
   0.50200      0.168559E+008
   0.50400      0.164553E+008
   0.50600      0.160732E+008
   0.50800      0.156711E+008
   0.51000      0.152757E+008
   0.51200      0.148794E+008
   0.51400      0.145062E+008
   0.51600      0.141590E+008
   0.51800      0.138295E+008
   0.52000      0.135138E+008

          

               
                     
   0.52200      0.132076E+008
   0.52400      0.129107E+008
   0.52600      0.125987E+008
   0.52800      0.122686E+008
   0.53000      0.119531E+008
   0.53200      0.116612E+008
   0.53400      0.113774E+008
   0.53600      0.111172E+008
   0.53800      0.108616E+008
   0.54000      0.106038E+008
   0.54200      0.103323E+008
   0.54400      0.100691E+008
   0.54600      0.981830E+007
   0.54800      0.958826E+007
   0.55000      0.936954E+007
   0.55200      0.915506E+007
   0.55400      0.895315E+007
   0.55600      0.875614E+007
   0.55800      0.854762E+007
   0.56000      0.832387E+007

          

               
                     
   0.56200      0.811301E+007
   0.56400      0.791093E+007
   0.56600      0.772847E+007
   0.56800      0.755144E+007
   0.57000      0.738283E+007
   0.57200      0.721192E+007
   0.57400      0.703089E+007
   0.57600      0.685424E+007
   0.57800      0.668757E+007
   0.58000      0.653536E+007
   0.58200      0.639196E+007
   0.58400      0.625165E+007
   0.58600      0.611513E+007
   0.58800      0.598343E+007
   0.59000      0.584680E+007
   0.59200      0.569681E+007
   0.59400      0.555828E+007
   0.59600      0.542835E+007
   0.59800      0.530568E+007
   0.60000      0.518735E+007

          

               
                     
   0.60200      0.507447E+007
   0.60400      0.495751E+007
   0.60600      0.484455E+007
   0.60800      0.472713E+007
   0.61000      0.461755E+007
   0.61200      0.451838E+007
   0.61400      0.442103E+007
   0.61600      0.432675E+007
   0.61800      0.423710E+007
   0.62000      0.415002E+007
   0.62200      0.405809E+007
   0.62400      0.395957E+007
   0.62600      0.386659E+007
   0.62800      0.378191E+007
   0.63000      0.369890E+007
   0.63200      0.362127E+007
   0.63400      0.354571E+007
   0.63600      0.346860E+007
   0.63800      0.338912E+007
   0.64000      0.331246E+007

          

               
                     
   0.64200      0.324223E+007
   0.64400      0.317610E+007
   0.64600      0.311161E+007
   0.64800      0.305034E+007
   0.65000      0.299110E+007
   0.65200      0.293256E+007
   0.65400      0.286547E+007
   0.65600      0.280246E+007
   0.65800      0.274349E+007
   0.66000      0.268812E+007
   0.66200      0.263565E+007
   0.66400      0.258503E+007
   0.66600      0.253613E+007
   0.66800      0.248571E+007
   0.67000      0.243099E+007
   0.67200      0.238162E+007
   0.67400      0.233503E+007
   0.67600      0.229290E+007
   0.67800      0.225178E+007
   0.68000      0.221141E+007

          

               
                     
   0.68200      0.217260E+007
   0.68400      0.213484E+007
   0.68600      0.209313E+007
   0.68800      0.205246E+007
   0.69000      0.201324E+007
   0.69200      0.197718E+007
   0.69400      0.194228E+007
   0.69600      0.190924E+007
   0.69800      0.187753E+007
   0.70000      0.184375E+007
   0.70200      0.181143E+007
   0.70400      0.177822E+007
   0.70600      0.174788E+007
   0.70800      0.171897E+007
   0.71000      0.169192E+007
   0.71200      0.166634E+007
   0.71400      0.164129E+007
   0.71600      0.161678E+007
   0.71690      0.160542E+007
   0.71780      0.159273E+007

          

               
                     
   0.71915      0.157267E+007
   0.72115      0.154739E+007
   0.72315      0.152473E+007
   0.72515      0.150032E+007
   0.72715      0.147603E+007
   0.72915      0.145801E+007
   0.73115      0.143642E+007
   0.73315      0.141592E+007
   0.73515      0.139781E+007
   0.73715      0.137274E+007
   0.73915      0.135344E+007
   0.74115      0.133402E+007
   0.74315      0.131926E+007
   0.74515      0.130314E+007
   0.74715      0.128721E+007
   0.74915      0.127460E+007
   0.75115      0.125446E+007
   0.75315      0.123414E+007
   0.75515      0.122031E+007
   0.75715      0.120280E+007

          

               
                     
   0.75915      0.119297E+007
   0.76115      0.117991E+007
   0.76315      0.117045E+007
   0.76515      0.115094E+007
   0.76715      0.113898E+007
   0.76915      0.112764E+007
   0.77115      0.111517E+007
   0.77315      0.110550E+007
   0.77515      0.109311E+007
   0.77715      0.108302E+007
   0.77915      0.107268E+007
   0.78115      0.106314E+007
   0.78124      0.106052E+007
    1.0000      0.103682E+007

