
         


   
         0		0           
   0.20000E-02  -868140.     
   0.40000E-02 -0.173628E+007
   0.60000E-02 -0.260442E+007
   0.80000E-02 -0.347256E+007
   0.10000E-01 -0.434070E+007
   0.12000E-01 -0.520884E+007
   0.14000E-01 -0.607698E+007
   0.16000E-01 -0.694512E+007
   0.18000E-01 -0.781326E+007
   0.20000E-01 -0.868140E+007
   0.22000E-01 -0.954954E+007
   0.24000E-01 -0.104177E+008
   0.26000E-01 -0.112858E+008
   0.28000E-01 -0.121540E+008
   0.30000E-01 -0.130221E+008
   0.32000E-01 -0.138902E+008
   0.34000E-01 -0.147584E+008
   0.36000E-01 -0.156265E+008
   0.38000E-01 -0.164947E+008
   0.40000E-01 -0.173628E+008

         


   
                    
   0.42000E-01 -0.182309E+008
   0.44000E-01 -0.190991E+008
   0.46000E-01 -0.199672E+008
   0.48000E-01 -0.208354E+008
   0.50000E-01 -0.217035E+008
   0.52000E-01 -0.225716E+008
   0.54000E-01 -0.234398E+008
   0.56000E-01 -0.243079E+008
   0.58000E-01 -0.251761E+008
   0.60000E-01 -0.260442E+008
   0.62000E-01 -0.269124E+008
   0.64000E-01 -0.277805E+008
   0.66000E-01 -0.286486E+008
   0.68000E-01 -0.295168E+008
   0.70000E-01 -0.303849E+008
   0.72000E-01 -0.312531E+008
   0.74000E-01 -0.321212E+008
   0.76000E-01 -0.329893E+008
   0.78000E-01 -0.338575E+008
   0.80000E-01 -0.347256E+008

         


   
                    
   0.82000E-01 -0.355938E+008
   0.84000E-01 -0.364619E+008
   0.86000E-01 -0.373300E+008
   0.88000E-01 -0.381982E+008
   0.90000E-01 -0.390663E+008
   0.92000E-01 -0.399345E+008
   0.94000E-01 -0.406977E+008
   0.96000E-01 -0.399451E+008
   0.98000E-01 -0.392546E+008
   0.10000     -0.386038E+008
   0.10200     -0.379401E+008
   0.10400     -0.373349E+008
   0.10600     -0.367670E+008
   0.10800     -0.362315E+008
   0.11000     -0.357209E+008
   0.11200     -0.352330E+008
   0.11400     -0.347661E+008
   0.11600     -0.343189E+008
   0.11800     -0.338895E+008
   0.12000     -0.334764E+008

         


   
                    
   0.12200     -0.330785E+008
   0.12400     -0.326945E+008
   0.12600     -0.323234E+008
   0.12800     -0.319643E+008
   0.13000     -0.316163E+008
   0.13200     -0.312788E+008
   0.13400     -0.308546E+008
   0.13600     -0.306557E+008
   0.13800     -0.303242E+008
   0.14000     -0.299532E+008
   0.14200     -0.295976E+008
   0.14400     -0.292648E+008
   0.14600     -0.289146E+008
   0.14800     -0.285767E+008
   0.15000     -0.282477E+008
   0.15200     -0.279231E+008
   0.15400     -0.276051E+008
   0.15600     -0.272911E+008
   0.15800     -0.269837E+008
   0.16000     -0.266805E+008

         


   
                    
   0.16200     -0.263835E+008
   0.16400     -0.260906E+008
   0.16600     -0.258033E+008
   0.16800     -0.255202E+008
   0.17000     -0.252422E+008
   0.17200     -0.249684E+008
   0.17400     -0.246852E+008
   0.17600     -0.241377E+008
   0.17800     -0.237553E+008
   0.18000     -0.233451E+008
   0.18200     -0.229157E+008
   0.18400     -0.224860E+008
   0.18600     -0.220656E+008
   0.18800     -0.216597E+008
   0.19000     -0.212572E+008
   0.19200     -0.208703E+008
   0.19400     -0.204869E+008
   0.19600     -0.201133E+008
   0.19800     -0.197448E+008
   0.20000     -0.193467E+008

         


   
                    
   0.20200     -0.189284E+008
   0.20400     -0.185222E+008
   0.20600     -0.181314E+008
   0.20800     -0.177602E+008
   0.21000     -0.173983E+008
   0.21200     -0.170451E+008
   0.21400     -0.167027E+008
   0.21600     -0.163798E+008
   0.21800     -0.160639E+008
   0.22000     -0.157594E+008
   0.22200     -0.154599E+008
   0.22400     -0.151649E+008
   0.22600     -0.148311E+008
   0.22800     -0.144908E+008
   0.23000     -0.141820E+008
   0.23200     -0.138596E+008
   0.23400     -0.135663E+008
   0.23600     -0.132558E+008
   0.23800     -0.129647E+008
   0.24000     -0.126850E+008

         


   
                    
   0.24200     -0.124140E+008
   0.24400     -0.121500E+008
   0.24600     -0.118742E+008
   0.24800     -0.116076E+008
   0.25000     -0.113614E+008
   0.25200     -0.111056E+008
   0.25400     -0.108616E+008
   0.25600     -0.106350E+008
   0.25800     -0.104131E+008
   0.26000     -0.102002E+008
   0.26200     -0.998860E+007
   0.26400     -0.978363E+007
   0.26600     -0.951607E+007
   0.26800     -0.930684E+007
   0.27000     -0.912003E+007
   0.27200     -0.892029E+007
   0.27400     -0.871439E+007
   0.27600     -0.851370E+007
   0.27800     -0.832305E+007
   0.28000     -0.814088E+007

         


   
                    
   0.28200     -0.793718E+007
   0.28400     -0.777665E+007
   0.28600     -0.759441E+007
   0.28800     -0.742497E+007
   0.29000     -0.727011E+007
   0.29200     -0.710125E+007
   0.29400     -0.693857E+007
   0.29600     -0.678724E+007
   0.29800     -0.664185E+007
   0.30000     -0.649774E+007
   0.30200     -0.634634E+007
   0.30400     -0.619399E+007
   0.30600     -0.604905E+007
   0.30800     -0.591589E+007
   0.31000     -0.577386E+007
   0.31200     -0.556610E+007
   0.31400     -0.536822E+007
   0.31600     -0.517591E+007
   0.31800     -0.497201E+007
   0.32000     -0.477524E+007

         


   
                    
   0.32200     -0.459046E+007
   0.32400     -0.441658E+007
   0.32600     -0.425604E+007
   0.32800     -0.410375E+007
   0.33000     -0.396247E+007
   0.33200     -0.382779E+007
   0.33400     -0.369955E+007
   0.33600     -0.356264E+007
   0.33800     -0.342380E+007
   0.34000     -0.329067E+007
   0.34200     -0.316663E+007
   0.34400     -0.305067E+007
   0.34600     -0.294416E+007
   0.34800     -0.284307E+007
   0.35000     -0.274495E+007
   0.35200     -0.264528E+007
   0.35400     -0.254397E+007
   0.35600     -0.244693E+007
   0.35800     -0.235780E+007
   0.36000     -0.227579E+007

         


   
                    
   0.36200     -0.219860E+007
   0.36400     -0.212482E+007
   0.36600     -0.205554E+007
   0.36800     -0.198897E+007
   0.37000     -0.191545E+007
   0.37200     -0.184239E+007
   0.37400     -0.177301E+007
   0.37600     -0.170928E+007
   0.37800     -0.165067E+007
   0.38000     -0.159507E+007
   0.38200     -0.154159E+007
   0.38400     -0.148531E+007
   0.38600     -0.143088E+007
   0.38800     -0.137828E+007
   0.39000     -0.132987E+007
   0.39200     -0.128376E+007
   0.39400     -0.124179E+007
   0.39600     -0.120174E+007
   0.39800     -0.116348E+007
   0.40000     -0.112604E+007

         


   
                    
   0.40200     -0.108269E+007
   0.40400     -0.104300E+007
   0.40600     -0.100610E+007
   0.40800      -971615.     
   0.41000      -938873.     
   0.41200      -908369.     
   0.41400      -878658.     
   0.41600      -846931.     
   0.41800      -816336.     
   0.42000      -787746.     
   0.42200      -760951.     
   0.42400      -736289.     
   0.42600      -713014.     
   0.42800      -690684.     
   0.43000      -669408.     
   0.43200      -647064.     
   0.43400      -623892.     
   0.43600      -601368.     
   0.43800      -580597.     
   0.44000      -561559.     

         


   
                    
   0.44200      -543688.     
   0.44400      -526558.     
   0.44600      -509528.     
   0.44800      -491630.     
   0.45000      -474354.     
   0.45200      -458105.     
   0.45400      -443141.     
   0.45600      -429357.     
   0.45800      -416147.     
   0.46000      -403602.     
   0.46200      -391175.     
   0.46400      -377128.     
   0.46600      -363720.     
   0.46800      -351299.     
   0.47000      -339908.     
   0.47200      -329273.     
   0.47400      -319181.     
   0.47600      -309055.     
   0.47800      -298270.     
   0.48000      -288021.     

         


   
                    
   0.48200      -278436.     
   0.48400      -269484.     
   0.48600      -261284.     
   0.48800      -253485.     
   0.49000      -245946.     
   0.49200      -238678.     
   0.49400      -231041.     
   0.49600      -223093.     
   0.49800      -215385.     
   0.50000      -208369.     
   0.50200      -201927.     
   0.50400      -195792.     
   0.50600      -189983.     
   0.50800      -183906.     
   0.51000      -177957.     
   0.51200      -172046.     
   0.51400      -166532.     
   0.51600      -161453.     
   0.51800      -156673.     
   0.52000      -152128.     

         


   
                    
   0.52200      -147752.     
   0.52400      -143539.     
   0.52600      -139135.     
   0.52800      -134491.     
   0.53000      -130090.     
   0.53200      -126053.     
   0.53400      -122170.     
   0.53600      -118638.     
   0.53800      -115191.     
   0.54000      -111740.     
   0.54200      -108114.     
   0.54400      -104623.     
   0.54600      -101326.     
   0.54800      -98330.6     
   0.55000      -95506.6     
   0.55200      -92755.7     
   0.55400      -90186.0     
   0.55600      -87693.8     
   0.55800      -85063.7     
   0.56000      -82254.9     

         


   
                    
   0.56200      -79623.6     
   0.56400      -77123.9     
   0.56600      -74888.8     
   0.56800      -72736.3     
   0.57000      -70702.2     
   0.57200      -68649.2     
   0.57400      -66479.7     
   0.57600      -64377.3     
   0.57800      -62409.8     
   0.58000      -60630.5     
   0.58200      -58968.2     
   0.58400      -57350.3     
   0.58600      -55784.7     
   0.58800      -54284.1     
   0.59000      -52731.7     
   0.59200      -51031.3     
   0.59400      -49471.5     
   0.59600      -48021.5     
   0.59800      -46662.9     
   0.60000      -45361.7     

         


   
                    
   0.60200      -44128.8     
   0.60400      -42855.6     
   0.60600      -41632.5     
   0.60800      -40364.8     
   0.61000      -39191.0     
   0.61200      -38140.5     
   0.61400      -37113.9     
   0.61600      -36124.8     
   0.61800      -35191.0     
   0.62000      -34288.6     
   0.62200      -33337.1     
   0.62400      -32318.9     
   0.62600      -31363.4     
   0.62800      -30502.8     
   0.63000      -29662.5     
   0.63200      -28882.9     
   0.63400      -28128.2     
   0.63600      -27361.1     
   0.63800      -26571.0     
   0.64000      -25813.4     

         


   
                    
   0.64200      -25126.0     
   0.64400      -24484.0     
   0.64600      -23859.6     
   0.64800      -23270.6     
   0.65000      -22703.9     
   0.65200      -22146.3     
   0.65400      -21503.3     
   0.65600      -20904.6     
   0.65800      -20348.8     
   0.66000      -19829.7     
   0.66200      -19341.4     
   0.66400      -18872.7     
   0.66600      -18422.7     
   0.66800      -17959.2     
   0.67000      -17452.5     
   0.67200      -17001.6     
   0.67400      -16578.3     
   0.67600      -16199.9     
   0.67800      -15831.7     
   0.68000      -15470.9     

         


   
                    
   0.68200      -15125.9     
   0.68400      -14791.4     
   0.68600      -14419.8     
   0.68800      -14059.6     
   0.69000      -13713.9     
   0.69200      -13398.1     
   0.69400      -13093.7     
   0.69600      -12807.7     
   0.69800      -12534.6     
   0.70000      -12241.6     
   0.70200      -11964.4     
   0.70400      -11676.7     
   0.70600      -11417.9     
   0.70800      -11171.9     
   0.71000      -10943.1     
   0.71200      -10728.5     
   0.71400      -10518.7     
   0.71600      -10313.6     
   0.71690      -10218.5     
   0.71780      -10110.4     

         


   
                    
   0.71915      -9938.69     
   0.72115      -9727.31     
   0.72315      -9543.04     
   0.72515      -9337.29     
   0.72715      -9130.61     
   0.72915      -8988.66     
   0.73115      -8808.64     
   0.73315      -8641.75     
   0.73515      -8499.02     
   0.73715      -8282.39     
   0.73915      -8124.77     
   0.74115      -7962.12     
   0.74315      -7847.52     
   0.74515      -7716.97     
   0.74715      -7587.48     
   0.74915      -7493.39     
   0.75115      -7324.39     
   0.75315      -7146.59     
   0.75515      -7041.54     
   0.75715      -6889.65     

         


   
                    
   0.75915      -6798.42     
   0.76115      -6715.44     
   0.76315      -6628.30     
   0.76515      -6474.63     
   0.76715      -6380.26     
   0.76915      -6293.15     
   0.77115      -6189.55     
   0.77315      -6117.01     
   0.77515      -6010.07     
   0.77715      -5928.97     
   0.77915      -5842.94     
   0.78115      -5767.68     
   0.78124      -5737.39     
    1.0000      -2720.61     

