
          


     
        0		0            
   0.20000E-02   560264.     
   0.40000E-02  0.112053E+007
   0.60000E-02  0.168079E+007
   0.80000E-02  0.224106E+007
   0.10000E-01  0.280132E+007
   0.12000E-01  0.336159E+007
   0.14000E-01  0.392185E+007
   0.16000E-01  0.448211E+007
   0.18000E-01  0.504238E+007
   0.20000E-01  0.560264E+007
   0.22000E-01  0.616291E+007
   0.24000E-01  0.672317E+007
   0.26000E-01  0.728344E+007
   0.28000E-01  0.784370E+007
   0.30000E-01  0.840396E+007
   0.32000E-01  0.896423E+007
   0.34000E-01  0.952449E+007
   0.36000E-01  0.100848E+008
   0.38000E-01  0.106450E+008
   0.40000E-01  0.112053E+008

          


     
                    
   0.42000E-01  0.117655E+008
   0.44000E-01  0.123258E+008
   0.46000E-01  0.128861E+008
   0.48000E-01  0.134463E+008
   0.50000E-01  0.140066E+008
   0.52000E-01  0.145669E+008
   0.54000E-01  0.151271E+008
   0.56000E-01  0.156874E+008
   0.58000E-01  0.162477E+008
   0.60000E-01  0.168079E+008
   0.62000E-01  0.173682E+008
   0.64000E-01  0.179285E+008
   0.66000E-01  0.184887E+008
   0.68000E-01  0.190490E+008
   0.70000E-01  0.196092E+008
   0.72000E-01  0.201695E+008
   0.74000E-01  0.207298E+008
   0.76000E-01  0.212900E+008
   0.78000E-01  0.218503E+008
   0.80000E-01  0.224106E+008

          


     
                    
   0.82000E-01  0.229708E+008
   0.84000E-01  0.235311E+008
   0.86000E-01  0.240914E+008
   0.88000E-01  0.246516E+008
   0.90000E-01  0.252119E+008
   0.92000E-01  0.257722E+008
   0.94000E-01  0.263797E+008
   0.96000E-01  0.256530E+008
   0.98000E-01  0.249572E+008
   0.10000      0.244460E+008
   0.10200      0.241888E+008
   0.10400      0.238724E+008
   0.10600      0.235385E+008
   0.10800      0.232008E+008
   0.11000      0.228825E+008
   0.11200      0.225819E+008
   0.11400      0.222949E+008
   0.11600      0.220185E+008
   0.11800      0.217519E+008
   0.12000      0.214948E+008

          


     
                    
   0.12200      0.212467E+008
   0.12400      0.210067E+008
   0.12600      0.207745E+008
   0.12800      0.205494E+008
   0.13000      0.203310E+008
   0.13200      0.201191E+008
   0.13400      0.201025E+008
   0.13600      0.192121E+008
   0.13800      0.180222E+008
   0.14000      0.168996E+008
   0.14200      0.158632E+008
   0.14400      0.148151E+008
   0.14600      0.138728E+008
   0.14800      0.129154E+008
   0.15000      0.119545E+008
   0.15200      0.110125E+008
   0.15400      0.100808E+008
   0.15600      0.916784E+007
   0.15800      0.826147E+007
   0.16000      0.737030E+007

          


     
                    
   0.16200      0.648517E+007
   0.16400      0.561396E+007
   0.16600      0.474914E+007
   0.16800      0.389651E+007
   0.17000      0.305038E+007
   0.17200      0.221481E+007
   0.17400      0.129627E+007
   0.17600      -178212.     
   0.17800     -0.213207E+007
   0.18000     -0.394493E+007
   0.18200     -0.559055E+007
   0.18400     -0.714859E+007
   0.18600     -0.866684E+007
   0.18800     -0.101489E+008
   0.19000     -0.115697E+008
   0.19200     -0.129655E+008
   0.19400     -0.142980E+008
   0.19600     -0.156094E+008
   0.19800     -0.169427E+008
   0.20000     -0.183840E+008

          


     
                    
   0.20200     -0.198856E+008
   0.20400     -0.213543E+008
   0.20600     -0.227141E+008
   0.20800     -0.240305E+008
   0.21000     -0.253086E+008
   0.21200     -0.265402E+008
   0.21400     -0.277331E+008
   0.21600     -0.286719E+008
   0.21800     -0.295803E+008
   0.22000     -0.304582E+008
   0.22200     -0.312863E+008
   0.22400     -0.321724E+008
   0.22600     -0.330526E+008
   0.22800     -0.338183E+008
   0.23000     -0.346340E+008
   0.23200     -0.353770E+008
   0.23400     -0.361353E+008
   0.23600     -0.368190E+008
   0.23800     -0.375029E+008
   0.24000     -0.381683E+008

          


     
                    
   0.24200     -0.388225E+008
   0.24400     -0.394788E+008
   0.24600     -0.397920E+008
   0.24800     -0.398567E+008
   0.25000     -0.400109E+008
   0.25200     -0.401375E+008
   0.25400     -0.402972E+008
   0.25600     -0.404647E+008
   0.25800     -0.405621E+008
   0.26000     -0.406625E+008
   0.26200     -0.407302E+008
   0.26400     -0.408412E+008
   0.26600     -0.409407E+008
   0.26800     -0.409993E+008
   0.27000     -0.410005E+008
   0.27200     -0.410280E+008
   0.27400     -0.411021E+008
   0.27600     -0.411347E+008
   0.27800     -0.411347E+008
   0.28000     -0.411545E+008

          


     
                    
   0.28200     -0.412169E+008
   0.28400     -0.413645E+008
   0.28600     -0.410086E+008
   0.28800     -0.407506E+008
   0.29000     -0.406711E+008
   0.29200     -0.406581E+008
   0.29400     -0.406127E+008
   0.29600     -0.405621E+008
   0.29800     -0.404962E+008
   0.30000     -0.404563E+008
   0.30200     -0.405143E+008
   0.30400     -0.404287E+008
   0.30600     -0.401240E+008
   0.30800     -0.398793E+008
   0.31000     -0.397379E+008
   0.31200     -0.394903E+008
   0.31400     -0.391722E+008
   0.31600     -0.388230E+008
   0.31800     -0.384860E+008
   0.32000     -0.379780E+008

          


     
                    
   0.32200     -0.374096E+008
   0.32400     -0.374333E+008
   0.32600     -0.378264E+008
   0.32800     -0.383886E+008
   0.33000     -0.387231E+008
   0.33200     -0.390759E+008
   0.33400     -0.394268E+008
   0.33600     -0.400081E+008
   0.33800     -0.403534E+008
   0.34000     -0.406511E+008
   0.34200     -0.409042E+008
   0.34400     -0.412772E+008
   0.34600     -0.414295E+008
   0.34800     -0.417827E+008
   0.35000     -0.421242E+008
   0.35200     -0.422729E+008
   0.35400     -0.425071E+008
   0.35600     -0.428513E+008
   0.35800     -0.431563E+008
   0.36000     -0.433099E+008

          


     
                    
   0.36200     -0.433871E+008
   0.36400     -0.436455E+008
   0.36600     -0.437922E+008
   0.36800     -0.439213E+008
   0.37000     -0.440311E+008
   0.37200     -0.441973E+008
   0.37400     -0.444288E+008
   0.37600     -0.445312E+008
   0.37800     -0.444004E+008
   0.38000     -0.446296E+008
   0.38200     -0.448045E+008
   0.38400     -0.451910E+008
   0.38600     -0.449397E+008
   0.38800     -0.450090E+008
   0.39000     -0.448627E+008
   0.39200     -0.451685E+008
   0.39400     -0.451881E+008
   0.39600     -0.452101E+008
   0.39800     -0.452459E+008
   0.40000     -0.454471E+008

          


     
                    
   0.40200     -0.457104E+008
   0.40400     -0.453375E+008
   0.40600     -0.451364E+008
   0.40800     -0.451490E+008
   0.41000     -0.452739E+008
   0.41200     -0.453357E+008
   0.41400     -0.452884E+008
   0.41600     -0.452765E+008
   0.41800     -0.452130E+008
   0.42000     -0.450066E+008
   0.42200     -0.449955E+008
   0.42400     -0.448279E+008
   0.42600     -0.449738E+008
   0.42800     -0.450727E+008
   0.43000     -0.450249E+008
   0.43200     -0.450459E+008
   0.43400     -0.447522E+008
   0.43600     -0.447252E+008
   0.43800     -0.447206E+008
   0.44000     -0.446380E+008

          


     
                    
   0.44200     -0.446140E+008
   0.44400     -0.445373E+008
   0.44600     -0.442479E+008
   0.44800     -0.443121E+008
   0.45000     -0.441778E+008
   0.45200     -0.440586E+008
   0.45400     -0.440781E+008
   0.45600     -0.438418E+008
   0.45800     -0.437390E+008
   0.46000     -0.435881E+008
   0.46200     -0.436306E+008
   0.46400     -0.435452E+008
   0.46600     -0.433511E+008
   0.46800     -0.432192E+008
   0.47000     -0.430883E+008
   0.47200     -0.429817E+008
   0.47400     -0.428399E+008
   0.47600     -0.430267E+008
   0.47800     -0.428915E+008
   0.48000     -0.424257E+008

          


     
                    
   0.48200     -0.419792E+008
   0.48400     -0.418418E+008
   0.48600     -0.415705E+008
   0.48800     -0.416856E+008
   0.49000     -0.417733E+008
   0.49200     -0.417143E+008
   0.49400     -0.413570E+008
   0.49600     -0.413280E+008
   0.49800     -0.412741E+008
   0.50000     -0.408980E+008
   0.50200     -0.404092E+008
   0.50400     -0.407347E+008
   0.50600     -0.405998E+008
   0.50800     -0.407910E+008
   0.51000     -0.401589E+008
   0.51200     -0.399904E+008
   0.51400     -0.399030E+008
   0.51600     -0.397387E+008
   0.51800     -0.396335E+008
   0.52000     -0.394423E+008

          


     
                    
   0.52200     -0.392727E+008
   0.52400     -0.391471E+008
   0.52600     -0.391276E+008
   0.52800     -0.389512E+008
   0.53000     -0.386162E+008
   0.53200     -0.380101E+008
   0.53400     -0.384233E+008
   0.53600     -0.381043E+008
   0.53800     -0.379753E+008
   0.54000     -0.381365E+008
   0.54200     -0.379820E+008
   0.54400     -0.375738E+008
   0.54600     -0.374741E+008
   0.54800     -0.371027E+008
   0.55000     -0.367558E+008
   0.55200     -0.368644E+008
   0.55400     -0.366881E+008
   0.55600     -0.365395E+008
   0.55800     -0.363086E+008
   0.56000     -0.364598E+008

          


     
                    
   0.56200     -0.360791E+008
   0.56400     -0.360614E+008
   0.56600     -0.355629E+008
   0.56800     -0.354107E+008
   0.57000     -0.351160E+008
   0.57200     -0.350354E+008
   0.57400     -0.348217E+008
   0.57600     -0.346759E+008
   0.57800     -0.346912E+008
   0.58000     -0.344037E+008
   0.58200     -0.339670E+008
   0.58400     -0.339497E+008
   0.58600     -0.340051E+008
   0.58800     -0.338728E+008
   0.59000     -0.335012E+008
   0.59200     -0.338089E+008
   0.59400     -0.333494E+008
   0.59600     -0.327293E+008
   0.59800     -0.325738E+008
   0.60000     -0.326574E+008

          


     
                    
   0.60200     -0.326641E+008
   0.60400     -0.328591E+008
   0.60600     -0.320616E+008
   0.60800     -0.320565E+008
   0.61000     -0.318702E+008
   0.61200     -0.314432E+008
   0.61400     -0.314107E+008
   0.61600     -0.314914E+008
   0.61800     -0.313092E+008
   0.62000     -0.311160E+008
   0.62200     -0.308928E+008
   0.62400     -0.310574E+008
   0.62600     -0.307717E+008
   0.62800     -0.300901E+008
   0.63000     -0.301881E+008
   0.63200     -0.301366E+008
   0.63400     -0.301189E+008
   0.63600     -0.298496E+008
   0.63800     -0.296292E+008
   0.64000     -0.294395E+008

          


     
                    
   0.64200     -0.291789E+008
   0.64400     -0.287808E+008
   0.64600     -0.289068E+008
   0.64800     -0.288309E+008
   0.65000     -0.286900E+008
   0.65200     -0.286509E+008
   0.65400     -0.285997E+008
   0.65600     -0.281354E+008
   0.65800     -0.275940E+008
   0.66000     -0.277441E+008
   0.66200     -0.276663E+008
   0.66400     -0.275317E+008
   0.66600     -0.271820E+008
   0.66800     -0.269939E+008
   0.67000     -0.272598E+008
   0.67200     -0.268101E+008
   0.67400     -0.267250E+008
   0.67600     -0.265025E+008
   0.67800     -0.263712E+008
   0.68000     -0.263568E+008

          


     
                    
   0.68200     -0.261893E+008
   0.68400     -0.260698E+008
   0.68600     -0.261420E+008
   0.68800     -0.257432E+008
   0.69000     -0.254489E+008
   0.69200     -0.253423E+008
   0.69400     -0.253179E+008
   0.69600     -0.251222E+008
   0.69800     -0.248648E+008
   0.70000     -0.249315E+008
   0.70200     -0.245219E+008
   0.70400     -0.246996E+008
   0.70600     -0.243264E+008
   0.70800     -0.242162E+008
   0.71000     -0.242320E+008
   0.71200     -0.239681E+008
   0.71400     -0.237647E+008
   0.71600     -0.236414E+008
   0.71690     -0.236238E+008
   0.71780     -0.238825E+008

          


     
                    
   0.71915     -0.243755E+008
   0.72115     -0.236486E+008
   0.72315     -0.220789E+008
   0.72515     -0.225867E+008
   0.72715     -0.239796E+008
   0.72915     -0.224173E+008
   0.73115     -0.229121E+008
   0.73315     -0.222979E+008
   0.73515     -0.199897E+008
   0.73715     -0.222581E+008
   0.73915     -0.218510E+008
   0.74115     -0.229292E+008
   0.74315     -0.216340E+008
   0.74515     -0.215978E+008
   0.74715     -0.216773E+008
   0.74915     -0.195308E+008
   0.75115     -0.206807E+008
   0.75315     -0.232770E+008
   0.75515     -0.207635E+008
   0.75715     -0.231773E+008

          


     
                    
   0.75915     -0.196902E+008
   0.76115     -0.204352E+008
   0.76315     -0.169405E+008
   0.76515     -0.217863E+008
   0.76715     -0.206958E+008
   0.76915     -0.189087E+008
   0.77115     -0.195004E+008
   0.77315     -0.177889E+008
   0.77515     -0.197330E+008
   0.77715     -0.194847E+008
   0.77915     -0.201958E+008
   0.78115     -0.199339E+008
   0.78124     -0.220282E+008
    1.0000      0.275134E+008

