	0	    0    
   0.10000E-02   49.8929     
   0.20000E-02   99.7858     
   0.30000E-02   149.679     
   0.40000E-02   199.572     
   0.50000E-02   249.465     
   0.60000E-02   299.358     
   0.70000E-02   349.250     
   0.80000E-02   399.143     
   0.90000E-02   449.036     
   0.10000E-01   498.929     
   0.11000E-01   548.822     
   0.12000E-01   598.715     
   0.13000E-01   648.608     
   0.14000E-01   698.501     
   0.15000E-01   748.394     
   0.16000E-01   798.287     
   0.17000E-01   848.180     
   0.18000E-01   898.073     
   0.19000E-01   947.966     
   0.20000E-01   997.858     
    
   0.21000E-01   1047.75     
   0.22000E-01   1097.64     
   0.23000E-01   1147.54     
   0.24000E-01   1197.43     
   0.25000E-01   1247.32     
   0.26000E-01   1297.22     
   0.27000E-01   1347.11     
   0.28000E-01   1397.00     
   0.29000E-01   1446.89     
   0.30000E-01   1496.79     
   0.31000E-01   1546.68     
   0.32000E-01   1596.57     
   0.33000E-01   1646.47     
   0.34000E-01   1696.36     
   0.35000E-01   1746.25     
   0.36000E-01   1796.15     
   0.37000E-01   1846.04     
   0.38000E-01   1895.93     
   0.39000E-01   1945.82     
   0.40000E-01   1995.72     
    
   0.41000E-01   2045.61     
   0.42000E-01   2095.50     
   0.43000E-01   2145.39     
   0.44000E-01   2195.04     
   0.45000E-01   2244.69     
   0.46000E-01   2294.33     
   0.47000E-01   2343.98     
   0.48000E-01   2393.53     
   0.49000E-01   2442.79     
   0.50000E-01   2492.02     
   0.51000E-01   2541.25     
   0.52000E-01   2590.50     
   0.53000E-01   2639.74     
   0.54000E-01   2688.99     
   0.55000E-01   2738.23     
   0.56000E-01   2787.47     
   0.57000E-01   2836.72     
   0.58000E-01   2885.96     
   0.59000E-01   2935.20     
   0.60000E-01   2984.44     
    
   0.61000E-01   3033.69     
   0.62000E-01   3082.93     
   0.63000E-01   3132.17     
   0.64000E-01   3181.22     
   0.65000E-01   3230.21     
   0.66000E-01   3279.20     
   0.67000E-01   3328.19     
   0.68000E-01   3377.18     
   0.69000E-01   3426.17     
   0.70000E-01   3475.09     
   0.71000E-01   3523.98     
   0.72000E-01   3572.87     
   0.73000E-01   3621.76     
   0.74000E-01   3670.64     
   0.75000E-01   3719.49     
   0.76000E-01   3768.23     
   0.77000E-01   3816.77     
   0.78000E-01   3865.27     
   0.79000E-01   3913.51     
   0.80000E-01   3961.66     
    
   0.81000E-01   4009.61     
   0.82000E-01   4057.21     
   0.83000E-01   4104.76     
   0.84000E-01   4152.33     
   0.85000E-01   4199.93     
   0.86000E-01   4247.53     
   0.87000E-01   4295.12     
   0.88000E-01   4342.72     
   0.89000E-01   4390.18     
   0.90000E-01   4437.41     
   0.91000E-01   4484.65     
   0.92000E-01   4531.91     
   0.93000E-01   4579.17     
   0.94000E-01   4626.37     
   0.95000E-01   4673.47     
   0.96000E-01   4720.32     
   0.97000E-01   4767.14     
   0.98000E-01   4813.59     
   0.99000E-01   4859.82     
   0.10000       4905.42     
    
   0.10100       4951.01     
   0.10200       4996.52     
   0.10300       5042.09     
   0.10400       5087.65     
   0.10500       5133.24     
   0.10600       5178.65     
   0.10700       5223.80     
   0.10800       5268.99     
   0.10900       5314.15     
   0.11000       5359.26     
   0.11100       5404.28     
   0.11200       5448.96     
   0.11300       5493.43     
   0.11400       5537.52     
   0.11500       5580.94     
   0.11600       5624.20     
   0.11700       5667.33     
   0.11800       5710.59     
   0.11900       5753.81     
   0.12000       5796.99     
    
   0.12100       5839.82     
   0.12200       5882.59     
   0.12300       5925.39     
   0.12400       5968.11     
   0.12500       6010.51     
   0.12600       6052.76     
   0.12700       6094.36     
   0.12800       6135.20     
   0.12900       6175.88     
   0.13000       6216.40     
   0.13100       6257.07     
   0.13200       6297.72     
   0.13300       6338.10     
   0.13400       6378.22     
   0.13500       6418.46     
   0.13600       6458.54     
   0.13700       6498.30     
   0.13800       6537.80     
   0.13900       6576.73     
   0.14000       6614.58     
    
   0.14100       6652.27     
   0.14200       6690.06     
   0.14300       6727.92     
   0.14400       6765.62     
   0.14500       6803.01     
   0.14600       6840.43     
   0.14700       6877.75     
   0.14800       6914.64     
   0.14900       6951.23     
   0.15000       6986.98     
   0.15100       7021.77     
   0.15200       7056.60     
   0.15300       7091.47     
   0.15400       7126.48     
   0.15500       7161.03     
   0.15600       7195.40     
   0.15700       7229.92     
   0.15800       7264.06     
   0.15900       7297.78     
   0.16000       7330.66     
    
   0.16100       7362.33     
   0.16200       7394.17     
   0.16300       7425.99     
   0.16400       7457.92     
   0.16500       7489.47     
   0.16600       7520.91     
   0.16700       7552.48     
   0.16800       7583.50     
   0.16900       7613.82     
   0.17000       7643.16     
   0.17100       7671.47     
   0.17200       7700.46     
   0.17300       7729.38     
   0.17400       7758.09     
   0.17500       7786.53     
   0.17600       7815.20     
   0.17700       7843.25     
   0.17800       7870.75     
   0.17900       7897.11     
   0.18000       7922.44     
    
   0.18100       7948.40     
   0.18200       7974.38     
   0.18300       8000.09     
   0.18400       8025.65     
   0.18500       8051.25     
   0.18600       8076.42     
   0.18700       8100.68     
   0.18800       8123.52     
   0.18900       8145.74     
   0.19000       8168.95     
   0.19100       8191.70     
   0.19200       8214.55     
   0.19300       8237.44     
   0.19400       8259.83     
   0.19500       8281.34     
   0.19600       8301.40     
   0.19700       8320.79     
   0.19800       8341.04     
   0.19900       8360.93     
   0.20000       8380.96     
    
   0.20100       8400.99     
   0.20200       8420.49     
   0.20300       8438.60     
   0.20400       8455.50     
   0.20500       8472.38     
   0.20600       8489.84     
   0.20700       8506.99     
   0.20800       8524.19     
   0.20900       8541.08     
   0.21000       8557.32     
   0.21100       8571.85     
   0.21200       8585.42     
   0.21300       8600.12     
   0.21400       8614.35     
   0.21500       8629.00     
   0.21600       8643.19     
   0.21700       8656.74     
   0.21800       8668.55     
   0.21900       8679.32     
   0.22000       8691.51     
    
   0.22100       8703.05     
   0.22200       8715.04     
   0.22300       8726.57     
   0.22400       8737.39     
   0.22500       8746.09     
   0.22600       8754.31     
   0.22700       8763.68     
   0.22800       8772.87     
   0.22900       8782.39     
   0.23000       8791.43     
   0.23100       8798.44     
   0.23200       8804.34     
   0.23300       8811.09     
   0.23400       8817.98     
   0.23500       8825.15     
   0.23600       8832.11     
   0.23700       8838.43     
   0.23800       8842.59     
   0.23900       8846.31     
   0.24000       8851.34     
    
   0.24100       8856.26     
   0.24200       8861.55     
   0.24300       8866.31     
   0.24400       8869.40     
   0.24500       8870.98     
   0.24600       8873.91     
   0.24700       8876.91     
   0.24800       8880.70     
   0.24900       8883.94     
   0.25000       8885.48     
   0.25100       8885.92     
   0.25200       8886.76     
   0.25300       8888.27     
   0.25400       8890.12     
   0.25500       8892.01     
   0.25600       8893.36     
   0.25700       8892.84     
   0.25800       8891.04     
   0.25900       8891.30     
   0.26000       8891.60     
    
   0.26100       8892.23     
   0.26200       8892.64     
   0.26300       8891.28     
   0.26400       8888.09     
   0.26500       8886.67     
   0.26600       8885.58     
   0.26700       8884.91     
   0.26800       8884.08     
   0.26900       8881.69     
   0.27000       8877.14     
   0.27100       8874.42     
   0.27200       8872.16     
   0.27300       8870.41     
   0.27400       8868.49     
   0.27500       8865.05     
   0.27600       8859.78     
   0.27700       8855.23     
   0.27800       8851.46     
   0.27900       8848.84     
   0.28000       8845.84     
    
   0.28100       8841.08     
   0.28200       8834.94     
   0.28300       8828.99     
   0.28400       8824.10     
   0.28500       8820.49     
   0.28600       8816.53     
   0.28700       8811.06     
   0.28800       8803.66     
   0.28900       8796.67     
   0.29000       8790.69     
   0.29100       8786.02     
   0.29200       8781.28     
   0.29300       8774.68     
   0.29400       8766.64     
   0.29500       8758.80     
   0.29600       8751.86     
   0.29700       8746.71     
   0.29800       8741.31     
   0.29900       8734.03     
   0.30000       8725.21     
    
   0.30100       8716.73     
   0.30200       8709.21     
   0.30300       8703.39     
   0.30400       8697.55     
   0.30500       8689.97     
   0.30600       8681.11     
   0.30700       8671.96     
   0.30800       8663.98     
   0.30900       8657.85     
   0.31000       8651.70     
   0.31100       8644.01     
   0.31200       8635.38     
   0.31300       8625.47     
   0.31400       8617.46     
   0.31500       8610.62     
   0.31600       8603.98     
   0.31700       8597.44     
   0.31800       8588.92     
   0.31900       8578.55     
   0.32000       8570.50     
    
   0.32100       8563.02     
   0.32200       8556.07     
   0.32300       8549.13     
   0.32400       8542.04     
   0.32500       8531.18     
   0.32600       8523.03     
   0.32700       8515.55     
   0.32800       8508.46     
   0.32900       8501.54     
   0.33000       8493.85     
   0.33100       8484.01     
   0.33200       8474.28     
   0.33300       8465.81     
   0.33400       8459.10     
   0.33500       8452.45     
   0.33600       8444.05     
   0.33700       8435.23     
   0.33800       8424.23     
   0.33900       8415.54     
   0.34000       8407.67     
    
   0.34100       8399.93     
   0.34200       8392.35     
   0.34300       8383.90     
   0.34400       8371.58     
   0.34500       8362.52     
   0.34600       8353.93     
   0.34700       8345.50     
   0.34800       8336.95     
   0.34900       8328.68     
   0.35000       8315.58     
   0.35100       8305.88     
   0.35200       8296.60     
   0.35300       8287.41     
   0.35400       8278.18     
   0.35500       8269.59     
   0.35600       8255.64     
   0.35700       8245.22     
   0.35800       8235.67     
   0.35900       8226.13     
   0.36000       8217.66     
    
   0.36100       8204.52     
   0.36200       8191.43     
   0.36300       8180.51     
   0.36400       8170.73     
   0.36500       8161.42     
   0.36600       8151.76     
   0.36700       8137.20     
   0.36800       8124.81     
   0.36900       8113.03     
   0.37000       8102.81     
   0.37100       8092.39     
   0.37200       8083.61     
   0.37300       8067.25     
   0.37400       8055.64     
   0.37500       8045.00     
   0.37600       8034.38     
   0.37700       8023.84     
   0.37800       8012.66     
   0.37900       7997.02     
   0.38000       7985.04     
    
   0.38100       7973.37     
   0.38200       7962.08     
   0.38300       7951.68     
   0.38400       7942.61     
   0.38500       7925.96     
   0.38600       7914.33     
   0.38700       7903.16     
   0.38800       7892.09     
   0.38900       7880.86     
   0.39000       7871.40     
   0.39100       7855.31     
   0.39200       7843.70     
   0.39300       7832.36     
   0.39400       7820.84     
   0.39500       7810.47     
   0.39600       7801.64     
   0.39700       7784.74     
   0.39800       7773.11     
   0.39900       7761.58     
   0.40000       7749.93     
    
   0.40100       7739.83     
   0.40200       7730.81     
   0.40300       7713.87     
   0.40400       7702.09     
   0.40500       7690.21     
   0.40600       7678.63     
   0.40700       7668.49     
   0.40800       7659.50     
   0.40900       7642.23     
   0.41000       7630.20     
   0.41100       7618.51     
   0.41200       7606.35     
   0.41300       7596.44     
   0.41400       7586.78     
   0.41500       7569.57     
   0.41600       7557.17     
   0.41700       7545.38     
   0.41800       7533.47     
   0.41900       7519.88     
   0.42000       7505.56     
    
   0.42100       7495.82     
   0.42200       7484.46     
   0.42300       7473.47     
   0.42400       7462.66     
   0.42500       7449.93     
   0.42600       7438.79     
   0.42700       7421.91     
   0.42800       7409.37     
   0.42900       7397.56     
   0.43000       7385.93     
   0.43100       7370.97     
   0.43200       7358.93     
   0.43300       7347.98     
   0.43400       7337.56     
   0.43500       7325.91     
   0.43600       7315.21     
   0.43700       7302.97     
   0.43800       7294.17     
   0.43900       7276.23     
   0.44000       7264.64     
    
   0.44100       7252.66     
   0.44200       7240.95     
   0.44300       7231.93     
   0.44400       7222.49     
   0.44500       7206.53     
   0.44600       7195.25     
   0.44700       7183.94     
   0.44800       7172.28     
   0.44900       7163.68     
   0.45000       7154.20     
   0.45100       7139.84     
   0.45200       7127.93     
   0.45300       7115.61     
   0.45400       7106.80     
   0.45500       7098.45     
   0.45600       7086.54     
   0.45700       7074.05     
   0.45800       7061.01     
   0.45900       7051.55     
   0.46000       7042.56     
    
   0.46100       7033.22     
   0.46200       7022.57     
   0.46300       7017.48     
   0.46400       6998.49     
   0.46500       6988.21     
   0.46600       6979.20     
   0.46700       6968.10     
   0.46800       6956.57     
   0.46900       6942.82     
   0.47000       6933.05     
   0.47100       6922.70     
   0.47200       6911.78     
   0.47300       6902.28     
   0.47400       6891.59     
   0.47500       6882.05     
   0.47600       6870.16     
   0.47700       6856.53     
   0.47800       6847.01     
   0.47900       6838.28     
   0.48000       6827.59     
    
   0.48100       6817.33     
   0.48200       6807.41     
   0.48300       6790.60     
   0.48400       6778.89     
   0.48500       6767.14     
   0.48600       6753.75     
   0.48700       6748.04     
   0.48800       6733.89     
   0.48900       6718.25     
   0.49000       6707.95     
   0.49100       6698.85     
   0.49200       6686.41     
   0.49300       6674.27     
   0.49400       6658.83     
   0.49500       6646.17     
   0.49600       6630.46     
   0.49700       6624.36     
   0.49800       6611.08     
   0.49900       6598.08     
   0.50000       6582.73     
    
   0.50100       6569.01     
   0.50200       6555.83     
   0.50300       6543.40     
   0.50400       6534.01     
   0.50500       6523.36     
   0.50600       6504.68     
   0.50700       6490.51     
   0.50800       6476.32     
   0.50900       6460.91     
   0.51000       6452.83     
   0.51100       6436.86     
   0.51200       6420.83     
   0.51300       6409.21     
   0.51400       6402.10     
   0.51500       6385.05     
   0.51600       6371.07     
   0.51700       6356.28     
   0.51800       6341.47     
   0.51900       6328.33     
   0.52000       6314.26     
    
   0.52100       6304.81     
   0.52200       6294.01     
   0.52300       6277.29     
   0.52400       6263.07     
   0.52500       6246.22     
   0.52600       6244.11     
   0.52700       6224.86     
   0.52800       6210.55     
   0.52900       6191.98     
   0.53000       6184.17     
   0.53100       6172.77     
   0.53200       6163.33     
   0.53300       6147.24     
   0.53400       6135.09     
   0.53500       6117.56     
   0.53600       6102.82     
   0.53700       6089.48     
   0.53800       6078.13     
   0.53900       6066.13     
   0.54000       6048.83     
    
   0.54100       6038.11     
   0.54200       6027.28     
   0.54300       6014.82     
   0.54400       6001.84     
   0.54500       5980.53     
   0.54501       5996.02     
    

