	0	    0  
   0.20000E-02   100.885     
   0.40000E-02   201.769     
   0.60000E-02   302.654     
   0.80000E-02   403.538     
   0.10000E-01   504.423     
   0.12000E-01   605.307     
   0.14000E-01   706.192     
   0.16000E-01   807.076     
   0.18000E-01   907.961     
   0.20000E-01   1008.85     
   0.22000E-01   1109.73     
   0.24000E-01   1210.61     
   0.26000E-01   1311.50     
   0.28000E-01   1412.38     
   0.30000E-01   1513.27     
   0.32000E-01   1614.15     
   0.34000E-01   1715.04     
   0.36000E-01   1815.92     
   0.38000E-01   1916.81     
   0.40000E-01   2017.69     
  
   0.42000E-01   2118.58     
   0.44000E-01   2219.46     
   0.46000E-01   2320.34     
   0.48000E-01   2421.23     
   0.50000E-01   2522.11     
   0.52000E-01   2623.00     
   0.54000E-01   2723.88     
   0.56000E-01   2824.77     
   0.58000E-01   2925.65     
   0.60000E-01   3026.08     
   0.62000E-01   3125.91     
   0.64000E-01   3224.92     
   0.66000E-01   3322.66     
   0.68000E-01   3420.27     
   0.70000E-01   3517.93     
   0.72000E-01   3615.63     
   0.74000E-01   3713.32     
   0.76000E-01   3811.00     
   0.78000E-01   3908.69     
   0.80000E-01   4006.37     
  
   0.82000E-01   4104.06     
   0.84000E-01   4201.74     
   0.86000E-01   4298.92     
   0.88000E-01   4395.47     
   0.90000E-01   4492.02     
   0.92000E-01   4588.58     
   0.94000E-01   4685.14     
   0.96000E-01   4781.06     
   0.98000E-01   4875.90     
   0.10000       4970.65     
   0.10200       5065.47     
   0.10400       5160.31     
   0.10600       5253.66     
   0.10800       5344.26     
   0.11000       5433.66     
   0.11200       5523.17     
   0.11400       5612.82     
   0.11600       5702.53     
   0.11800       5792.24     
   0.12000       5881.78     
  
   0.12200       5970.15     
   0.12400       6058.30     
   0.12600       6146.59     
   0.12800       6233.03     
   0.13000       6319.02     
   0.13200       6405.18     
   0.13400       6490.51     
   0.13600       6572.49     
   0.13800       6652.24     
   0.14000       6732.02     
   0.14200       6812.14     
   0.14400       6892.43     
   0.14600       6972.60     
   0.14800       7051.43     
   0.15000       7130.03     
   0.15200       7207.60     
   0.15400       7284.03     
   0.15600       7360.40     
   0.15800       7436.05     
   0.16000       7507.60     
  
   0.16200       7576.71     
   0.16400       7646.08     
   0.16600       7716.04     
   0.16800       7786.36     
   0.17000       7855.47     
   0.17200       7923.97     
   0.17400       7991.40     
   0.17600       8057.64     
   0.17800       8123.95     
   0.18000       8188.97     
   0.18200       8248.80     
   0.18400       8306.93     
   0.18600       8366.05     
   0.18800       8426.11     
   0.19000       8485.68     
   0.19200       8544.28     
   0.19400       8601.82     
   0.19600       8658.05     
   0.19800       8714.41     
   0.20000       8768.69     
  
   0.20200       8817.86     
   0.20400       8865.76     
   0.20600       8915.04     
   0.20800       8965.48     
   0.21000       9014.73     
   0.21200       9062.94     
   0.21400       9109.72     
   0.21600       9156.27     
   0.21800       9201.62     
   0.22000       9238.88     
   0.22200       9278.38     
   0.22400       9318.88     
   0.22600       9359.40     
   0.22800       9399.20     
   0.23000       9437.33     
   0.23200       9474.55     
   0.23400       9511.92     
   0.23600       9544.12     
   0.23800       9572.27     
   0.24000       9602.13     
  
   0.24200       9633.64     
   0.24400       9664.94     
   0.24600       9694.39     
   0.24800       9722.98     
   0.25000       9751.64     
   0.25200       9770.97     
   0.25400       9792.84     
   0.25600       9815.86     
   0.25800       9839.19     
   0.26000       9862.38     
   0.26200       9883.36     
   0.26400       9903.94     
   0.26600       9922.96     
   0.26800       9935.16     
   0.27000       9947.86     
   0.27200       9963.08     
   0.27400       9979.12     
   0.27600       9994.11     
   0.27800       10008.2     
   0.28000       10022.9     
  
   0.28200       10028.2     
   0.28400       10036.4     
   0.28600       10045.9     
   0.28800       10056.9     
   0.29000       10067.3     
   0.29200       10076.3     
   0.29400       10085.4     
   0.29600       10092.3     
   0.29800       10092.5     
   0.30000       10094.8     
   0.30200       10100.0     
   0.30400       10106.1     
   0.30600       10110.9     
   0.30800       10115.1     
   0.31000       10119.2     
   0.31200       10115.9     
   0.31400       10112.8     
   0.31600       10113.7     
   0.31800       10115.6     
   0.32000       10116.7     
  
   0.32200       10117.3     
   0.32400       10118.3     
   0.32600       10108.9     
   0.32800       10105.6     
   0.33000       10104.3     
   0.33200       10103.2     
   0.33400       10101.5     
   0.33600       10099.1     
   0.33800       10098.0     
   0.34000       10088.4     
   0.34200       10081.6     
   0.34400       10077.4     
   0.34600       10074.5     
   0.34800       10071.2     
   0.35000       10067.5     
   0.35200       10063.7     
   0.35400       10060.2     
   0.35600       10049.3     
   0.35800       10039.9     
   0.36000       10035.0     
  
   0.36200       10031.2     
   0.36400       10025.8     
   0.36600       10020.2     
   0.36800       10016.1     
   0.37000       10002.0     
   0.37200       9993.36     
   0.37400       9986.69     
   0.37600       9980.70     
   0.37800       9974.49     
   0.38000       9967.23     
   0.38200       9961.21     
   0.38400       9954.09     
   0.38600       9938.63     
   0.38800       9927.66     
   0.39000       9920.69     
   0.39200       9913.69     
   0.39400       9905.42     
   0.39600       9896.75     
   0.39800       9889.87     
   0.40000       9871.86     
  
   0.40200       9861.55     
   0.40400       9853.19     
   0.40600       9845.08     
   0.40800       9836.57     
   0.41000       9827.18     
   0.41200       9819.61     
   0.41400       9811.41     
   0.41600       9794.94     
   0.41800       9782.48     
   0.42000       9773.24     
   0.42200       9765.50     
   0.42400       9757.65     
   0.42600       9748.39     
   0.42800       9741.88     
   0.43000       9733.35     
   0.43200       9717.49     
   0.43400       9705.94     
   0.43600       9697.25     
   0.43800       9690.07     
   0.44000       9682.79     
  
   0.44200       9674.09     
   0.44400       9668.11     
   0.44600       9660.53     
   0.44800       9645.94     
   0.45000       9634.37     
   0.45200       9625.94     
   0.45400       9619.06     
   0.45600       9612.25     
   0.45800       9603.69     
   0.46000       9597.50     
   0.46200       9590.55     
   0.46400       9576.37     
   0.46600       9564.30     
   0.46800       9555.85     
   0.47000       9548.88     
   0.47200       9541.72     
   0.47400       9532.31     
   0.47600       9525.78     
   0.47800       9517.88     
   0.48000       9502.57     
  
   0.48200       9490.30     
   0.48400       9480.92     
   0.48600       9473.12     
   0.48800       9465.29     
   0.49000       9455.29     
   0.49200       9448.23     
   0.49400       9435.55     
   0.49600       9422.00     
   0.49800       9410.41     
   0.50000       9402.34     
   0.50200       9393.81     
   0.50400       9384.67     
   0.50600       9374.07     
   0.50800       9366.66     
   0.51000       9350.20     
   0.51200       9339.33     
   0.51400       9329.46     
   0.51600       9321.47     
   0.51800       9313.59     
   0.52000       9304.14     
  
   0.52200       9293.92     
   0.52400       9287.07     
   0.52600       9279.37     
   0.52800       9263.14     
   0.53000       9251.62     
   0.53200       9242.15     
   0.53400       9235.13     
   0.53600       9228.21     
   0.53800       9218.40     
   0.54000       9211.68     
   0.54200       9205.36     
   0.54400       9191.95     
   0.54600       9178.64     
   0.54800       9170.38     
   0.55000       9163.98     
   0.55200       9156.19     
   0.55400       9147.55     
   0.55600       9139.64     
   0.55800       9133.88     
   0.56000       9116.11     
  
   0.56200       9107.57     
   0.56400       9099.45     
   0.56600       9092.04     
   0.56800       9084.57     
   0.57000       9075.26     
   0.57200       9066.26     
   0.57400       9059.78     
   0.57600       9043.63     
   0.57800       9034.55     
   0.58000       9025.71     
   0.58200       9018.48     
   0.58400       9010.61     
   0.58600       9002.08     
   0.58800       8992.12     
   0.59000       8985.87     
   0.59200       8974.92     
   0.59400       8962.18     
   0.59600       8951.96     
   0.59800       8944.66     
   0.60000       8937.77     
  
   0.60200       8929.83     
   0.60400       8920.52     
   0.60600       8913.38     
   0.60800       8908.49     
   0.61000       8891.57     
   0.61200       8883.78     
   0.61400       8876.42     
   0.61600       8870.26     
   0.61800       8864.22     
   0.62000       8856.40     
   0.62200       8847.84     
   0.62400       8842.12     
   0.62600       8837.97     
   0.62800       8826.08     
   0.63000       8814.56     
   0.63200       8807.61     
   0.63400       8801.99     
   0.63600       8797.14     
   0.63800       8789.68     
   0.64000       8781.98     
  
   0.64200       8777.55     
   0.64400       8772.80     
   0.64600       8761.22     
   0.64800       8750.89     
   0.65000       8744.03     
   0.65200       8739.51     
   0.65400       8733.31     
   0.65600       8726.58     
   0.65800       8719.52     
   0.66000       8714.89     
   0.66200       8706.15     
   0.66400       8695.26     
   0.66600       8687.35     
   0.66800       8681.23     
   0.67000       8676.37     
   0.67200       8669.63     
   0.67400       8661.95     
   0.67600       8655.18     
   0.67800       8650.85     
   0.68000       8636.49     
  
   0.68200       8630.25     
   0.68400       8623.37     
   0.68600       8618.06     
   0.68800       8612.59     
   0.69000       8606.08     
   0.69200       8597.53     
   0.69400       8592.25     
   0.69600       8588.46     
   0.69800       8573.70     
   0.70000       8568.30     
   0.70200       8561.88     
   0.70400       8555.51     
   0.70600       8550.32     
   0.70800       8544.85     
   0.71000       8539.09     
   0.71200       8534.00     
   0.71400       8530.93     
   0.71600       8518.63     
   0.71800       8512.78     
   0.72000       8506.67     
  
   0.72200       8501.95     
   0.72400       8496.40     
   0.72600       8491.92     
   0.72800       8486.00     
   0.73000       8481.18     
   0.73200       8477.55     
   0.73290       8476.37     
   0.73380       8472.83     
   0.73515       8466.94     
   0.73576       8463.86     
   0.73603       8462.83     
   0.73630       8461.58     
   0.73640       8461.38     
   0.73644       8461.32     
   0.73648       8460.82     
   0.73649       8460.63     
   0.73650       8459.35     
   0.73651       8459.76     
   0.73652       8456.24     
   0.73653       8456.03     
  
   0.73654       8456.70     
   0.73655       8454.88     
   0.73656       8444.63     
   0.73657       8435.47     
   0.73658       8425.82     
   0.73659       8415.92     
   0.73660       8395.03     
   0.73661       8385.13     
   0.73662       8375.24     
   0.73663       8365.33     
   0.73664       8355.43     

