	0	     0	   
   0.20000E-02   257.239     
   0.40000E-02   514.479     
   0.60000E-02   771.718     
   0.80000E-02   1028.96     
   0.10000E-01   1286.20     
   0.12000E-01   1543.44     
   0.14000E-01   1800.68     
   0.16000E-01   2057.91     
   0.18000E-01   2315.15     
   0.20000E-01   2572.39     
   0.22000E-01   2829.63     
   0.24000E-01   3086.87     
   0.26000E-01   3344.11     
   0.28000E-01   3601.35     
   0.30000E-01   3858.59     
   0.32000E-01   4106.77     
   0.34000E-01   4340.70     
   0.36000E-01   4574.90     
   0.38000E-01   4809.63     
   0.40000E-01   5044.54     
   
   0.42000E-01   5279.49     
   0.44000E-01   5514.46     
   0.46000E-01   5748.60     
   0.48000E-01   5966.37     
   0.50000E-01   6180.99     
   0.52000E-01   6397.02     
   0.54000E-01   6613.57     
   0.56000E-01   6830.39     
   0.58000E-01   7047.39     
   0.60000E-01   7258.93     
   0.62000E-01   7447.05     
   0.64000E-01   7635.88     
   0.66000E-01   7825.85     
   0.68000E-01   8016.38     
   0.70000E-01   8192.53     
   0.72000E-01   8359.71     
   0.74000E-01   8528.05     
   0.76000E-01   8698.53     
   0.78000E-01   8865.98     
   0.80000E-01   9005.36     
   
   0.82000E-01   9145.60     
   0.84000E-01   9288.27     
   0.86000E-01   9428.91     
   0.88000E-01   9548.15     
   0.90000E-01   9670.53     
   0.92000E-01   9794.81     
   0.94000E-01   9920.71     
   0.96000E-01   10013.2     
   0.98000E-01   10107.3     
   0.10000       10206.3     
   0.10200       10296.3     
   0.10400       10369.7     
   0.10600       10451.0     
   0.10800       10536.8     
   0.11000       10596.4     
   0.11200       10650.9     
   0.11400       10708.6     
   0.11600       10765.2     
   0.11800       10807.3     
   0.12000       10850.4     
   
   0.12200       10902.9     
   0.12400       10934.9     
   0.12600       10959.4     
   0.12800       10988.6     
   0.13000       11017.1     
   0.13200       11027.4     
   0.13400       11050.5     
   0.13600       11081.2     
   0.13800       11082.1     
   0.14000       11083.4     
   0.14200       11094.3     
   0.14400       11086.2     
   0.14600       11084.1     
   0.14800       11091.1     
   0.15000       11085.5     
   0.15200       11072.4     
   0.15400       11057.9     
   0.15600       11049.1     
   0.15800       11021.9     
   0.16000       11010.6     
   
   0.16200       11007.9     
   0.16400       10978.6     
   0.16600       10950.6     
   0.16800       10934.2     
   0.17000       10901.3     
   0.17200       10872.4     
   0.17400       10856.0     
   0.17600       10823.7     
   0.17800       10785.8     
   0.18000       10757.2     
   0.18200       10729.6     
   0.18400       10690.4     
   0.18600       10658.0     
   0.18800       10638.5     
   0.19000       10594.2     
   0.19200       10550.9     
   0.19400       10522.0     
   0.19600       10483.7     
   0.19800       10445.5     
   0.20000       10418.4     
   
   0.20200       10400.2     
   0.20400       10345.0     
   0.20600       10308.9     
   0.20800       10282.9     
   0.21000       10235.1     
   0.21200       10198.9     
   0.21400       10174.8     
   0.21600       10128.9     
   0.21800       10091.5     
   0.22000       10051.3     
   0.22200       10015.3     
   0.22400       9969.39     
   0.22600       9935.92     
   0.22800       9912.28     
   0.23000       9870.44     
   0.23200       9827.77     
   0.23400       9790.08     
   0.23600       9756.15     
   0.23800       9711.18     
   0.24000       9673.60     
   
   0.24200       9648.64     
   0.24400       9606.42     
   0.24600       9557.94     
   0.24800       9521.20     
   0.25000       9476.95     
   0.25200       9434.66     
   0.25400       9403.06     
   0.25600       9386.44     
   0.25800       9328.39     
   0.26000       9281.86     
   0.26200       9251.76     
   0.26400       9204.29     
   0.26600       9168.80     
   0.26800       9136.02     
   0.27000       9113.51     
   0.27200       9069.95     
   0.27400       9024.18     
   0.27600       8991.92     
   0.27800       8959.75     
   0.28000       8918.41     
   
   0.28200       8880.46     
   0.28400       8855.38     
   0.28600       8818.78     
   0.28800       8774.19     
   0.29000       8733.51     
   0.29200       8695.35     
   0.29400       8660.29     
   0.29600       8623.21     
   0.29800       8594.75     
   0.30000       8558.08     
   0.30200       8508.95     
   0.30400       8475.74     
   0.30600       8446.70     
   0.30800       8406.78     
   0.31000       8368.28     
   0.31200       8342.07     
   0.31400       8323.26     
   0.31600       8272.27     
   0.31800       8232.30     
   0.32000       8201.43     
   
   0.32090       8190.62     
   0.32180       8166.48     
   0.32315       8143.68     
    1.0000       8140.43     

