	0		0  
   0.20000E-02  0.100000E-004
   0.40000E-02  0.200000E-004
   0.60000E-02  0.300000E-004
   0.80000E-02  0.400000E-004
   0.10000E-01  0.500000E-004
   0.12000E-01  0.600000E-004
   0.14000E-01  0.700000E-004
   0.16000E-01  0.800000E-004
   0.18000E-01  0.900000E-004
   0.20000E-01  0.100000E-003
   0.22000E-01  0.110000E-003
   0.24000E-01  0.120000E-003
   0.26000E-01  0.130000E-003
   0.28000E-01  0.140000E-003
   0.30000E-01  0.150000E-003
   0.32000E-01  0.160000E-003
   0.34000E-01  0.170000E-003
   0.36000E-01  0.180000E-003
   0.38000E-01  0.190000E-003
   0.40000E-01  0.200000E-003
  
   0.42000E-01  0.210000E-003
   0.44000E-01  0.220000E-003
   0.46000E-01  0.230000E-003
   0.48000E-01  0.240000E-003
   0.50000E-01  0.250000E-003
   0.52000E-01  0.260000E-003
   0.54000E-01  0.270000E-003
   0.56000E-01  0.280000E-003
   0.58000E-01  0.290000E-003
   0.60000E-01  0.300000E-003
   0.62000E-01  0.310000E-003
   0.64000E-01  0.320000E-003
   0.66000E-01  0.330000E-003
   0.68000E-01  0.340000E-003
   0.70000E-01  0.350000E-003
   0.72000E-01  0.360000E-003
   0.74000E-01  0.370000E-003
   0.76000E-01  0.380000E-003
   0.78000E-01  0.390000E-003
   0.80000E-01  0.400000E-003
  
   0.82000E-01  0.410000E-003
   0.84000E-01  0.420000E-003
   0.86000E-01  0.430000E-003
   0.88000E-01  0.440000E-003
   0.90000E-01  0.450000E-003
   0.92000E-01  0.460000E-003
   0.94000E-01  0.470000E-003
   0.96000E-01  0.480000E-003
   0.98000E-01  0.490000E-003
   0.10000      0.500000E-003
   0.10200      0.510000E-003
   0.10400      0.520000E-003
   0.10600      0.530000E-003
   0.10800      0.540000E-003
   0.11000      0.550000E-003
   0.11200      0.560000E-003
   0.11400      0.570000E-003
   0.11600      0.580000E-003
   0.11800      0.590000E-003
   0.12000      0.600000E-003
  
   0.12200      0.610000E-003
   0.12400      0.620000E-003
   0.12600      0.630000E-003
   0.12800      0.640000E-003
   0.13000      0.650000E-003
   0.13200      0.660000E-003
   0.13400      0.670000E-003
   0.13600      0.680000E-003
   0.13800      0.690000E-003
   0.14000      0.700000E-003
   0.14200      0.710000E-003
   0.14400      0.720000E-003
   0.14600      0.730000E-003
   0.14800      0.740000E-003
   0.15000      0.750000E-003
   0.15200      0.760000E-003
   0.15400      0.770000E-003
   0.15600      0.780000E-003
   0.15800      0.790000E-003
   0.16000      0.800000E-003
  
   0.16200      0.810000E-003
   0.16400      0.820000E-003
   0.16600      0.830000E-003
   0.16800      0.840000E-003
   0.17000      0.850000E-003
   0.17200      0.860000E-003
   0.17400      0.870000E-003
   0.17600      0.880000E-003
   0.17800      0.890000E-003
   0.18000      0.900000E-003
   0.18200      0.910000E-003
   0.18400      0.920000E-003
   0.18600      0.930000E-003
   0.18800      0.940000E-003
   0.19000      0.950000E-003
   0.19200      0.960000E-003
   0.19400      0.970000E-003
   0.19600      0.980000E-003
   0.19800      0.990000E-003
   0.20000      0.100000E-002
  
   0.20200      0.101000E-002
   0.20400      0.102000E-002
   0.20600      0.103000E-002
   0.20800      0.104000E-002
   0.21000      0.105000E-002
   0.21200      0.106000E-002
   0.21400      0.107000E-002
   0.21600      0.108000E-002
   0.21800      0.109000E-002
   0.22000      0.110000E-002
   0.22200      0.111000E-002
   0.22400      0.112000E-002
   0.22600      0.113000E-002
   0.22800      0.114000E-002
   0.23000      0.115000E-002
   0.23200      0.116000E-002
   0.23400      0.117000E-002
   0.23600      0.118000E-002
   0.23800      0.119000E-002
   0.24000      0.120000E-002
  
   0.24200      0.121000E-002
   0.24400      0.122000E-002
   0.24600      0.123000E-002
   0.24800      0.124000E-002
   0.25000      0.125000E-002
   0.25200      0.126000E-002
   0.25400      0.127000E-002
   0.25600      0.128000E-002
   0.25800      0.129000E-002
   0.26000      0.130000E-002
   0.26200      0.131000E-002
   0.26400      0.132000E-002
   0.26600      0.133000E-002
   0.26800      0.134000E-002
   0.27000      0.135000E-002
   0.27200      0.136000E-002
   0.27400      0.137000E-002
   0.27600      0.138000E-002
   0.27800      0.139000E-002
   0.28000      0.140000E-002
  
   0.28200      0.141000E-002
   0.28400      0.142000E-002
   0.28600      0.143000E-002
   0.28800      0.144000E-002
   0.29000      0.145000E-002
   0.29200      0.146000E-002
   0.29400      0.147000E-002
   0.29600      0.148000E-002
   0.29800      0.149000E-002
   0.30000      0.150000E-002
   0.30200      0.151000E-002
   0.30400      0.152000E-002
   0.30600      0.153000E-002
   0.30800      0.154000E-002
   0.31000      0.155000E-002
   0.31200      0.156000E-002
   0.31400      0.157000E-002
   0.31600      0.158000E-002
   0.31800      0.159000E-002
   0.32000      0.160000E-002
  
   0.32090      0.160450E-002
   0.32180      0.160900E-002
   0.32315      0.161575E-002
    1.0000      0.161580E-002

