	0	    0	  
   0.10000E-01  -222.417     
   0.20000E-01  -444.834     
   0.30000E-01  -667.251     
   0.40000E-01  -889.668     
   0.50000E-01  -1112.09     
   0.60000E-01  -1334.50     
   0.70000E-01  -1556.92     
   0.80000E-01  -1779.34     
   0.90000E-01  -2001.62     
   0.10000      -2222.96     
   0.11000      -2444.04     
   0.12000      -2663.83     
   0.13000      -2883.66     
   0.14000      -3102.46     
   0.15000      -3319.73     
   0.16000      -3536.00     
   0.17000      -3750.25     
   0.18000      -3962.52     
   0.19000      -4173.07     
   0.20000      -4379.12     
  
   0.21000      -4583.55     
   0.22000      -4784.11     
   0.23000      -4977.14     
   0.24000      -5165.37     
   0.25000      -5348.08     
   0.26000      -5528.70     
   0.27000      -5683.36     

