	0	    0  
   0.10000E-02   16.0961     
   0.20000E-02   32.1922     
   0.30000E-02   48.2883     
   0.40000E-02   64.3844     
   0.50000E-02   80.4806     
   0.60000E-02   96.5767     
   0.70000E-02   112.673     
   0.80000E-02   128.769     
   0.90000E-02   144.865     
   0.10000E-01   160.961     
   0.11000E-01   177.057     
   0.12000E-01   193.153     
   0.13000E-01   209.249     
   0.14000E-01   225.346     
   0.15000E-01   241.442     
   0.16000E-01   257.538     
   0.17000E-01   273.634     
   0.18000E-01   289.730     
   0.19000E-01   305.826     
   0.20000E-01   321.922     
   0.21000E-01   338.018     
   0.22000E-01   354.114     
   0.23000E-01   370.211     
   0.24000E-01   386.307     
   0.25000E-01   402.403     
   0.26000E-01   418.499     
   0.27000E-01   434.595     
   0.28000E-01   450.691     
   0.29000E-01   466.787     
   0.30000E-01   482.883     
   0.31000E-01   498.979     
   0.32000E-01   515.076     
   0.33000E-01   531.172     
   0.34000E-01   547.268     
   0.35000E-01   563.364     
   0.36000E-01   579.460     
   0.37000E-01   595.556     
   0.38000E-01   611.652     
   0.39000E-01   627.748     
   0.40000E-01   643.844     
   0.41000E-01   659.941     
   0.42000E-01   676.037     
   0.43000E-01   692.133     
   0.44000E-01   708.229     
   0.45000E-01   724.325     
   0.46000E-01   740.421     
   0.47000E-01   756.517     
   0.48000E-01   772.613     
   0.49000E-01   788.709     
   0.50000E-01   804.806     
   0.51000E-01   820.902     
   0.52000E-01   836.998     
   0.53000E-01   853.094     
   0.54000E-01   869.190     
   0.55000E-01   885.286     
   0.56000E-01   901.382     
   0.57000E-01   917.478     
   0.58000E-01   933.575     
   0.59000E-01   949.671     
   0.60000E-01   965.767     
   0.61000E-01   981.863     
   0.62000E-01   997.959     
   0.63000E-01   1014.06     
   0.64000E-01   1030.15     
   0.65000E-01   1046.25     
   0.66000E-01   1062.34     
   0.67000E-01   1078.44     
   0.68000E-01   1094.54     
   0.69000E-01   1110.63     
   0.70000E-01   1126.73     
   0.71000E-01   1142.82     
   0.72000E-01   1158.92     
   0.73000E-01   1175.02     
   0.74000E-01   1191.11     
   0.75000E-01   1207.21     
   0.76000E-01   1223.30     
   0.77000E-01   1239.40     
   0.78000E-01   1255.50     
   0.79000E-01   1271.59     
   0.80000E-01   1287.69     
   0.81000E-01   1303.79     
   0.82000E-01   1319.88     
   0.83000E-01   1335.98     
   0.84000E-01   1352.07     
   0.85000E-01   1368.17     
   0.86000E-01   1384.27     
   0.87000E-01   1400.36     
   0.88000E-01   1416.46     
   0.89000E-01   1432.55     
   0.90000E-01   1448.65     
   0.91000E-01   1464.75     
   0.92000E-01   1480.84     
   0.93000E-01   1496.94     
   0.94000E-01   1513.03     
   0.95000E-01   1529.13     
   0.96000E-01   1545.23     
   0.97000E-01   1561.32     
   0.98000E-01   1577.42     
   0.99000E-01   1593.52     
   0.10000       1609.61     
   0.10100       1625.71     
   0.10200       1641.80     
   0.10300       1657.90     
   0.10400       1674.00     
   0.10500       1690.09     
   0.10600       1706.19     
   0.10700       1722.28     
   0.10800       1738.38     
   0.10900       1754.48     
   0.11000       1770.57     
   0.11100       1786.67     
   0.11200       1802.76     
   0.11300       1818.86     
   0.11400       1834.96     
   0.11500       1851.05     
   0.11600       1867.15     
   0.11700       1883.25     
   0.11800       1899.34     
   0.11900       1915.44     
   0.12000       1931.53     
   0.12100       1947.63     
   0.12200       1963.73     
   0.12300       1979.82     
   0.12400       1995.92     
   0.12500       2012.01     
   0.12600       2028.11     
   0.12700       2044.21     
   0.12800       2060.30     
   0.12900       2076.40     
   0.13000       2092.49     
   0.13100       2108.59     
   0.13200       2124.69     
   0.13300       2140.78     
   0.13400       2156.88     
   0.13500       2172.98     
   0.13600       2189.07     
   0.13700       2205.17     
   0.13800       2221.26     
   0.13900       2237.36     
   0.14000       2253.46     
   0.14100       2269.55     
   0.14200       2285.65     
   0.14300       2301.74     
   0.14400       2317.84     
   0.14500       2333.94     
   0.14600       2350.03     
   0.14700       2366.13     
   0.14800       2382.22     
   0.14900       2398.32     
   0.15000       2414.42     
   0.15100       2430.51     
   0.15200       2446.61     
   0.15300       2462.71     
   0.15400       2478.80     
   0.15500       2494.90     
   0.15600       2510.99     
   0.15700       2527.09     
   0.15800       2543.19     
   0.15900       2559.28     
   0.16000       2575.38     
   0.16100       2591.47     
   0.16200       2607.57     
   0.16300       2623.67     
   0.16400       2639.76     
   0.16500       2655.86     
   0.16600       2671.95     
   0.16700       2688.05     
   0.16800       2704.15     
   0.16900       2720.24     
   0.17000       2736.34     
   0.17100       2752.44     
   0.17200       2768.53     
   0.17300       2784.63     
   0.17400       2800.72     
   0.17500       2816.82     
   0.17600       2832.92     
   0.17700       2849.01     
   0.17800       2865.08     
   0.17900       2881.12     
   0.18000       2897.13     
   0.18100       2913.15     
   0.18200       2929.16     
   0.18300       2945.18     
   0.18400       2961.19     
   0.18500       2977.20     
   0.18600       2993.22     
   0.18700       3009.23     
   0.18800       3025.25     
   0.18900       3041.26     
   0.19000       3057.28     
   0.19100       3073.29     
   0.19200       3089.31     
   0.19300       3105.32     
   0.19400       3121.34     
   0.19500       3137.35     
   0.19600       3153.37     
   0.19700       3169.38     
   0.19800       3185.39     
   0.19900       3201.41     
   0.20000       3217.42     
   0.20100       3233.44     
   0.20200       3249.45     
   0.20300       3265.47     
   0.20400       3281.48     
   0.20500       3297.50     
   0.20600       3313.51     
   0.20700       3329.52     
   0.20800       3345.54     
   0.20900       3361.55     
   0.21000       3377.57     
   0.21100       3393.58     
   0.21200       3409.59     
   0.21300       3425.61     
   0.21400       3441.62     
   0.21500       3457.64     
   0.21600       3473.65     
   0.21700       3489.67     
   0.21800       3505.68     
   0.21900       3521.69     
   0.22000       3537.68     
   0.22100       3553.66     
   0.22200       3569.63     
   0.22300       3585.55     
   0.22400       3601.47     
   0.22500       3617.39     
   0.22600       3633.31     
   0.22700       3649.23     
   0.22800       3665.15     
   0.22900       3681.07     
   0.23000       3696.99     
   0.23100       3712.91     
   0.23200       3728.84     
   0.23300       3744.76     
   0.23400       3760.68     
   0.23500       3776.60     
   0.23600       3792.52     
   0.23700       3808.44     
   0.23800       3824.36     
   0.23900       3840.28     
   0.24000       3856.20     
   0.24100       3872.12     
   0.24200       3888.04     
   0.24300       3903.96     
   0.24400       3919.88     
   0.24500       3935.80     
   0.24600       3951.72     
   0.24700       3967.64     
   0.24800       3983.56     
   0.24900       3999.48     
   0.25000       4015.36     
   0.25100       4031.12     
   0.25200       4046.87     
   0.25300       4062.62     
   0.25400       4078.37     
   0.25500       4094.12     
   0.25600       4109.88     
   0.25700       4125.63     
   0.25800       4141.38     
   0.25900       4157.13     
   0.26000       4172.89     
   0.26100       4188.64     
   0.26200       4204.39     
   0.26300       4220.14     
   0.26400       4235.89     
   0.26500       4251.64     
   0.26600       4267.40     
   0.26700       4283.15     
   0.26800       4298.90     
   0.26900       4314.65     
   0.27000       4330.40     
   0.27100       4346.15     
   0.27200       4361.91     
   0.27300       4377.66     
   0.27400       4393.39     
   0.27500       4409.09     
   0.27600       4424.72     
   0.27700       4440.33     
   0.27800       4455.94     
   0.27900       4471.56     
   0.28000       4487.17     
   0.28100       4502.78     
   0.28200       4518.40     
   0.28300       4534.01     
   0.28400       4549.62     
   0.28500       4565.24     
   0.28600       4580.85     
   0.28700       4596.46     
   0.28800       4612.08     
   0.28900       4627.69     
   0.29000       4643.30     
   0.29100       4658.92     
   0.29200       4674.53     
   0.29300       4690.14     
   0.29400       4705.75     
   0.29500       4721.19     
   0.29600       4736.57     
   0.29700       4751.96     
   0.29800       4767.35     
   0.29900       4782.74     
   0.30000       4798.13     
   0.30100       4813.52     
   0.30200       4828.91     
   0.30300       4844.30     
   0.30400       4859.69     
   0.30500       4875.08     
   0.30600       4890.47     
   0.30700       4905.86     
   0.30800       4921.25     
   0.30900       4936.64     
   0.31000       4952.03     
   0.31100       4967.42     
   0.31200       4982.79     
   0.31300       4998.08     
   0.31400       5013.29     
   0.31500       5028.51     
   0.31600       5043.72     
   0.31700       5058.94     
   0.31800       5074.15     
   0.31900       5089.37     
   0.32000       5104.59     
   0.32100       5119.80     
   0.32200       5135.02     
   0.32300       5150.24     
   0.32400       5165.45     
   0.32500       5180.67     
   0.32600       5195.89     
   0.32700       5211.09     
   0.32800       5226.08     
   0.32900       5241.01     
   0.33000       5255.94     
   0.33100       5270.88     
   0.33200       5285.82     
   0.33300       5300.77     
   0.33400       5315.71     
   0.33500       5330.65     
   0.33600       5345.59     
   0.33700       5360.53     
   0.33800       5375.47     
   0.33900       5390.42     
   0.34000       5405.36     
   0.34100       5420.29     
   0.34200       5435.10     
   0.34300       5449.83     
   0.34400       5464.56     
   0.34500       5479.29     
   0.34600       5494.02     
   0.34700       5508.75     
   0.34800       5523.49     
   0.34900       5538.22     
   0.35000       5552.95     
   0.35100       5567.69     
   0.35200       5582.42     
   0.35300       5597.16     
   0.35400       5611.64     
   0.35500       5626.02     
   0.35600       5640.42     
   0.35700       5654.82     
   0.35800       5669.22     
   0.35900       5683.62     
   0.36000       5698.02     
   0.36100       5712.43     
   0.36200       5726.83     
   0.36300       5741.24     
   0.36400       5755.65     
   0.36500       5770.00     
   0.36600       5784.17     
   0.36700       5798.31     
   0.36800       5812.46     
   0.36900       5826.62     
   0.37000       5840.78     
   0.37100       5854.94     
   0.37200       5869.10     
   0.37300       5883.26     
   0.37400       5897.43     
   0.37500       5911.44     
   0.37600       5925.21     
   0.37700       5938.96     
   0.37800       5952.72     
   0.37900       5966.49     
   0.38000       5980.26     
   0.38100       5994.03     
   0.38200       6007.81     
   0.38300       6021.58     
   0.38400       6035.36     
   0.38500       6048.94     
   0.38600       6062.41     
   0.38700       6075.89     
   0.38800       6089.37     
   0.38900       6102.86     
   0.39000       6116.35     
   0.39100       6129.85     
   0.39200       6143.35     
   0.39300       6156.65     
   0.39400       6169.68     
   0.39500       6182.68     
   0.39600       6195.71     
   0.39700       6208.75     
   0.39800       6221.79     
   0.39900       6234.83     
   0.40000       6247.88     
   0.40100       6260.87     
   0.40200       6273.58     
   0.40300       6286.26     
   0.40400       6298.97     
   0.40500       6311.68     
   0.40600       6324.40     
   0.40700       6337.13     
   0.40800       6349.79     
   0.40900       6361.99     
   0.41000       6374.13     
   0.41100       6386.31     
   0.41200       6398.51     
   0.41300       6410.71     
   0.41400       6422.93     
   0.41500       6435.10     
   0.41600       6446.94     
   0.41700       6458.73     
   0.41800       6470.55     
   0.41900       6482.38     
   0.42000       6494.23     
   0.42100       6506.08     
   0.42200       6517.36     
   0.42300       6528.52     
   0.42400       6539.74     
   0.42500       6550.98     
   0.42600       6562.24     
   0.42700       6573.50     
   0.42800       6584.40     
   0.42900       6595.18     
   0.43000       6605.99     
   0.43100       6616.83     
   0.43200       6627.69     
   0.43300       6638.21     
   0.43400       6648.31     
   0.43500       6658.42     
   0.43600       6668.57     
   0.43700       6678.76     
   0.43800       6688.89     
   0.43900       6698.56     
   0.44000       6708.20     
   0.44100       6717.91     
   0.44200       6727.64     
   0.44300       6737.03     
   0.44400       6745.92     
   0.44500       6754.79     
   0.44600       6763.75     
   0.44700       6772.74     
   0.44800       6781.31     
   0.44900       6789.68     
   0.45000       6798.11     
   0.45100       6806.60     
   0.45200       6814.57     
   0.45300       6822.07     
   0.45400       6829.61     
   0.45500       6837.24     
   0.45600       6844.64     
   0.45700       6851.61     
   0.45800       6858.61     
   0.45900       6865.71     
   0.46000       6872.11     
   0.46100       6878.08     
   0.46200       6884.13     
   0.46300       6890.28     
   0.46400       6895.76     
   0.46500       6901.16     
   0.46600       6906.70     
   0.46700       6911.53     
   0.46800       6915.83     
   0.46900       6920.24     
   0.47000       6924.52     
   0.47100       6928.22     
   0.47200       6931.97     
   0.47300       6935.46     
   0.47400       6937.95     
   0.47500       6940.48     
   0.47600       6942.92     
   0.47700       6944.73     
   0.47800       6946.63     
   0.47900       6947.77     
   0.48000       6948.23     
   0.48100       6948.92     
   0.48200       6948.76     
   0.48300       6948.55     
   0.48400       6947.83     
   0.48500       6946.13     
   0.48600       6944.61     
   0.48700       6942.15     
   0.48800       6939.82     
   0.48900       6936.21     
   0.49000       6932.18     
   0.49100       6927.77     
   0.49200       6922.96     
   0.49300       6917.39     
   0.49400       6910.82     
   0.49500       6903.88     
   0.49600       6896.49     
   0.49700       6888.04     
   0.49800       6878.80     
   0.49900       6868.75     
   0.50000       6858.77     
   0.50100       6846.45     
   0.50200       6833.89     
   0.50300       6820.76     
   0.50400       6806.03     
   0.50500       6790.58     
   0.50600       6774.17     
   0.50700       6756.15     
   0.50800       6737.39     
   0.50900       6717.61     
   0.51000       6695.41     
   0.51100       6672.30     
   0.51200       6649.40     
   0.51300       6622.53     
   0.51400       6594.79     
   0.51500       6564.67     
   0.51600       6533.42     
   0.51700       6499.92     
   0.51800       6464.37     
   0.51900       6426.29     
   0.52000       6385.88     
   0.52100       6340.22     
   0.52200       6296.06     
   0.52300       6244.72     
   0.52400       6190.61     
   0.52500       6133.58     
   0.52600       6065.95     
   0.52700       6007.16     
   0.52800       5910.08     
   0.52900       5800.02     
   0.53000       5622.74     
   0.53015       5533.14     
   0.53015       5299.72     
 

