	0	    0   
   0.10000E-02   16.2390     
   0.20000E-02   32.4779     
   0.30000E-02   48.7169     
   0.40000E-02   64.9558     
   0.50000E-02   81.1948     
   0.60000E-02   97.4337     
   0.70000E-02   113.673     
   0.80000E-02   129.912     
   0.90000E-02   146.151     
   0.10000E-01   162.390     
   0.11000E-01   178.629     
   0.12000E-01   194.867     
   0.13000E-01   211.106     
   0.14000E-01   227.345     
   0.15000E-01   243.584     
   0.16000E-01   259.823     
   0.17000E-01   276.062     
   0.18000E-01   292.301     
   0.19000E-01   308.540     
   0.20000E-01   324.779     
   0.21000E-01   341.018     
   0.22000E-01   357.257     
   0.23000E-01   373.496     
   0.24000E-01   389.735     
   0.25000E-01   405.974     
   0.26000E-01   422.213     
   0.27000E-01   438.452     
   0.28000E-01   454.691     
   0.29000E-01   470.930     
   0.30000E-01   487.169     
   0.31000E-01   503.408     
   0.32000E-01   519.647     
   0.33000E-01   535.886     
   0.34000E-01   552.125     
   0.35000E-01   568.364     
   0.36000E-01   584.602     
   0.37000E-01   600.841     
   0.38000E-01   617.080     
   0.39000E-01   633.319     
   0.40000E-01   649.558     
   0.41000E-01   665.797     
   0.42000E-01   682.036     
   0.43000E-01   698.275     
   0.44000E-01   714.514     
   0.45000E-01   730.753     
   0.46000E-01   746.992     
   0.47000E-01   763.231     
   0.48000E-01   779.470     
   0.49000E-01   795.709     
   0.50000E-01   811.948     
   0.51000E-01   828.187     
   0.52000E-01   844.426     
   0.53000E-01   860.665     
   0.54000E-01   876.904     
   0.55000E-01   893.143     
   0.56000E-01   909.382     
   0.57000E-01   925.621     
   0.58000E-01   941.860     
   0.59000E-01   958.098     
   0.60000E-01   974.337     
   0.61000E-01   990.576     
   0.62000E-01   1006.82     
   0.63000E-01   1023.05     
   0.64000E-01   1039.29     
   0.65000E-01   1055.53     
   0.66000E-01   1071.77     
   0.67000E-01   1088.01     
   0.68000E-01   1104.25     
   0.69000E-01   1120.49     
   0.70000E-01   1136.73     
   0.71000E-01   1152.97     
   0.72000E-01   1169.20     
   0.73000E-01   1185.44     
   0.74000E-01   1201.68     
   0.75000E-01   1217.92     
   0.76000E-01   1234.16     
   0.77000E-01   1250.40     
   0.78000E-01   1266.64     
   0.79000E-01   1282.88     
   0.80000E-01   1299.12     
   0.81000E-01   1315.36     
   0.82000E-01   1331.59     
   0.83000E-01   1347.83     
   0.84000E-01   1364.07     
   0.85000E-01   1380.31     
   0.86000E-01   1396.55     
   0.87000E-01   1412.79     
   0.88000E-01   1429.03     
   0.89000E-01   1445.27     
   0.90000E-01   1461.51     
   0.91000E-01   1477.75     
   0.92000E-01   1493.98     
   0.93000E-01   1510.22     
   0.94000E-01   1526.46     
   0.95000E-01   1542.70     
   0.96000E-01   1558.94     
   0.97000E-01   1575.18     
   0.98000E-01   1591.42     
   0.99000E-01   1607.66     
   0.10000       1623.90     
   0.10100       1640.13     
   0.10200       1656.37     
   0.10300       1672.61     
   0.10400       1688.85     
   0.10500       1705.09     
   0.10600       1721.33     
   0.10700       1737.57     
   0.10800       1753.81     
   0.10900       1770.05     
   0.11000       1786.29     
   0.11100       1802.52     
   0.11200       1818.76     
   0.11300       1835.00     
   0.11400       1851.24     
   0.11500       1867.48     
   0.11600       1883.72     
   0.11700       1899.96     
   0.11800       1916.20     
   0.11900       1932.44     
   0.12000       1948.67     
   0.12100       1964.91     
   0.12200       1981.15     
   0.12300       1997.39     
   0.12400       2013.63     
   0.12500       2029.87     
   0.12600       2046.11     
   0.12700       2062.35     
   0.12800       2078.59     
   0.12900       2094.83     
   0.13000       2111.06     
   0.13100       2127.30     
   0.13200       2143.54     
   0.13300       2159.78     
   0.13400       2176.02     
   0.13500       2192.26     
   0.13600       2208.50     
   0.13700       2224.74     
   0.13800       2240.98     
   0.13900       2257.22     
   0.14000       2273.45     
   0.14100       2289.69     
   0.14200       2305.93     
   0.14300       2322.17     
   0.14400       2338.41     
   0.14500       2354.65     
   0.14600       2370.89     
   0.14700       2387.13     
   0.14800       2403.37     
   0.14900       2419.60     
   0.15000       2435.84     
   0.15100       2452.08     
   0.15200       2468.32     
   0.15300       2484.56     
   0.15400       2500.80     
   0.15500       2517.04     
   0.15600       2533.28     
   0.15700       2549.52     
   0.15800       2565.76     
   0.15900       2581.99     
   0.16000       2598.23     
   0.16100       2614.47     
   0.16200       2630.71     
   0.16300       2646.95     
   0.16400       2663.19     
   0.16500       2679.43     
   0.16600       2695.67     
   0.16700       2711.91     
   0.16800       2728.14     
   0.16900       2744.38     
   0.17000       2760.62     
   0.17100       2776.86     
   0.17200       2793.10     
   0.17300       2809.34     
   0.17400       2825.58     
   0.17500       2841.82     
   0.17600       2858.06     
   0.17700       2874.30     
   0.17800       2890.53     
   0.17900       2906.77     
   0.18000       2923.01     
   0.18100       2939.25     
   0.18200       2955.49     
   0.18300       2971.73     
   0.18400       2987.97     
   0.18500       3004.21     
   0.18600       3020.45     
   0.18700       3036.68     
   0.18800       3052.92     
   0.18900       3069.16     
   0.19000       3085.40     
   0.19100       3101.64     
   0.19200       3117.88     
   0.19300       3134.12     
   0.19400       3150.36     
   0.19500       3166.60     
   0.19600       3182.84     
   0.19700       3199.07     
   0.19800       3215.31     
   0.19900       3231.55     
   0.20000       3247.79     
   0.20100       3264.03     
   0.20200       3280.27     
   0.20300       3296.51     
   0.20400       3312.75     
   0.20500       3328.99     
   0.20600       3345.23     
   0.20700       3361.46     
   0.20800       3377.70     
   0.20900       3393.94     
   0.21000       3410.18     
   0.21100       3426.42     
   0.21200       3442.66     
   0.21300       3458.90     
   0.21400       3475.14     
   0.21500       3491.38     
   0.21600       3507.61     
   0.21700       3523.85     
   0.21800       3540.09     
   0.21900       3556.33     
   0.22000       3572.57     
   0.22100       3588.62     
   0.22200       3604.63     
   0.22300       3620.64     
   0.22400       3636.64     
   0.22500       3652.65     
   0.22600       3668.66     
   0.22700       3684.67     
   0.22800       3700.67     
   0.22900       3716.68     
   0.23000       3732.69     
   0.23100       3748.70     
   0.23200       3764.70     
   0.23300       3780.56     
   0.23400       3796.14     
   0.23500       3811.70     
   0.23600       3827.27     
   0.23700       3842.84     
   0.23800       3858.41     
   0.23900       3873.98     
   0.24000       3889.56     
   0.24100       3905.13     
   0.24200       3920.70     
   0.24300       3936.27     
   0.24400       3951.84     
   0.24500       3967.41     
   0.24600       3982.99     
   0.24700       3998.56     
   0.24800       4014.13     
   0.24900       4029.70     
   0.25000       4045.27     
   0.25100       4060.84     
   0.25200       4076.41     
   0.25300       4091.99     
   0.25400       4107.56     
   0.25500       4123.13     
   0.25600       4138.70     
   0.25700       4154.27     
   0.25800       4169.84     
   0.25900       4185.42     
   0.26000       4200.99     
   0.26100       4216.56     
   0.26200       4232.13     
   0.26300       4247.70     
   0.26400       4263.27     
   0.26500       4278.85     
   0.26600       4294.42     
   0.26700       4309.99     
   0.26800       4325.56     
   0.26900       4341.13     
   0.27000       4356.70     
   0.27100       4372.28     
   0.27200       4387.85     
   0.27300       4403.42     
   0.27400       4418.99     
   0.27500       4434.56     
   0.27600       4450.13     
   0.27700       4465.71     
   0.27800       4481.28     
   0.27900       4496.85     
   0.28000       4512.42     
   0.28100       4527.99     
   0.28200       4543.57     
   0.28300       4559.14     
   0.28400       4574.71     
   0.28500       4590.28     
   0.28600       4605.86     
   0.28700       4621.43     
   0.28800       4637.00     
   0.28900       4652.57     
   0.29000       4668.14     
   0.29100       4683.72     
   0.29200       4699.29     
   0.29300       4714.86     
   0.29400       4730.43     
   0.29500       4746.01     
   0.29600       4761.58     
   0.29700       4777.15     
   0.29800       4792.72     
   0.29900       4808.30     
   0.30000       4823.87     
   0.30100       4839.44     
   0.30200       4855.01     
   0.30300       4870.59     
   0.30400       4886.16     
   0.30500       4901.73     
   0.30600       4917.31     
   0.30700       4932.88     
   0.30800       4948.45     
   0.30900       4964.02     
   0.31000       4979.60     
   0.31100       4995.17     
   0.31200       5010.74     
   0.31300       5026.32     
   0.31400       5041.89     
   0.31500       5057.46     
   0.31600       5073.04     
   0.31700       5088.61     
   0.31800       5104.18     
   0.31900       5119.52     
   0.32000       5134.85     
   0.32100       5150.15     
   0.32200       5165.41     
   0.32300       5180.66     
   0.32400       5195.92     
   0.32500       5211.18     
   0.32600       5226.44     
   0.32700       5241.69     
   0.32800       5256.95     
   0.32900       5272.21     
   0.33000       5287.47     
   0.33100       5302.72     
   0.33200       5317.98     
   0.33300       5333.24     
   0.33400       5348.50     
   0.33500       5363.76     
   0.33600       5378.93     
   0.33700       5394.04     
   0.33800       5409.16     
   0.33900       5424.28     
   0.34000       5439.40     
   0.34100       5454.52     
   0.34200       5469.63     
   0.34300       5484.75     
   0.34400       5499.87     
   0.34500       5514.99     
   0.34600       5530.11     
   0.34700       5545.20     
   0.34800       5560.04     
   0.34900       5574.84     
   0.35000       5589.67     
   0.35100       5604.49     
   0.35200       5619.31     
   0.35300       5634.14     
   0.35400       5648.96     
   0.35500       5663.79     
   0.35600       5678.61     
   0.35700       5693.44     
   0.35800       5708.26     
   0.35900       5723.09     
   0.36000       5737.91     
   0.36100       5752.74     
   0.36200       5767.56     
   0.36300       5782.39     
   0.36400       5797.21     
   0.36500       5812.04     
   0.36600       5826.87     
   0.36700       5841.69     
   0.36800       5856.52     
   0.36900       5871.32     
   0.37000       5886.13     
   0.37100       5900.93     
   0.37200       5915.73     
   0.37300       5930.53     
   0.37400       5945.33     
   0.37500       5960.13     
   0.37600       5974.92     
   0.37700       5989.71     
   0.37800       6004.50     
   0.37900       6019.28     
   0.38000       6034.07     
   0.38100       6048.85     
   0.38200       6063.64     
   0.38300       6078.42     
   0.38400       6093.21     
   0.38500       6108.00     
   0.38600       6122.78     
   0.38700       6137.57     
   0.38800       6152.35     
   0.38900       6167.13     
   0.39000       6181.91     
   0.39100       6196.69     
   0.39200       6211.31     
   0.39300       6225.78     
   0.39400       6240.25     
   0.39500       6254.73     
   0.39600       6268.88     
   0.39700       6282.66     
   0.39800       6296.34     
   0.39900       6310.07     
   0.40000       6323.82     
   0.40100       6337.57     
   0.40200       6351.32     
   0.40300       6365.07     
   0.40400       6378.82     
   0.40500       6392.57     
   0.40600       6406.32     
   0.40700       6420.07     
   0.40800       6433.82     
   0.40900       6447.57     
   0.41000       6461.32     
   0.41100       6475.07     
   0.41200       6488.80     
   0.41300       6502.54     
   0.41400       6516.28     
   0.41500       6530.03     
   0.41600       6543.77     
   0.41700       6557.51     
   0.41800       6571.26     
   0.41900       6585.00     
   0.42000       6598.75     
   0.42100       6612.48     
   0.42200       6626.19     
   0.42300       6639.89     
   0.42400       6653.62     
   0.42500       6667.33     
   0.42600       6681.05     
   0.42700       6694.56     
   0.42800       6707.86     
   0.42900       6721.21     
   0.43000       6734.57     
   0.43100       6747.94     
   0.43200       6761.31     
   0.43300       6774.67     
   0.43400       6788.04     
   0.43500       6801.36     
   0.43600       6814.26     
   0.43700       6826.91     
   0.43800       6839.66     
   0.43900       6852.43     
   0.44000       6865.21     
   0.44100       6877.98     
   0.44200       6890.76     
   0.44300       6903.54     
   0.44400       6916.30     
   0.44500       6929.00     
   0.44600       6941.70     
   0.44700       6954.42     
   0.44800       6967.13     
   0.44900       6979.85     
   0.45000       6992.56     
   0.45100       7005.24     
   0.45200       7017.80     
   0.45300       7030.37     
   0.45400       7042.96     
   0.45500       7055.30     
   0.45600       7067.44     
   0.45700       7079.25     
   0.45800       7090.33     
   0.45900       7101.40     
   0.46000       7112.46     
   0.46100       7123.54     
   0.46200       7134.61     
   0.46300       7145.67     
   0.46400       7156.72     
   0.46500       7167.77     
   0.46600       7178.82     
   0.46700       7189.88     
   0.46800       7200.94     
   0.46900       7212.01     
   0.47000       7223.08     
   0.47100       7234.15     
   0.47200       7245.24     
   0.47300       7256.32     
   0.47400       7267.41     
   0.47500       7278.51     
   0.47600       7289.61     
   0.47700       7300.68     
   0.47800       7311.73     
   0.47900       7322.38     
   0.48000       7332.93     
   0.48100       7343.54     
   0.48200       7354.14     
   0.48300       7364.76     
   0.48400       7374.85     
   0.48500       7384.55     
   0.48600       7394.42     
   0.48700       7404.21     
   0.48800       7414.09     
   0.48900       7423.91     
   0.49000       7433.66     
   0.49100       7443.45     
   0.49200       7453.23     
   0.49300       7462.96     
   0.49400       7472.59     
   0.49500       7482.15     
   0.49600       7491.73     
   0.49700       7501.33     
   0.49800       7510.90     
   0.49900       7519.98     
   0.50000       7527.88     
   0.50100       7535.27     
   0.50200       7542.72     
   0.50300       7550.20     
   0.50400       7557.75     
   0.50500       7565.29     
   0.50600       7572.86     
   0.50700       7580.43     
   0.50800       7588.03     
   0.50900       7595.64     
   0.51000       7603.27     
   0.51100       7610.92     
   0.51200       7618.58     
   0.51300       7626.23     
   0.51400       7633.51     
   0.51500       7640.42     
   0.51600       7647.45     
   0.51700       7653.85     
   0.51800       7659.62     
   0.51900       7665.61     
   0.52000       7671.58     
   0.52100       7677.64     
   0.52200       7683.68     
   0.52300       7689.72     
   0.52400       7695.70     
   0.52500       7701.69     
   0.52600       7707.59     
   0.52700       7713.11     
   0.52800       7717.08     
   0.52900       7719.81     
   0.53000       7722.91     
   0.53100       7725.89     
   0.53200       7729.03     
   0.53300       7732.13     
   0.53400       7735.32     
   0.53500       7738.52     
   0.53600       7741.76     
   0.53700       7745.00     
   0.53800       7748.09     
   0.53900       7750.67     
   0.54000       7752.53     
   0.54100       7753.75     
   0.54200       7754.79     
   0.54300       7755.96     
   0.54400       7757.25     
   0.54500       7758.60     
   0.54600       7760.00     
   0.54700       7761.31     
   0.54800       7762.30     
   0.54900       7760.73     
   0.55000       7757.36     
   0.55100       7755.07     
   0.55200       7752.61     
   0.55300       7750.51     
   0.55400       7748.43     
   0.55500       7746.39     
   0.55600       7744.38     
   0.55700       7741.60     
   0.55800       7737.07     
   0.55900       7732.32     
   0.56000       7727.67     
   0.56100       7723.27     
   0.56200       7718.89     
   0.56300       7714.70     
   0.56400       7709.95     
   0.56500       7701.67     
   0.56600       7691.49     
   0.56700       7682.74     
   0.56800       7674.08     
   0.56900       7665.63     
   0.57000       7657.22     
   0.57100       7647.66     
   0.57200       7636.11     
   0.57300       7624.09     
   0.57400       7612.79     
   0.57500       7601.66     
   0.57600       7590.88     
   0.57700       7576.19     
   0.57800       7557.90     
   0.57900       7541.22     
   0.58000       7524.99     
   0.58100       7509.19     
   0.58200       7490.78     
   0.58300       7469.79     
   0.58400       7449.76     
   0.58500       7430.56     
   0.58600       7408.42     
   0.58700       7380.54     
   0.58800       7352.62     
   0.58900       7324.89     
   0.59000       7292.84     
   0.59100       7258.26     
   0.59200       7210.06     
   0.59300       7103.79     
   0.59323       7079.88     
   0.59331       7070.91     
   0.59334       7067.55     
   0.59336       7065.03     
   0.59337       7064.55     
   0.59337       7064.38     
    1.0000       7064.27     

