
          


         
         0	    0          
   0.20000E-01  -451.540     
   0.40000E-01  -903.080     
   0.60000E-01  -1354.62     
   0.80000E-01  -1806.16     
   0.10000      -2257.70     
   0.12000      -2709.24     
   0.14000      -3160.78     
   0.16000      -3612.32     
   0.18000      -4063.86     
   0.20000      -4515.40     
   0.22000      -4965.60     
   0.24000      -5414.95     
   0.26000      -5863.17     
   0.28000      -6309.26     
   0.30000      -6755.37     
   0.32000      -7200.01     
   0.34000      -7642.25     
   0.36000      -8080.68     
   0.38000      -8518.04     
   0.40000      -8950.62     

          


         
                   
   0.42000      -9380.31     
   0.44000      -9803.98     
   0.46000      -10223.1     
   0.48000      -10634.7     
   0.50000      -11038.6     
   0.52000      -11433.3     
   0.54000      -11816.4     
   0.56000      -12185.8     
   0.58000      -12538.0     
   0.60000      -12868.0     
   0.62000      -13169.8     
   0.64000      -13432.6     
   0.66000      -13636.6     
   0.68000      -13742.6     
   0.68182      -13738.0     
   0.68365      -13734.1     
   0.68401      -13716.5     
   0.68405      -13689.1     
   0.68406      -13679.6     
   0.68407      -13636.4     

