
          


          
        0	    0	              
   0.20000E-02   102.896     
   0.40000E-02   205.791     
   0.60000E-02   308.687     
   0.80000E-02   411.583     
   0.10000E-01   514.479     
   0.12000E-01   617.374     
   0.14000E-01   720.270     
   0.16000E-01   823.166     
   0.18000E-01   926.062     
   0.20000E-01   1028.96     
   0.22000E-01   1131.85     
   0.24000E-01   1234.75     
   0.26000E-01   1337.64     
   0.28000E-01   1440.54     
   0.30000E-01   1543.44     
   0.32000E-01   1646.33     
   0.34000E-01   1749.23     
   0.36000E-01   1852.12     
   0.38000E-01   1955.02     
   0.40000E-01   2057.91     

          


          
                      
   0.42000E-01   2160.81     
   0.44000E-01   2263.71     
   0.46000E-01   2366.60     
   0.48000E-01   2469.50     
   0.50000E-01   2572.39     
   0.52000E-01   2675.29     
   0.54000E-01   2778.18     
   0.56000E-01   2881.08     
   0.58000E-01   2983.98     
   0.60000E-01   3086.87     
   0.62000E-01   3189.77     
   0.64000E-01   3292.66     
   0.66000E-01   3395.56     
   0.68000E-01   3498.46     
   0.70000E-01   3601.35     
   0.72000E-01   3704.25     
   0.74000E-01   3807.14     
   0.76000E-01   3908.63     
   0.78000E-01   4008.82     
   0.80000E-01   4106.79     

          


          
                      
   0.82000E-01   4201.18     
   0.84000E-01   4294.37     
   0.86000E-01   4387.34     
   0.88000E-01   4480.86     
   0.90000E-01   4574.70     
   0.92000E-01   4668.60     
   0.94000E-01   4762.41     
   0.96000E-01   4856.17     
   0.98000E-01   4949.90     
   0.10000       5042.69     
   0.10200       5133.58     
   0.10400       5223.85     
   0.10600       5313.90     
   0.10800       5404.24     
   0.11000       5494.52     
   0.11200       5584.48     
   0.11400       5670.47     
   0.11600       5756.64     
   0.11800       5840.43     
   0.12000       5924.74     

          


          
                      
   0.12200       6007.73     
   0.12400       6091.55     
   0.12600       6175.48     
   0.12800       6259.43     
   0.13000       6343.23     
   0.13200       6426.30     
   0.13400       6508.82     
   0.13600       6591.23     
   0.13800       6673.22     
   0.14000       6754.50     
   0.14200       6834.61     
   0.14400       6912.97     
   0.14600       6989.56     
   0.14800       7065.06     
   0.15000       7139.21     
   0.15200       7208.74     
   0.15400       7272.63     
   0.15600       7331.83     
   0.15800       7387.55     
   0.16000       7442.48     

          


          
                      
   0.16200       7499.12     
   0.16400       7558.62     
   0.16600       7620.30     
   0.16800       7681.96     
   0.17000       7740.43     
   0.17200       7793.43     
   0.17400       7829.15     
   0.17600       7847.22     
   0.17800       7863.71     
   0.18000       7880.99     
   0.18200       7902.71     
   0.18400       7929.93     
   0.18600       7964.15     
   0.18800       8011.39     
   0.19000       8063.56     
   0.19200       8112.47     
   0.19400       8153.45     
   0.19600       8186.27     
   0.19800       8215.30     
   0.20000       8241.95     

          


          
                      
   0.20200       8270.09     
   0.20400       8300.48     
   0.20600       8334.62     
   0.20800       8370.50     
   0.21000       8406.59     
   0.21200       8441.48     
   0.21400       8475.12     
   0.21600       8509.00     
   0.21800       8543.49     
   0.22000       8577.31     
   0.22200       8610.73     
   0.22400       8643.72     
   0.22600       8677.82     
   0.22800       8710.87     
   0.23000       8740.22     
   0.23200       8757.25     
   0.23400       8764.44     
   0.23600       8764.35     
   0.23800       8764.48     
   0.24000       8770.33     

          


          
                      
   0.24200       8782.28     
   0.24400       8795.59     
   0.24600       8801.75     
   0.24800       8794.67     
   0.25000       8779.59     
   0.25200       8764.47     
   0.25400       8757.53     
   0.25600       8761.76     
   0.25800       8776.04     
   0.26000       8797.21     
   0.26200       8816.93     
   0.26400       8826.14     
   0.26490       8812.30     
   0.26580       8790.79     
   0.26715       8759.62     
   0.26915       8723.82     
   0.27115       8701.69     
   0.27315       8689.59     
   0.27515       8678.62     
   0.27715       8662.58     

          


          
                      
   0.27915       8638.76     
   0.28115       8605.12     
   0.28315       8569.82     
   0.28515       8540.03     
   0.28715       8509.86     
   0.28915       8474.68     
   0.29115       8436.28     
   0.29315       8396.17     
   0.29515       8357.86     
   0.29715       8281.94     
   0.29815       8215.56     
   0.29828       8195.58     
   0.29834       8174.58     
   0.29835       8151.88     
   0.29836       8016.81     
   0.29837       7872.18     
    1.0000       7271.43     

