
          


          
        0		0              
   0.20000E-02  0.400000E-005
   0.40000E-02  0.800000E-005
   0.60000E-02  0.120000E-004
   0.80000E-02  0.160000E-004
   0.10000E-01  0.200000E-004
   0.12000E-01  0.240000E-004
   0.14000E-01  0.280000E-004
   0.16000E-01  0.320000E-004
   0.18000E-01  0.360000E-004
   0.20000E-01  0.400000E-004
   0.22000E-01  0.440000E-004
   0.24000E-01  0.480000E-004
   0.26000E-01  0.520000E-004
   0.28000E-01  0.560000E-004
   0.30000E-01  0.600000E-004
   0.32000E-01  0.640000E-004
   0.34000E-01  0.680000E-004
   0.36000E-01  0.720000E-004
   0.38000E-01  0.760000E-004
   0.40000E-01  0.800000E-004

          


          
                      
   0.42000E-01  0.840000E-004
   0.44000E-01  0.880000E-004
   0.46000E-01  0.920000E-004
   0.48000E-01  0.960000E-004
   0.50000E-01  0.100000E-003
   0.52000E-01  0.104000E-003
   0.54000E-01  0.108000E-003
   0.56000E-01  0.112000E-003
   0.58000E-01  0.116000E-003
   0.60000E-01  0.120000E-003
   0.62000E-01  0.124000E-003
   0.64000E-01  0.128000E-003
   0.66000E-01  0.132000E-003
   0.68000E-01  0.136000E-003
   0.70000E-01  0.140000E-003
   0.72000E-01  0.144000E-003
   0.74000E-01  0.148000E-003
   0.76000E-01  0.152000E-003
   0.78000E-01  0.156000E-003
   0.80000E-01  0.160000E-003

          


          
                      
   0.82000E-01  0.164000E-003
   0.84000E-01  0.168000E-003
   0.86000E-01  0.172000E-003
   0.88000E-01  0.176000E-003
   0.90000E-01  0.180000E-003
   0.92000E-01  0.184000E-003
   0.94000E-01  0.188000E-003
   0.96000E-01  0.192000E-003
   0.98000E-01  0.196000E-003
   0.10000      0.200000E-003
   0.10200      0.204000E-003
   0.10400      0.208000E-003
   0.10600      0.212000E-003
   0.10800      0.216000E-003
   0.11000      0.220000E-003
   0.11200      0.224000E-003
   0.11400      0.228000E-003
   0.11600      0.232000E-003
   0.11800      0.236000E-003
   0.12000      0.240000E-003

          


          
                      
   0.12200      0.244000E-003
   0.12400      0.248000E-003
   0.12600      0.252000E-003
   0.12800      0.256000E-003
   0.13000      0.260000E-003
   0.13200      0.264000E-003
   0.13400      0.268000E-003
   0.13600      0.272000E-003
   0.13800      0.276000E-003
   0.14000      0.280000E-003
   0.14200      0.284000E-003
   0.14400      0.288000E-003
   0.14600      0.292000E-003
   0.14800      0.296000E-003
   0.15000      0.300000E-003
   0.15200      0.304000E-003
   0.15400      0.308000E-003
   0.15600      0.312000E-003
   0.15800      0.316000E-003
   0.16000      0.320000E-003

          


          
                      
   0.16200      0.324000E-003
   0.16400      0.328000E-003
   0.16600      0.332000E-003
   0.16800      0.336000E-003
   0.17000      0.340000E-003
   0.17200      0.344000E-003
   0.17400      0.348000E-003
   0.17600      0.352000E-003
   0.17800      0.356000E-003
   0.18000      0.360000E-003
   0.18200      0.364000E-003
   0.18400      0.368000E-003
   0.18600      0.372000E-003
   0.18800      0.376000E-003
   0.19000      0.380000E-003
   0.19200      0.384000E-003
   0.19400      0.388000E-003
   0.19600      0.392000E-003
   0.19800      0.396000E-003
   0.20000      0.400000E-003

          


          
                      
   0.20200      0.404000E-003
   0.20400      0.408000E-003
   0.20600      0.412000E-003
   0.20800      0.416000E-003
   0.21000      0.420000E-003
   0.21200      0.424000E-003
   0.21400      0.428000E-003
   0.21600      0.432000E-003
   0.21800      0.436000E-003
   0.22000      0.440000E-003
   0.22200      0.444000E-003
   0.22400      0.448000E-003
   0.22600      0.452000E-003
   0.22800      0.456000E-003
   0.23000      0.460000E-003
   0.23200      0.464000E-003
   0.23400      0.468000E-003
   0.23600      0.472000E-003
   0.23800      0.476000E-003
   0.24000      0.480000E-003

          


          
                      
   0.24200      0.484000E-003
   0.24400      0.488000E-003
   0.24600      0.492000E-003
   0.24800      0.496000E-003
   0.25000      0.500000E-003
   0.25200      0.504000E-003
   0.25400      0.508000E-003
   0.25600      0.512000E-003
   0.25800      0.516000E-003
   0.26000      0.520000E-003
   0.26200      0.524000E-003
   0.26400      0.528000E-003
   0.26490      0.529800E-003
   0.26580      0.531600E-003
   0.26715      0.534300E-003
   0.26915      0.538300E-003
   0.27115      0.542300E-003
   0.27315      0.546300E-003
   0.27515      0.550300E-003
   0.27715      0.554300E-003

          


          
                      
   0.27915      0.558300E-003
   0.28115      0.562300E-003
   0.28315      0.566300E-003
   0.28515      0.570300E-003
   0.28715      0.574300E-003
   0.28915      0.578300E-003
   0.29115      0.582300E-003
   0.29315      0.586300E-003
   0.29515      0.590300E-003
   0.29715      0.594300E-003
   0.29815      0.596300E-003
   0.29828      0.596550E-003
   0.29834      0.596675E-003
   0.29835      0.596695E-003
   0.29836      0.596715E-003
   0.29837      0.596735E-003
    1.0000      0.596755E-003

