
          


     
        0		0          
   0.20000E-02  0.192177E+008
   0.40000E-02  0.384354E+008
   0.60000E-02  0.576530E+008
   0.80000E-02  0.768707E+008
   0.10000E-01  0.960884E+008
   0.12000E-01  0.115306E+009
   0.14000E-01  0.134524E+009
   0.16000E-01  0.153741E+009
   0.18000E-01  0.172959E+009
   0.20000E-01  0.192177E+009
   0.22000E-01  0.211394E+009
   0.24000E-01  0.230612E+009
   0.26000E-01  0.249830E+009
   0.28000E-01  0.269047E+009
   0.30000E-01  0.288265E+009
   0.32000E-01  0.307483E+009
   0.34000E-01  0.326701E+009
   0.36000E-01  0.345918E+009
   0.38000E-01  0.365136E+009
   0.40000E-01  0.384354E+009

          


     
                  
   0.42000E-01  0.403571E+009
   0.44000E-01  0.422789E+009
   0.46000E-01  0.442007E+009
   0.48000E-01  0.461224E+009
   0.50000E-01  0.480442E+009
   0.52000E-01  0.499660E+009
   0.54000E-01  0.518877E+009
   0.56000E-01  0.538095E+009
   0.58000E-01  0.557313E+009
   0.60000E-01  0.576530E+009
   0.62000E-01  0.595748E+009
   0.64000E-01  0.614966E+009
   0.66000E-01  0.634183E+009
   0.68000E-01  0.653401E+009
   0.70000E-01  0.672619E+009
   0.72000E-01  0.691836E+009
   0.74000E-01  0.711054E+009
   0.76000E-01  0.730272E+009
   0.78000E-01  0.749489E+009
   0.80000E-01  0.768707E+009

          


     
                  
   0.82000E-01  0.788247E+009
   0.84000E-01  0.815342E+009
   0.86000E-01  0.844304E+009
   0.88000E-01  0.868275E+009
   0.90000E-01  0.865119E+009
   0.92000E-01  0.860374E+009
   0.94000E-01  0.855747E+009
   0.96000E-01  0.850673E+009
   0.98000E-01  0.845793E+009
   0.10000      0.841081E+009
   0.10200      0.836524E+009
   0.10400      0.832059E+009
   0.10600      0.827703E+009
   0.10800      0.823448E+009
   0.11000      0.818758E+009
   0.11200      0.813332E+009
   0.11400      0.807524E+009
   0.11600      0.801510E+009
   0.11800      0.795217E+009
   0.12000      0.788670E+009

          


     
                  
   0.12200      0.782032E+009
   0.12400      0.775102E+009
   0.12600      0.767450E+009
   0.12800      0.758950E+009
   0.13000      0.749974E+009
   0.13200      0.741079E+009
   0.13400      0.732604E+009
   0.13600      0.724597E+009
   0.13800      0.716954E+009
   0.14000      0.709478E+009
   0.14200      0.701932E+009
   0.14400      0.694149E+009
   0.14600      0.686247E+009
   0.14800      0.678090E+009
   0.15000      0.669638E+009
   0.15200      0.660843E+009
   0.15400      0.652015E+009
   0.15600      0.643145E+009
   0.15800      0.634161E+009
   0.16000      0.624975E+009

          


     
                  
   0.16200      0.615246E+009
   0.16400      0.604549E+009
   0.16600      0.593083E+009
   0.16800      0.581409E+009
   0.17000      0.569539E+009
   0.17200      0.557668E+009
   0.17400      0.544315E+009
   0.17600      0.529534E+009
   0.17800      0.513687E+009
   0.18000      0.498554E+009
   0.18200      0.484210E+009
   0.18400      0.473921E+009
   0.18600      0.464647E+009
   0.18800      0.456036E+009
   0.19000      0.447792E+009
   0.19200      0.439771E+009
   0.19400      0.431776E+009
   0.19600      0.423660E+009
   0.19800      0.415297E+009
   0.20000      0.406850E+009

          


     
                  
   0.20200      0.398275E+009
   0.20400      0.389909E+009
   0.20600      0.381881E+009
   0.20800      0.374080E+009
   0.21000      0.366517E+009
   0.21200      0.359173E+009
   0.21400      0.351921E+009
   0.21600      0.344732E+009
   0.21800      0.337698E+009
   0.22000      0.330895E+009
   0.22200      0.324311E+009
   0.22400      0.317910E+009
   0.22600      0.311638E+009
   0.22800      0.305432E+009
   0.23000      0.299259E+009
   0.23200      0.292786E+009
   0.23400      0.285927E+009
   0.23600      0.279001E+009
   0.23800      0.272182E+009
   0.24000      0.265536E+009

          


     
                  
   0.24200      0.259202E+009
   0.24400      0.253166E+009
   0.24600      0.247015E+009
   0.24800      0.240557E+009
   0.25000      0.233746E+009
   0.25200      0.226894E+009
   0.25400      0.220380E+009
   0.25600      0.214685E+009
   0.25800      0.209693E+009
   0.26000      0.204824E+009
   0.26200      0.199283E+009
   0.26400      0.192565E+009
   0.26600      0.186193E+009
   0.26800      0.180441E+009
   0.27000      0.175022E+009
   0.27200      0.168997E+009
   0.27400      0.163040E+009
   0.27600      0.157722E+009
   0.27800      0.154088E+009
   0.28000      0.150510E+009

          


     
                  
   0.28200      0.146652E+009
   0.28400      0.141528E+009
   0.28600      0.136484E+009
   0.28800      0.131718E+009
   0.29000      0.127188E+009
   0.29200      0.122632E+009
   0.29250      0.121385E+009
   0.29263      0.120929E+009
    1.0000      0.118465E+009

