
          


   
          0		0       
   0.20000E-02  -868140.     
   0.40000E-02 -0.173628E+007
   0.60000E-02 -0.260442E+007
   0.80000E-02 -0.347256E+007
   0.10000E-01 -0.434070E+007
   0.12000E-01 -0.520884E+007
   0.14000E-01 -0.607698E+007
   0.16000E-01 -0.694512E+007
   0.18000E-01 -0.781326E+007
   0.20000E-01 -0.868140E+007
   0.22000E-01 -0.954954E+007
   0.24000E-01 -0.104177E+008
   0.26000E-01 -0.112858E+008
   0.28000E-01 -0.121540E+008
   0.30000E-01 -0.130221E+008
   0.32000E-01 -0.138902E+008
   0.34000E-01 -0.147584E+008
   0.36000E-01 -0.156265E+008
   0.38000E-01 -0.164947E+008
   0.40000E-01 -0.173628E+008

          


   
                 
   0.42000E-01 -0.182309E+008
   0.44000E-01 -0.190991E+008
   0.46000E-01 -0.199672E+008
   0.48000E-01 -0.208354E+008
   0.50000E-01 -0.217035E+008
   0.52000E-01 -0.225716E+008
   0.54000E-01 -0.234398E+008
   0.56000E-01 -0.243079E+008
   0.58000E-01 -0.251761E+008
   0.60000E-01 -0.260442E+008
   0.62000E-01 -0.269124E+008
   0.64000E-01 -0.277805E+008
   0.66000E-01 -0.286486E+008
   0.68000E-01 -0.295168E+008
   0.70000E-01 -0.303849E+008
   0.72000E-01 -0.312531E+008
   0.74000E-01 -0.321212E+008
   0.76000E-01 -0.329893E+008
   0.78000E-01 -0.338575E+008
   0.80000E-01 -0.347256E+008

          


   
                 
   0.82000E-01 -0.355991E+008
   0.84000E-01 -0.366137E+008
   0.86000E-01 -0.379308E+008
   0.88000E-01 -0.389087E+008
   0.90000E-01 -0.379316E+008
   0.92000E-01 -0.375302E+008
   0.94000E-01 -0.367928E+008
   0.96000E-01 -0.362924E+008
   0.98000E-01 -0.357491E+008
   0.10000     -0.352319E+008
   0.10200     -0.347133E+008
   0.10400     -0.342149E+008
   0.10600     -0.337282E+008
   0.10800     -0.332568E+008
   0.11000     -0.327310E+008
   0.11200     -0.323621E+008
   0.11400     -0.319739E+008
   0.11600     -0.316532E+008
   0.11800     -0.314304E+008
   0.12000     -0.312607E+008

          


   
                 
   0.12200     -0.311003E+008
   0.12400     -0.308870E+008
   0.12600     -0.306482E+008
   0.12800     -0.306026E+008
   0.13000     -0.305130E+008
   0.13200     -0.304519E+008
   0.13400     -0.302753E+008
   0.13600     -0.300493E+008
   0.13800     -0.297800E+008
   0.14000     -0.294878E+008
   0.14200     -0.292135E+008
   0.14400     -0.289799E+008
   0.14600     -0.287646E+008
   0.14800     -0.285473E+008
   0.15000     -0.283230E+008
   0.15200     -0.280925E+008
   0.15400     -0.278840E+008
   0.15600     -0.266303E+008
   0.15800     -0.253314E+008
   0.16000     -0.240726E+008

          


   
                 
   0.16200     -0.228106E+008
   0.16400     -0.215074E+008
   0.16600     -0.202031E+008
   0.16800     -0.189616E+008
   0.17000     -0.177731E+008
   0.17200     -0.166577E+008
   0.17400     -0.154833E+008
   0.17600     -0.142803E+008
   0.17800     -0.130881E+008
   0.18000     -0.120367E+008
   0.18200     -0.111109E+008
   0.18400     -0.104868E+008
   0.18600     -0.995074E+007
   0.18800     -0.947414E+007
   0.19000     -0.903645E+007
   0.19200     -0.862714E+007
   0.19400     -0.823469E+007
   0.19600     -0.785143E+007
   0.19800     -0.747182E+007
   0.20000     -0.710345E+007

          


   
                 
   0.20200     -0.674440E+007
   0.20400     -0.640786E+007
   0.20600     -0.609728E+007
   0.20800     -0.580660E+007
   0.21000     -0.553494E+007
   0.21200     -0.528025E+007
   0.21400     -0.503734E+007
   0.21600     -0.480468E+007
   0.21800     -0.458457E+007
   0.22000     -0.437851E+007
   0.22200     -0.418538E+007
   0.22400     -0.400349E+007
   0.22600     -0.383046E+007
   0.22800     -0.366441E+007
   0.23000     -0.350413E+007
   0.23200     -0.334163E+007
   0.23400     -0.317507E+007
   0.23600     -0.301244E+007
   0.23800     -0.285785E+007
   0.24000     -0.271220E+007

          


   
                 
   0.24200     -0.257767E+007
   0.24400     -0.245350E+007
   0.24600     -0.233137E+007
   0.24800     -0.220745E+007
   0.25000     -0.208124E+007
   0.25200     -0.195869E+007
   0.25400     -0.184596E+007
   0.25600     -0.175036E+007
   0.25800     -0.166886E+007
   0.26000     -0.159157E+007
   0.26200     -0.150680E+007
   0.26400     -0.140807E+007
   0.26600     -0.131769E+007
   0.26800     -0.123886E+007
   0.27000     -0.116726E+007
   0.27200     -0.109102E+007
   0.27400     -0.101832E+007
   0.27600      -955316.     
   0.27800      -912867.     
   0.28000      -872133.     

          


   
                 
   0.28200      -829716.     
   0.28400      -776103.     
   0.28600      -725023.     
   0.28800      -678469.     
   0.29000      -636000.     
   0.29200      -594959.     
   0.29250      -584022.     
   0.29263      -580187.     
    1.0000      -560655.     

