
          


     
         0		0             
   0.20000E-02   560264.     
   0.40000E-02  0.112053E+007
   0.60000E-02  0.168079E+007
   0.80000E-02  0.224106E+007
   0.10000E-01  0.280132E+007
   0.12000E-01  0.336159E+007
   0.14000E-01  0.392185E+007
   0.16000E-01  0.448211E+007
   0.18000E-01  0.504238E+007
   0.20000E-01  0.560264E+007
   0.22000E-01  0.616291E+007
   0.24000E-01  0.672317E+007
   0.26000E-01  0.728344E+007
   0.28000E-01  0.784370E+007
   0.30000E-01  0.840396E+007
   0.32000E-01  0.896423E+007
   0.34000E-01  0.952449E+007
   0.36000E-01  0.100848E+008
   0.38000E-01  0.106450E+008
   0.40000E-01  0.112053E+008

          


     
                      
   0.42000E-01  0.117655E+008
   0.44000E-01  0.123258E+008
   0.46000E-01  0.128861E+008
   0.48000E-01  0.134463E+008
   0.50000E-01  0.140066E+008
   0.52000E-01  0.145669E+008
   0.54000E-01  0.151271E+008
   0.56000E-01  0.156874E+008
   0.58000E-01  0.162477E+008
   0.60000E-01  0.168079E+008
   0.62000E-01  0.173682E+008
   0.64000E-01  0.179285E+008
   0.66000E-01  0.184887E+008
   0.68000E-01  0.190490E+008
   0.70000E-01  0.196092E+008
   0.72000E-01  0.201695E+008
   0.74000E-01  0.207298E+008
   0.76000E-01  0.212900E+008
   0.78000E-01  0.218503E+008
   0.80000E-01  0.224106E+008

          


     
                      
   0.82000E-01  0.229711E+008
   0.84000E-01  0.234968E+008
   0.86000E-01  0.232797E+008
   0.88000E-01  0.231171E+008
   0.90000E-01  0.239594E+008
   0.92000E-01  0.228065E+008
   0.94000E-01  0.226354E+008
   0.96000E-01  0.219035E+008
   0.98000E-01  0.214682E+008
   0.10000      0.211186E+008
   0.10200      0.209273E+008
   0.10400      0.207437E+008
   0.10600      0.205897E+008
   0.10800      0.204724E+008
   0.11000      0.205555E+008
   0.11200      0.201077E+008
   0.11400      0.196315E+008
   0.11600      0.189493E+008
   0.11800      0.184425E+008
   0.12000      0.178354E+008

          


     
                      
   0.12200      0.171769E+008
   0.12400      0.164556E+008
   0.12600      0.166282E+008
   0.12800      0.162154E+008
   0.13000      0.161184E+008
   0.13200      0.156905E+008
   0.13400      0.157209E+008
   0.13600      0.158057E+008
   0.13800      0.160886E+008
   0.14000      0.164589E+008
   0.14200      0.166900E+008
   0.14400      0.166323E+008
   0.14600      0.164908E+008
   0.14800      0.162260E+008
   0.15000      0.159155E+008
   0.15200      0.156607E+008
   0.15400      0.153420E+008
   0.15600      0.146114E+008
   0.15800      0.140100E+008
   0.16000      0.136434E+008

          


     
                      
   0.16200      0.137049E+008
   0.16400      0.143645E+008
   0.16600      0.150292E+008
   0.16800      0.156432E+008
   0.17000      0.165076E+008
   0.17200      0.174797E+008
   0.17400      0.179986E+008
   0.17600      0.177319E+008
   0.17800      0.176991E+008
   0.18000      0.174117E+008
   0.18200      0.173874E+008
   0.18400      0.169988E+008
   0.18600      0.167010E+008
   0.18800      0.165292E+008
   0.19000      0.163538E+008
   0.19200      0.161530E+008
   0.19400      0.159660E+008
   0.19600      0.157934E+008
   0.19800      0.157031E+008
   0.20000      0.155792E+008

          


     
                      
   0.20200      0.155424E+008
   0.20400      0.154306E+008
   0.20600      0.152765E+008
   0.20800      0.152778E+008
   0.21000      0.152984E+008
   0.21200      0.151991E+008
   0.21400      0.151038E+008
   0.21600      0.151004E+008
   0.21800      0.150840E+008
   0.22000      0.150573E+008
   0.22200      0.150513E+008
   0.22400      0.150141E+008
   0.22600      0.149498E+008
   0.22800      0.149063E+008
   0.23000      0.148730E+008
   0.23200      0.148700E+008
   0.23400      0.149471E+008
   0.23600      0.150759E+008
   0.23800      0.152140E+008
   0.24000      0.153398E+008

          


     
                      
   0.24200      0.154348E+008
   0.24400      0.154730E+008
   0.24600      0.154915E+008
   0.24800      0.155707E+008
   0.25000      0.157341E+008
   0.25200      0.159752E+008
   0.25400      0.162233E+008
   0.25600      0.163242E+008
   0.25800      0.162930E+008
   0.26000      0.162295E+008
   0.26200      0.162049E+008
   0.26400      0.164020E+008
   0.26600      0.166792E+008
   0.26800      0.168522E+008
   0.27000      0.168711E+008
   0.27200      0.170033E+008
   0.27400      0.172054E+008
   0.27600      0.174222E+008
   0.27800      0.172990E+008
   0.28000      0.171714E+008

          


     
                      
   0.28200      0.170513E+008
   0.28400      0.171548E+008
   0.28600      0.174249E+008
   0.28800      0.176214E+008
   0.29000      0.176674E+008
   0.29200      0.177315E+008
   0.29250      0.177995E+008
   0.29263      0.178157E+008
    1.0000      0.181576E+008

