
  	0		0
   0.20000E-02  0.200000E-002
   0.40000E-02  0.400000E-002
   0.60000E-02  0.600000E-002
   0.80000E-02  0.800000E-002
   0.10000E-01  0.100000E-001
   0.12000E-01  0.120000E-001
   0.14000E-01  0.140000E-001
   0.16000E-01  0.160000E-001
   0.18000E-01  0.180000E-001
   0.20000E-01  0.200000E-001
   0.22000E-01  0.220000E-001
   0.24000E-01  0.240000E-001
   0.26000E-01  0.260000E-001
   0.28000E-01  0.280000E-001
   0.30000E-01  0.300000E-001
   0.32000E-01  0.320000E-001
   0.34000E-01  0.340000E-001
   0.36000E-01  0.360000E-001
   0.38000E-01  0.380000E-001
   0.40000E-01  0.400000E-001

  
   0.42000E-01  0.420000E-001
   0.44000E-01  0.440000E-001
   0.46000E-01  0.460000E-001
   0.48000E-01  0.480000E-001
   0.50000E-01  0.500000E-001
   0.52000E-01  0.520000E-001
   0.54000E-01  0.540000E-001
   0.56000E-01  0.560000E-001
   0.58000E-01  0.580000E-001
   0.60000E-01  0.600000E-001
   0.62000E-01  0.620000E-001
   0.64000E-01  0.640000E-001
   0.66000E-01  0.660000E-001
   0.68000E-01  0.680000E-001
   0.70000E-01  0.700000E-001
   0.72000E-01  0.720000E-001
   0.74000E-01  0.740000E-001
   0.76000E-01  0.760000E-001
   0.78000E-01  0.780000E-001
   0.80000E-01  0.800000E-001

  
   0.82000E-01  0.820000E-001
   0.84000E-01  0.840000E-001
   0.86000E-01  0.860000E-001
   0.88000E-01  0.880000E-001
   0.90000E-01  0.900000E-001
   0.92000E-01  0.920000E-001
   0.94000E-01  0.940000E-001
   0.96000E-01  0.960000E-001
   0.98000E-01  0.980000E-001
   0.10000      0.100000     
   0.10200      0.102000     
   0.10400      0.104000     
   0.10600      0.106000     
   0.10800      0.108000     
   0.11000      0.110000     
   0.11200      0.112000     
   0.11400      0.114000     
   0.11600      0.116000     
   0.11800      0.118000     
   0.12000      0.120000     

  
   0.12200      0.122000     
   0.12400      0.124000     
   0.12600      0.126000     
   0.12800      0.128000     
   0.13000      0.130000     
   0.13200      0.132000     
   0.13400      0.134000     
   0.13600      0.136000     
   0.13800      0.138000     
   0.14000      0.140000     
   0.14200      0.142000     
   0.14400      0.144000     
   0.14600      0.146000     
   0.14800      0.148000     
   0.15000      0.150000     
   0.15200      0.152000     
   0.15400      0.154000     
   0.15600      0.156000     
   0.15800      0.158000     
   0.16000      0.160000     

  
   0.16200      0.162000     
   0.16400      0.164000     
   0.16600      0.166000     
   0.16800      0.168000     
   0.17000      0.170000     
   0.17200      0.172000     
   0.17400      0.174000     
   0.17600      0.176000     
   0.17800      0.178000     
   0.18000      0.180000     
   0.18200      0.182000     
   0.18400      0.184000     
   0.18600      0.186000     
   0.18800      0.188000     
   0.19000      0.190000     
   0.19200      0.192000     
   0.19400      0.194000     
   0.19600      0.196000     
   0.19800      0.198000     
   0.20000      0.200000     

  
   0.20200      0.202000     
   0.20400      0.204000     
   0.20600      0.206000     
   0.20800      0.208000     
   0.21000      0.210000     
   0.21200      0.212000     
   0.21400      0.214000     
   0.21600      0.216000     
   0.21800      0.218000     
   0.22000      0.220000     
   0.22200      0.222000     
   0.22400      0.224000     
   0.22600      0.226000     
   0.22800      0.228000     
   0.23000      0.230000     
   0.23200      0.232000     
   0.23400      0.234000     
   0.23600      0.236000     
   0.23800      0.238000     
   0.24000      0.240000     

  
   0.24200      0.242000     
   0.24400      0.244000     
   0.24600      0.246000     
   0.24800      0.248000     
   0.25000      0.250000     
   0.25200      0.252000     
   0.25400      0.254000     
   0.25600      0.256000     
   0.25800      0.258000     
   0.26000      0.260000     
   0.26200      0.262000     
   0.26400      0.264000     
   0.26600      0.266000     
   0.26800      0.268000     
   0.27000      0.270000     
   0.27200      0.272000     
   0.27400      0.274000     
   0.27600      0.276000     
   0.27800      0.278000     
   0.28000      0.280000     

  
   0.28200      0.282000     
   0.28400      0.284000     
   0.28600      0.286000     
   0.28800      0.288000     
   0.29000      0.290000     
   0.29200      0.292000     
   0.29250      0.292500     
   0.29263      0.292625     
    1.0000       1.00000     

