	0		0
   0.10000E-02  0.360189E-004
   0.20000E-02  0.720378E-004
   0.30000E-02  0.108057E-003
   0.40000E-02  0.144076E-003
   0.50000E-02  0.180094E-003
   0.60000E-02  0.216113E-003
   0.70000E-02  0.252132E-003
   0.80000E-02  0.288151E-003
   0.90000E-02  0.324170E-003
   0.10000E-01  0.360189E-003
   0.11000E-01  0.396208E-003
   0.12000E-01  0.432227E-003
   0.13000E-01  0.468245E-003
   0.14000E-01  0.504264E-003
   0.15000E-01  0.540283E-003
   0.16000E-01  0.576302E-003
   0.17000E-01  0.612321E-003
   0.18000E-01  0.648340E-003
   0.19000E-01  0.684359E-003
   0.20000E-01  0.720378E-003
   0.21000E-01  0.756396E-003
   0.22000E-01  0.792415E-003
   0.23000E-01  0.828434E-003
   0.24000E-01  0.864453E-003
   0.25000E-01  0.900472E-003
   0.26000E-01  0.936491E-003
   0.27000E-01  0.972510E-003
   0.28000E-01  0.100853E-002
   0.29000E-01  0.104455E-002
   0.30000E-01  0.108057E-002
   0.31000E-01  0.111659E-002
   0.32000E-01  0.115260E-002
   0.33000E-01  0.118862E-002
   0.34000E-01  0.122464E-002
   0.35000E-01  0.126066E-002
   0.36000E-01  0.129668E-002
   0.37000E-01  0.133270E-002
   0.38000E-01  0.136872E-002
   0.39000E-01  0.140474E-002
   0.40000E-01  0.144076E-002
   0.41000E-01  0.147677E-002
   0.42000E-01  0.151279E-002
   0.43000E-01  0.154881E-002
   0.44000E-01  0.158483E-002
   0.45000E-01  0.162085E-002
   0.46000E-01  0.165687E-002
   0.47000E-01  0.169289E-002
   0.48000E-01  0.172891E-002
   0.49000E-01  0.176493E-002
   0.50000E-01  0.180094E-002
   0.51000E-01  0.183696E-002
   0.52000E-01  0.187298E-002
   0.53000E-01  0.190900E-002
   0.54000E-01  0.194502E-002
   0.55000E-01  0.198104E-002
   0.56000E-01  0.201706E-002
   0.57000E-01  0.205308E-002
   0.58000E-01  0.208910E-002
   0.59000E-01  0.212511E-002
   0.60000E-01  0.216113E-002
   0.61000E-01  0.219715E-002
   0.62000E-01  0.223317E-002
   0.63000E-01  0.226919E-002
   0.64000E-01  0.230521E-002
   0.65000E-01  0.234123E-002
   0.66000E-01  0.237725E-002
   0.67000E-01  0.241326E-002
   0.68000E-01  0.244928E-002
   0.69000E-01  0.248530E-002
   0.70000E-01  0.252132E-002
   0.71000E-01  0.255734E-002
   0.72000E-01  0.259336E-002
   0.73000E-01  0.262938E-002
   0.74000E-01  0.266540E-002
   0.75000E-01  0.270142E-002
   0.76000E-01  0.273743E-002
   0.77000E-01  0.277345E-002
   0.78000E-01  0.280947E-002
   0.79000E-01  0.284549E-002
   0.80000E-01  0.288151E-002
   0.81000E-01  0.291753E-002
   0.82000E-01  0.295355E-002
   0.83000E-01  0.298957E-002
   0.84000E-01  0.302559E-002
   0.85000E-01  0.306160E-002
   0.86000E-01  0.309762E-002
   0.87000E-01  0.313364E-002
   0.88000E-01  0.316966E-002
   0.89000E-01  0.320568E-002
   0.90000E-01  0.324170E-002
   0.91000E-01  0.327772E-002
   0.92000E-01  0.331374E-002
   0.93000E-01  0.334976E-002
   0.94000E-01  0.338577E-002
   0.95000E-01  0.342179E-002
   0.96000E-01  0.345781E-002
   0.97000E-01  0.349383E-002
   0.98000E-01  0.352985E-002
   0.99000E-01  0.356587E-002
   0.10000      0.360189E-002
   0.10100      0.363791E-002
   0.10200      0.367393E-002
   0.10300      0.370994E-002
   0.10400      0.374596E-002
   0.10500      0.378198E-002
   0.10600      0.381800E-002
   0.10700      0.385402E-002
   0.10800      0.389004E-002
   0.10900      0.392606E-002
   0.11000      0.396208E-002
   0.11100      0.399810E-002
   0.11200      0.403411E-002
   0.11300      0.407013E-002
   0.11400      0.410615E-002
   0.11500      0.414217E-002
   0.11600      0.417819E-002
   0.11700      0.421421E-002
   0.11800      0.425023E-002
   0.11900      0.428625E-002
   0.12000      0.432227E-002
   0.12100      0.435828E-002
   0.12200      0.439430E-002
   0.12300      0.443032E-002
   0.12400      0.446634E-002
   0.12500      0.450236E-002
   0.12600      0.453838E-002
   0.12700      0.457440E-002
   0.12800      0.461042E-002
   0.12900      0.464644E-002
   0.13000      0.468245E-002
   0.13100      0.471847E-002
   0.13200      0.475449E-002
   0.13300      0.479051E-002
   0.13400      0.482653E-002
   0.13500      0.486255E-002
   0.13600      0.489857E-002
   0.13700      0.493459E-002
   0.13800      0.497061E-002
   0.13900      0.500662E-002
   0.14000      0.504264E-002
   0.14100      0.507866E-002
   0.14200      0.511468E-002
   0.14300      0.515070E-002
   0.14400      0.518672E-002
   0.14500      0.522274E-002
   0.14600      0.525876E-002
   0.14700      0.529478E-002
   0.14800      0.533079E-002
   0.14900      0.536681E-002
   0.15000      0.540283E-002
   0.15100      0.543885E-002
   0.15200      0.547487E-002
   0.15300      0.551089E-002
   0.15400      0.554691E-002
   0.15500      0.558293E-002
   0.15600      0.561895E-002
   0.15700      0.565496E-002
   0.15800      0.569098E-002
   0.15900      0.572700E-002
   0.16000      0.576302E-002
   0.16100      0.579904E-002
   0.16200      0.583506E-002
   0.16300      0.587108E-002
   0.16400      0.590710E-002
   0.16500      0.594311E-002
   0.16600      0.597913E-002
   0.16700      0.601515E-002
   0.16800      0.605117E-002
   0.16900      0.608719E-002
   0.17000      0.612321E-002
   0.17100      0.615923E-002
   0.17200      0.619525E-002
   0.17300      0.623127E-002
   0.17400      0.626728E-002
   0.17500      0.630330E-002
   0.17600      0.633932E-002
   0.17700      0.637534E-002
   0.17800      0.641136E-002
   0.17900      0.644738E-002
   0.18000      0.648340E-002
   0.18100      0.651942E-002
   0.18200      0.655544E-002
   0.18300      0.659146E-002
   0.18400      0.662747E-002
   0.18500      0.666349E-002
   0.18600      0.669951E-002
   0.18700      0.673553E-002
   0.18800      0.677155E-002
   0.18900      0.680757E-002
   0.19000      0.684359E-002
   0.19100      0.687961E-002
   0.19200      0.691562E-002
   0.19300      0.695164E-002
   0.19400      0.698766E-002
   0.19500      0.702368E-002
   0.19600      0.705970E-002
   0.19700      0.709572E-002
   0.19800      0.713174E-002
   0.19900      0.716776E-002
   0.20000      0.720378E-002
   0.20100      0.723979E-002
   0.20200      0.727581E-002
   0.20300      0.731183E-002
   0.20400      0.734785E-002
   0.20500      0.738387E-002
   0.20600      0.741989E-002
   0.20700      0.745591E-002
   0.20800      0.749193E-002
   0.20900      0.752795E-002
   0.21000      0.756396E-002
   0.21100      0.759998E-002
   0.21200      0.763600E-002
   0.21300      0.767202E-002
   0.21400      0.770804E-002
   0.21500      0.774406E-002
   0.21600      0.778008E-002
   0.21700      0.781610E-002
   0.21800      0.785212E-002
   0.21900      0.788813E-002
   0.22000      0.792415E-002
   0.22100      0.796760E-002
   0.22200      0.801276E-002
   0.22300      0.805792E-002
   0.22400      0.810308E-002
   0.22500      0.814825E-002
   0.22600      0.819341E-002
   0.22700      0.823857E-002
   0.22800      0.828374E-002
   0.22900      0.832890E-002
   0.23000      0.837406E-002
   0.23100      0.841922E-002
   0.23200      0.846438E-002
   0.23300      0.851655E-002
   0.23400      0.858104E-002
   0.23500      0.864560E-002
   0.23600      0.871039E-002
   0.23700      0.877490E-002
   0.23800      0.883946E-002
   0.23900      0.890402E-002
   0.24000      0.896858E-002
   0.24100      0.903314E-002
   0.24200      0.909769E-002
   0.24300      0.916224E-002
   0.24400      0.922678E-002
   0.24500      0.929131E-002
   0.24600      0.935584E-002
   0.24700      0.942037E-002
   0.24800      0.948489E-002
   0.24900      0.954941E-002
   0.25000      0.961392E-002
   0.25100      0.967843E-002
   0.25200      0.974293E-002
   0.25300      0.980743E-002
   0.25400      0.987192E-002
   0.25500      0.993641E-002
   0.25600      0.100009E-001
   0.25700      0.100654E-001
   0.25800      0.101299E-001
   0.25900      0.101943E-001
   0.26000      0.102588E-001
   0.26100      0.103233E-001
   0.26200      0.103877E-001
   0.26300      0.104522E-001
   0.26400      0.105166E-001
   0.26500      0.105811E-001
   0.26600      0.106455E-001
   0.26700      0.107099E-001
   0.26800      0.107744E-001
   0.26900      0.108388E-001
   0.27000      0.109032E-001
   0.27100      0.109676E-001
   0.27200      0.110321E-001
   0.27300      0.110965E-001
   0.27400      0.111609E-001
   0.27500      0.112253E-001
   0.27600      0.112897E-001
   0.27700      0.113541E-001
   0.27800      0.114185E-001
   0.27900      0.114829E-001
   0.28000      0.115472E-001
   0.28100      0.116116E-001
   0.28200      0.116760E-001
   0.28300      0.117404E-001
   0.28400      0.118047E-001
   0.28500      0.118691E-001
   0.28600      0.119335E-001
   0.28700      0.119978E-001
   0.28800      0.120622E-001
   0.28900      0.121265E-001
   0.29000      0.121909E-001
   0.29100      0.122552E-001
   0.29200      0.123196E-001
   0.29300      0.123839E-001
   0.29400      0.124482E-001
   0.29500      0.125126E-001
   0.29600      0.125769E-001
   0.29700      0.126412E-001
   0.29800      0.127055E-001
   0.29900      0.127698E-001
   0.30000      0.128341E-001
   0.30100      0.128984E-001
   0.30200      0.129627E-001
   0.30300      0.130270E-001
   0.30400      0.130913E-001
   0.30500      0.131556E-001
   0.30600      0.132199E-001
   0.30700      0.132842E-001
   0.30800      0.133485E-001
   0.30900      0.134128E-001
   0.31000      0.134770E-001
   0.31100      0.135413E-001
   0.31200      0.136056E-001
   0.31300      0.136698E-001
   0.31400      0.137341E-001
   0.31500      0.137983E-001
   0.31600      0.138626E-001
   0.31700      0.139268E-001
   0.31800      0.139914E-001
   0.31900      0.140797E-001
   0.32000      0.141682E-001
   0.32100      0.142537E-001
   0.32200      0.143358E-001
   0.32300      0.144180E-001
   0.32400      0.145001E-001
   0.32500      0.145822E-001
   0.32600      0.146643E-001
   0.32700      0.147464E-001
   0.32800      0.148285E-001
   0.32900      0.149105E-001
   0.33000      0.149926E-001
   0.33100      0.150747E-001
   0.33200      0.151567E-001
   0.33300      0.152388E-001
   0.33400      0.153208E-001
   0.33500      0.154028E-001
   0.33600      0.154780E-001
   0.33700      0.155501E-001
   0.33800      0.156221E-001
   0.33900      0.156941E-001
   0.34000      0.157660E-001
   0.34100      0.158379E-001
   0.34200      0.159098E-001
   0.34300      0.159818E-001
   0.34400      0.160537E-001
   0.34500      0.161256E-001
   0.34600      0.161974E-001
   0.34700      0.162734E-001
   0.34800      0.163808E-001
   0.34900      0.164923E-001
   0.35000      0.166018E-001
   0.35100      0.167110E-001
   0.35200      0.168204E-001
   0.35300      0.169296E-001
   0.35400      0.170388E-001
   0.35500      0.171481E-001
   0.35600      0.172573E-001
   0.35700      0.173665E-001
   0.35800      0.174757E-001
   0.35900      0.175849E-001
   0.36000      0.176940E-001
   0.36100      0.178032E-001
   0.36200      0.179123E-001
   0.36300      0.180214E-001
   0.36400      0.181305E-001
   0.36500      0.182396E-001
   0.36600      0.183487E-001
   0.36700      0.184577E-001
   0.36800      0.185667E-001
   0.36900      0.186743E-001
   0.37000      0.187813E-001
   0.37100      0.188888E-001
   0.37200      0.189961E-001
   0.37300      0.191033E-001
   0.37400      0.192106E-001
   0.37500      0.193178E-001
   0.37600      0.194239E-001
   0.37700      0.195287E-001
   0.37800      0.196335E-001
   0.37900      0.197383E-001
   0.38000      0.198431E-001
   0.38100      0.199479E-001
   0.38200      0.200526E-001
   0.38300      0.201575E-001
   0.38400      0.202622E-001
   0.38500      0.203669E-001
   0.38600      0.204716E-001
   0.38700      0.205764E-001
   0.38800      0.206803E-001
   0.38900      0.207840E-001
   0.39000      0.208876E-001
   0.39100      0.209913E-001
   0.39200      0.211237E-001
   0.39300      0.212784E-001
   0.39400      0.214343E-001
   0.39500      0.215891E-001
   0.39600      0.218004E-001
   0.39700      0.220568E-001
   0.39800      0.223421E-001
   0.39900      0.226136E-001
   0.40000      0.228842E-001
   0.40100      0.231536E-001
   0.40200      0.234239E-001
   0.40300      0.236946E-001
   0.40400      0.239655E-001
   0.40500      0.242366E-001
   0.40600      0.245078E-001
   0.40700      0.247793E-001
   0.40800      0.250508E-001
   0.40900      0.253226E-001
   0.41000      0.255942E-001
   0.41100      0.258634E-001
   0.41200      0.261340E-001
   0.41300      0.264047E-001
   0.41400      0.266757E-001
   0.41500      0.269466E-001
   0.41600      0.272176E-001
   0.41700      0.274886E-001
   0.41800      0.277597E-001
   0.41900      0.280309E-001
   0.42000      0.283016E-001
   0.42100      0.285685E-001
   0.42200      0.288457E-001
   0.42300      0.291221E-001
   0.42400      0.293885E-001
   0.42500      0.296600E-001
   0.42600      0.299315E-001
   0.42700      0.302068E-001
   0.42800      0.305357E-001
   0.42900      0.308438E-001
   0.43000      0.311518E-001
   0.43100      0.314579E-001
   0.43200      0.317650E-001
   0.43300      0.320720E-001
   0.43400      0.323792E-001
   0.43500      0.326879E-001
   0.43600      0.330172E-001
   0.43700      0.334160E-001
   0.43800      0.337807E-001
   0.43900      0.341434E-001
   0.44000      0.345064E-001
   0.44100      0.348690E-001
   0.44200      0.352319E-001
   0.44300      0.355950E-001
   0.44400      0.359562E-001
   0.44500      0.363332E-001
   0.44600      0.367079E-001
   0.44700      0.370804E-001
   0.44800      0.374527E-001
   0.44900      0.378250E-001
   0.45000      0.381976E-001
   0.45100      0.385690E-001
   0.45200      0.389655E-001
   0.45300      0.393582E-001
   0.45400      0.397477E-001
   0.45500      0.401545E-001
   0.45600      0.405765E-001
   0.45700      0.410214E-001
   0.45800      0.415244E-001
   0.45900      0.419978E-001
   0.46000      0.424831E-001
   0.46100      0.429727E-001
   0.46200      0.434668E-001
   0.46300      0.439585E-001
   0.46400      0.444482E-001
   0.46500      0.449342E-001
   0.46600      0.454226E-001
   0.46700      0.459101E-001
   0.46800      0.463982E-001
   0.46900      0.468855E-001
   0.47000      0.473726E-001
   0.47100      0.478592E-001
   0.47200      0.483454E-001
   0.47300      0.488310E-001
   0.47400      0.493163E-001
   0.47500      0.498011E-001
   0.47600      0.502855E-001
   0.47700      0.507678E-001
   0.47800      0.512589E-001
   0.47900      0.517832E-001
   0.48000      0.522904E-001
   0.48100      0.528011E-001
   0.48200      0.533170E-001
   0.48300      0.538300E-001
   0.48400      0.543797E-001
   0.48500      0.549527E-001
   0.48600      0.554983E-001
   0.48700      0.560700E-001
   0.48800      0.566261E-001
   0.48900      0.571902E-001
   0.49000      0.577538E-001
   0.49100      0.583125E-001
   0.49200      0.588764E-001
   0.49300      0.594437E-001
   0.49400      0.600151E-001
   0.49500      0.605839E-001
   0.49600      0.611531E-001
   0.49700      0.617237E-001
   0.49800      0.622946E-001
   0.49900      0.628855E-001
   0.50000      0.635373E-001
   0.50100      0.642399E-001
   0.50200      0.649193E-001
   0.50300      0.656069E-001
   0.50400      0.662835E-001
   0.50500      0.669623E-001
   0.50600      0.676362E-001
   0.50700      0.683112E-001
   0.50800      0.689838E-001
   0.50900      0.696553E-001
   0.51000      0.703253E-001
   0.51100      0.709936E-001
   0.51200      0.716608E-001
   0.51300      0.723285E-001
   0.51400      0.730108E-001
   0.51500      0.737116E-001
   0.51600      0.744074E-001
   0.51700      0.751269E-001
   0.51800      0.758819E-001
   0.51900      0.766252E-001
   0.52000      0.773678E-001
   0.52100      0.781033E-001
   0.52200      0.788408E-001
   0.52300      0.795754E-001
   0.52400      0.803102E-001
   0.52500      0.810493E-001
   0.52600      0.817907E-001
   0.52700      0.825462E-001
   0.52800      0.833648E-001
   0.52900      0.842376E-001
   0.53000      0.850853E-001
   0.53100      0.859452E-001
   0.53200      0.867931E-001
   0.53300      0.876451E-001
   0.53400      0.884885E-001
   0.53500      0.893328E-001
   0.53600      0.901727E-001
   0.53700      0.910120E-001
   0.53800      0.918554E-001
   0.53900      0.927157E-001
   0.54000      0.936059E-001
   0.54100      0.945155E-001
   0.54200      0.954289E-001
   0.54300      0.963379E-001
   0.54400      0.972401E-001
   0.54500      0.981386E-001
   0.54600      0.990342E-001
   0.54700      0.999310E-001
   0.54800      0.100837     
   0.54900      0.101821     
   0.55000      0.102881     
   0.55100      0.103889     
   0.55200      0.104907     
   0.55300      0.105906     
   0.55400      0.106904     
   0.55500      0.107899     
   0.55600      0.108889     
   0.55700      0.109899     
   0.55800      0.110963     
   0.55900      0.112031     
   0.56000      0.113094     
   0.56100      0.114145     
   0.56200      0.115193     
   0.56300      0.116231     
   0.56400      0.117282     
   0.56500      0.118419     
   0.56600      0.119627     
   0.56700      0.120779     
   0.56800      0.121926     
   0.56900      0.123064     
   0.57000      0.124196     
   0.57100      0.125348     
   0.57200      0.126549     
   0.57300      0.127764     
   0.57400      0.128952     
   0.57500      0.130131     
   0.57600      0.131297     
   0.57700      0.132534     
   0.57800      0.133873     
   0.57900      0.135159     
   0.58000      0.136428     
   0.58100      0.137681     
   0.58200      0.138974     
   0.58300      0.140329     
   0.58400      0.141653     
   0.58500      0.142950     
   0.58600      0.144287     
   0.58700      0.145734     
   0.58800      0.147182     
   0.58900      0.148609     
   0.59000      0.150086     
   0.59100      0.151621     
   0.59200      0.153356     
   0.59300      0.156110     
   0.59323      0.156729     
   0.59331      0.156962     
   0.59334      0.157049     
   0.59336      0.157114     
   0.59337      0.157126     
   0.59337      0.157131     
    1.0000      0.157134     

