	0		0
   0.10000E-02  0.739484E-004
   0.20000E-02  0.147897E-003
   0.30000E-02  0.221845E-003
   0.40000E-02  0.295794E-003
   0.50000E-02  0.369742E-003
   0.60000E-02  0.443690E-003
   0.70000E-02  0.517639E-003
   0.80000E-02  0.591587E-003
   0.90000E-02  0.665536E-003
   0.10000E-01  0.739484E-003
   0.11000E-01  0.813433E-003
   0.12000E-01  0.887381E-003
   0.13000E-01  0.961329E-003
   0.14000E-01  0.103528E-002
   0.15000E-01  0.110923E-002
   0.16000E-01  0.118317E-002
   0.17000E-01  0.125712E-002
   0.18000E-01  0.133107E-002
   0.19000E-01  0.140502E-002
   0.20000E-01  0.147897E-002
   0.21000E-01  0.155292E-002
   0.22000E-01  0.162687E-002
   0.23000E-01  0.170081E-002
   0.24000E-01  0.177476E-002
   0.25000E-01  0.184871E-002
   0.26000E-01  0.192266E-002
   0.27000E-01  0.199661E-002
   0.28000E-01  0.207056E-002
   0.29000E-01  0.214450E-002
   0.30000E-01  0.221845E-002
   0.31000E-01  0.229240E-002
   0.32000E-01  0.236635E-002
   0.33000E-01  0.244030E-002
   0.34000E-01  0.251425E-002
   0.35000E-01  0.258819E-002
   0.36000E-01  0.266214E-002
   0.37000E-01  0.273609E-002
   0.38000E-01  0.281004E-002
   0.39000E-01  0.288399E-002
   0.40000E-01  0.295794E-002
   0.41000E-01  0.303188E-002
   0.42000E-01  0.310583E-002
   0.43000E-01  0.317978E-002
   0.44000E-01  0.325373E-002
   0.45000E-01  0.332768E-002
   0.46000E-01  0.340163E-002
   0.47000E-01  0.347558E-002
   0.48000E-01  0.354952E-002
   0.49000E-01  0.362347E-002
   0.50000E-01  0.369742E-002
   0.51000E-01  0.377137E-002
   0.52000E-01  0.384532E-002
   0.53000E-01  0.391927E-002
   0.54000E-01  0.399321E-002
   0.55000E-01  0.406716E-002
   0.56000E-01  0.414111E-002
   0.57000E-01  0.421506E-002
   0.58000E-01  0.428901E-002
   0.59000E-01  0.436296E-002
   0.60000E-01  0.443690E-002
   0.61000E-01  0.451085E-002
   0.62000E-01  0.458480E-002
   0.63000E-01  0.465875E-002
   0.64000E-01  0.473270E-002
   0.65000E-01  0.480665E-002
   0.66000E-01  0.488060E-002
   0.67000E-01  0.495454E-002
   0.68000E-01  0.502849E-002
   0.69000E-01  0.510244E-002
   0.70000E-01  0.517639E-002
   0.71000E-01  0.525034E-002
   0.72000E-01  0.532429E-002
   0.73000E-01  0.539823E-002
   0.74000E-01  0.547218E-002
   0.75000E-01  0.554613E-002
   0.76000E-01  0.562008E-002
   0.77000E-01  0.569403E-002
   0.78000E-01  0.576798E-002
   0.79000E-01  0.584192E-002
   0.80000E-01  0.591587E-002
   0.81000E-01  0.598982E-002
   0.82000E-01  0.606377E-002
   0.83000E-01  0.613772E-002
   0.84000E-01  0.621167E-002
   0.85000E-01  0.628561E-002
   0.86000E-01  0.635956E-002
   0.87000E-01  0.643351E-002
   0.88000E-01  0.650746E-002
   0.89000E-01  0.658141E-002
   0.90000E-01  0.665536E-002
   0.91000E-01  0.672931E-002
   0.92000E-01  0.680325E-002
   0.93000E-01  0.687720E-002
   0.94000E-01  0.695115E-002
   0.95000E-01  0.702510E-002
   0.96000E-01  0.709905E-002
   0.97000E-01  0.717300E-002
   0.98000E-01  0.724694E-002
   0.99000E-01  0.732089E-002
   0.10000      0.739484E-002
   0.10100      0.746879E-002
   0.10200      0.754274E-002
   0.10300      0.761669E-002
   0.10400      0.769063E-002
   0.10500      0.776458E-002
   0.10600      0.783853E-002
   0.10700      0.791248E-002
   0.10800      0.798643E-002
   0.10900      0.806038E-002
   0.11000      0.813433E-002
   0.11100      0.820827E-002
   0.11200      0.828222E-002
   0.11300      0.835617E-002
   0.11400      0.843012E-002
   0.11500      0.850407E-002
   0.11600      0.857802E-002
   0.11700      0.865196E-002
   0.11800      0.872591E-002
   0.11900      0.879986E-002
   0.12000      0.887381E-002
   0.12100      0.894776E-002
   0.12200      0.902171E-002
   0.12300      0.909565E-002
   0.12400      0.916960E-002
   0.12500      0.924355E-002
   0.12600      0.931750E-002
   0.12700      0.939145E-002
   0.12800      0.946540E-002
   0.12900      0.953934E-002
   0.13000      0.961329E-002
   0.13100      0.968724E-002
   0.13200      0.976119E-002
   0.13300      0.983514E-002
   0.13400      0.990909E-002
   0.13500      0.998303E-002
   0.13600      0.100570E-001
   0.13700      0.101309E-001
   0.13800      0.102049E-001
   0.13900      0.102788E-001
   0.14000      0.103528E-001
   0.14100      0.104267E-001
   0.14200      0.105007E-001
   0.14300      0.105746E-001
   0.14400      0.106486E-001
   0.14500      0.107225E-001
   0.14600      0.107965E-001
   0.14700      0.108704E-001
   0.14800      0.109444E-001
   0.14900      0.110183E-001
   0.15000      0.110923E-001
   0.15100      0.111662E-001
   0.15200      0.112402E-001
   0.15300      0.113141E-001
   0.15400      0.113881E-001
   0.15500      0.114620E-001
   0.15600      0.115360E-001
   0.15700      0.116099E-001
   0.15800      0.116838E-001
   0.15900      0.117578E-001
   0.16000      0.118317E-001
   0.16100      0.119057E-001
   0.16200      0.119796E-001
   0.16300      0.120536E-001
   0.16400      0.121275E-001
   0.16500      0.122015E-001
   0.16600      0.122754E-001
   0.16700      0.123494E-001
   0.16800      0.124233E-001
   0.16900      0.124973E-001
   0.17000      0.125712E-001
   0.17100      0.126452E-001
   0.17200      0.127191E-001
   0.17300      0.127931E-001
   0.17400      0.128670E-001
   0.17500      0.129410E-001
   0.17600      0.130149E-001
   0.17700      0.130889E-001
   0.17800      0.131628E-001
   0.17900      0.132368E-001
   0.18000      0.133107E-001
   0.18100      0.133847E-001
   0.18200      0.134586E-001
   0.18300      0.135326E-001
   0.18400      0.136065E-001
   0.18500      0.136805E-001
   0.18600      0.137544E-001
   0.18700      0.138284E-001
   0.18800      0.139023E-001
   0.18900      0.139762E-001
   0.19000      0.140502E-001
   0.19100      0.141241E-001
   0.19200      0.141981E-001
   0.19300      0.142720E-001
   0.19400      0.143460E-001
   0.19500      0.144199E-001
   0.19600      0.144939E-001
   0.19700      0.145678E-001
   0.19800      0.146418E-001
   0.19900      0.147157E-001
   0.20000      0.147897E-001
   0.20100      0.148636E-001
   0.20200      0.149376E-001
   0.20300      0.150115E-001
   0.20400      0.150855E-001
   0.20500      0.151594E-001
   0.20600      0.152334E-001
   0.20700      0.153073E-001
   0.20800      0.153813E-001
   0.20900      0.154552E-001
   0.21000      0.155292E-001
   0.21100      0.156031E-001
   0.21200      0.156771E-001
   0.21300      0.157510E-001
   0.21400      0.158250E-001
   0.21500      0.158989E-001
   0.21600      0.159729E-001
   0.21700      0.160468E-001
   0.21800      0.161208E-001
   0.21900      0.161947E-001
   0.22000      0.162687E-001
   0.22100      0.163668E-001
   0.22200      0.164706E-001
   0.22300      0.165743E-001
   0.22400      0.166781E-001
   0.22500      0.167819E-001
   0.22600      0.168857E-001
   0.22700      0.169894E-001
   0.22800      0.170932E-001
   0.22900      0.171970E-001
   0.23000      0.173007E-001
   0.23100      0.174045E-001
   0.23200      0.175082E-001
   0.23300      0.176310E-001
   0.23400      0.177889E-001
   0.23500      0.179495E-001
   0.23600      0.181093E-001
   0.23700      0.182681E-001
   0.23800      0.184271E-001
   0.23900      0.185861E-001
   0.24000      0.187451E-001
   0.24100      0.189041E-001
   0.24200      0.190632E-001
   0.24300      0.192222E-001
   0.24400      0.193813E-001
   0.24500      0.195403E-001
   0.24600      0.196993E-001
   0.24700      0.198584E-001
   0.24800      0.200174E-001
   0.24900      0.201764E-001
   0.25000      0.203355E-001
   0.25100      0.204945E-001
   0.25200      0.206536E-001
   0.25300      0.208126E-001
   0.25400      0.209716E-001
   0.25500      0.211307E-001
   0.25600      0.212897E-001
   0.25700      0.214488E-001
   0.25800      0.216078E-001
   0.25900      0.217668E-001
   0.26000      0.219259E-001
   0.26100      0.220849E-001
   0.26200      0.222439E-001
   0.26300      0.224030E-001
   0.26400      0.225620E-001
   0.26500      0.227210E-001
   0.26600      0.228800E-001
   0.26700      0.230391E-001
   0.26800      0.231981E-001
   0.26900      0.233571E-001
   0.27000      0.235161E-001
   0.27100      0.236751E-001
   0.27200      0.238341E-001
   0.27300      0.239931E-001
   0.27400      0.241521E-001
   0.27500      0.243111E-001
   0.27600      0.244701E-001
   0.27700      0.246291E-001
   0.27800      0.247881E-001
   0.27900      0.249471E-001
   0.28000      0.251061E-001
   0.28100      0.252651E-001
   0.28200      0.254241E-001
   0.28300      0.255830E-001
   0.28400      0.257420E-001
   0.28500      0.259010E-001
   0.28600      0.260599E-001
   0.28700      0.262189E-001
   0.28800      0.263779E-001
   0.28900      0.265368E-001
   0.29000      0.266958E-001
   0.29100      0.268547E-001
   0.29200      0.270137E-001
   0.29300      0.271726E-001
   0.29400      0.273315E-001
   0.29500      0.274905E-001
   0.29600      0.276494E-001
   0.29700      0.278083E-001
   0.29800      0.279672E-001
   0.29900      0.281261E-001
   0.30000      0.282850E-001
   0.30100      0.284439E-001
   0.30200      0.286028E-001
   0.30300      0.287617E-001
   0.30400      0.289206E-001
   0.30500      0.290795E-001
   0.30600      0.292384E-001
   0.30700      0.293973E-001
   0.30800      0.295561E-001
   0.30900      0.297150E-001
   0.31000      0.298739E-001
   0.31100      0.300327E-001
   0.31200      0.301916E-001
   0.31300      0.303504E-001
   0.31400      0.305093E-001
   0.31500      0.306681E-001
   0.31600      0.308269E-001
   0.31700      0.309858E-001
   0.31800      0.311449E-001
   0.31900      0.313296E-001
   0.32000      0.315145E-001
   0.32100      0.317021E-001
   0.32200      0.318936E-001
   0.32300      0.320854E-001
   0.32400      0.322769E-001
   0.32500      0.324684E-001
   0.32600      0.326599E-001
   0.32700      0.328514E-001
   0.32800      0.330429E-001
   0.32900      0.332343E-001
   0.33000      0.334258E-001
   0.33100      0.336172E-001
   0.33200      0.338087E-001
   0.33300      0.340001E-001
   0.33400      0.341915E-001
   0.33500      0.343829E-001
   0.33600      0.345813E-001
   0.33700      0.347843E-001
   0.33800      0.349874E-001
   0.33900      0.351902E-001
   0.34000      0.353930E-001
   0.34100      0.355958E-001
   0.34200      0.357985E-001
   0.34300      0.360013E-001
   0.34400      0.362040E-001
   0.34500      0.364067E-001
   0.34600      0.366094E-001
   0.34700      0.368158E-001
   0.34800      0.370496E-001
   0.34900      0.372866E-001
   0.35000      0.375222E-001
   0.35100      0.377575E-001
   0.35200      0.379928E-001
   0.35300      0.382281E-001
   0.35400      0.384634E-001
   0.35500      0.386987E-001
   0.35600      0.389340E-001
   0.35700      0.391692E-001
   0.35800      0.394045E-001
   0.35900      0.396397E-001
   0.36000      0.398749E-001
   0.36100      0.401101E-001
   0.36200      0.403452E-001
   0.36300      0.405804E-001
   0.36400      0.408155E-001
   0.36500      0.410506E-001
   0.36600      0.412857E-001
   0.36700      0.415208E-001
   0.36800      0.417559E-001
   0.36900      0.419909E-001
   0.37000      0.422259E-001
   0.37100      0.424610E-001
   0.37200      0.426960E-001
   0.37300      0.429310E-001
   0.37400      0.431660E-001
   0.37500      0.434010E-001
   0.37600      0.436359E-001
   0.37700      0.438707E-001
   0.37800      0.441054E-001
   0.37900      0.443402E-001
   0.38000      0.445749E-001
   0.38100      0.448097E-001
   0.38200      0.450444E-001
   0.38300      0.452791E-001
   0.38400      0.455138E-001
   0.38500      0.457485E-001
   0.38600      0.459832E-001
   0.38700      0.462179E-001
   0.38800      0.464523E-001
   0.38900      0.466867E-001
   0.39000      0.469210E-001
   0.39100      0.471553E-001
   0.39200      0.474061E-001
   0.39300      0.476704E-001
   0.39400      0.479356E-001
   0.39500      0.481997E-001
   0.39600      0.484962E-001
   0.39700      0.488279E-001
   0.39800      0.491710E-001
   0.39900      0.495084E-001
   0.40000      0.498441E-001
   0.40100      0.501794E-001
   0.40200      0.505148E-001
   0.40300      0.508503E-001
   0.40400      0.511856E-001
   0.40500      0.515209E-001
   0.40600      0.518561E-001
   0.40700      0.521912E-001
   0.40800      0.525261E-001
   0.40900      0.528610E-001
   0.41000      0.531957E-001
   0.41100      0.535294E-001
   0.41200      0.538634E-001
   0.41300      0.541974E-001
   0.41400      0.545312E-001
   0.41500      0.548650E-001
   0.41600      0.551986E-001
   0.41700      0.555321E-001
   0.41800      0.558654E-001
   0.41900      0.561987E-001
   0.42000      0.565319E-001
   0.42100      0.568645E-001
   0.42200      0.572002E-001
   0.42300      0.575357E-001
   0.42400      0.578681E-001
   0.42500      0.582019E-001
   0.42600      0.585356E-001
   0.42700      0.588815E-001
   0.42800      0.592496E-001
   0.42900      0.596110E-001
   0.43000      0.599719E-001
   0.43100      0.603317E-001
   0.43200      0.606918E-001
   0.43300      0.610518E-001
   0.43400      0.614116E-001
   0.43500      0.617742E-001
   0.43600      0.621641E-001
   0.43700      0.625804E-001
   0.43800      0.629855E-001
   0.43900      0.633880E-001
   0.44000      0.637906E-001
   0.44100      0.641930E-001
   0.44200      0.645953E-001
   0.44300      0.649975E-001
   0.44400      0.654001E-001
   0.44500      0.658089E-001
   0.44600      0.662169E-001
   0.44700      0.666238E-001
   0.44800      0.670305E-001
   0.44900      0.674371E-001
   0.45000      0.678435E-001
   0.45100      0.682517E-001
   0.45200      0.686702E-001
   0.45300      0.690874E-001
   0.45400      0.695031E-001
   0.45500      0.699330E-001
   0.45600      0.703753E-001
   0.45700      0.708369E-001
   0.45800      0.713422E-001
   0.45900      0.718440E-001
   0.46000      0.723466E-001
   0.46100      0.728497E-001
   0.46200      0.733529E-001
   0.46300      0.738559E-001
   0.46400      0.743590E-001
   0.46500      0.748611E-001
   0.46600      0.753633E-001
   0.46700      0.758649E-001
   0.46800      0.763662E-001
   0.46900      0.768669E-001
   0.47000      0.773672E-001
   0.47100      0.778670E-001
   0.47200      0.783663E-001
   0.47300      0.788650E-001
   0.47400      0.793633E-001
   0.47500      0.798611E-001
   0.47600      0.803586E-001
   0.47700      0.808562E-001
   0.47800      0.813567E-001
   0.47900      0.818790E-001
   0.48000      0.824022E-001
   0.48100      0.829231E-001
   0.48200      0.834452E-001
   0.48300      0.839658E-001
   0.48400      0.845126E-001
   0.48500      0.850812E-001
   0.48600      0.856359E-001
   0.48700      0.861996E-001
   0.48800      0.867556E-001
   0.48900      0.873153E-001
   0.49000      0.878779E-001
   0.49100      0.884369E-001
   0.49200      0.889976E-001
   0.49300      0.895606E-001
   0.49400      0.901272E-001
   0.49500      0.906958E-001
   0.49600      0.912632E-001
   0.49700      0.918304E-001
   0.49800      0.923980E-001
   0.49900      0.929855E-001
   0.50000      0.936252E-001
   0.50100      0.942940E-001
   0.50200      0.949547E-001
   0.50300      0.956158E-001
   0.50400      0.962712E-001
   0.50500      0.969274E-001
   0.50600      0.975809E-001
   0.50700      0.982343E-001
   0.50800      0.988858E-001
   0.50900      0.995362E-001
   0.51000      0.100185     
   0.51100      0.100833     
   0.51200      0.101479     
   0.51300      0.102126     
   0.51400      0.102786     
   0.51500      0.103461     
   0.51600      0.104131     
   0.51700      0.104823     
   0.51800      0.105542     
   0.51900      0.106251     
   0.52000      0.106959     
   0.52100      0.107663     
   0.52200      0.108367     
   0.52300      0.109071     
   0.52400      0.109775     
   0.52500      0.110480     
   0.52600      0.111186     
   0.52700      0.111905     
   0.52800      0.112676     
   0.52900      0.113494     
   0.53000      0.114295     
   0.53100      0.115101     
   0.53200      0.115898     
   0.53300      0.116697     
   0.53400      0.117490     
   0.53500      0.118283     
   0.53600      0.119073     
   0.53700      0.119862     
   0.53800      0.120655     
   0.53900      0.121461     
   0.54000      0.122292     
   0.54100      0.123139     
   0.54200      0.123991     
   0.54300      0.124838     
   0.54400      0.125679     
   0.54500      0.126517     
   0.54600      0.127353     
   0.54700      0.128189     
   0.54800      0.129033     
   0.54900      0.129943     
   0.55000      0.130913     
   0.55100      0.131844     
   0.55200      0.132780     
   0.55300      0.133701     
   0.55400      0.134621     
   0.55500      0.135538     
   0.55600      0.136452     
   0.55700      0.137383     
   0.55800      0.138357     
   0.55900      0.139334     
   0.56000      0.140308     
   0.56100      0.141271     
   0.56200      0.142232     
   0.56300      0.143185     
   0.56400      0.144148     
   0.56500      0.145184     
   0.56600      0.146275     
   0.56700      0.147321     
   0.56800      0.148363     
   0.56900      0.149397     
   0.57000      0.150426     
   0.57100      0.151473     
   0.57200      0.152559     
   0.57300      0.153656     
   0.57400      0.154730     
   0.57500      0.155798     
   0.57600      0.156854     
   0.57700      0.157971     
   0.57800      0.159167     
   0.57900      0.160321     
   0.58000      0.161462     
   0.58100      0.162589     
   0.58200      0.163748     
   0.58300      0.164957     
   0.58400      0.166141     
   0.58500      0.167304     
   0.58600      0.168498     
   0.58700      0.169781     
   0.58800      0.171064     
   0.58900      0.172330     
   0.59000      0.173637     
   0.59100      0.174989     
   0.59200      0.176501     
   0.59300      0.178823     
   0.59323      0.179345     
   0.59331      0.179541     
   0.59334      0.179615     
   0.59336      0.179670     
   0.59337      0.179680     
   0.59337      0.179684     
    1.0000      0.179686     

