	0		0   
   0.10000E-02  0.413327E+007
   0.20000E-02  0.826654E+007
   0.30000E-02  0.123998E+008
   0.40000E-02  0.165331E+008
   0.50000E-02  0.206664E+008
   0.60000E-02  0.247996E+008
   0.70000E-02  0.289329E+008
   0.80000E-02  0.330662E+008
   0.90000E-02  0.371994E+008
   0.10000E-01  0.413327E+008
   0.11000E-01  0.454660E+008
   0.12000E-01  0.495992E+008
   0.13000E-01  0.537325E+008
   0.14000E-01  0.578658E+008
   0.15000E-01  0.619991E+008
   0.16000E-01  0.661323E+008
   0.17000E-01  0.702656E+008
   0.18000E-01  0.743989E+008
   0.19000E-01  0.785321E+008
   0.20000E-01  0.826654E+008
   0.21000E-01  0.867987E+008
   0.22000E-01  0.909320E+008
   0.23000E-01  0.950652E+008
   0.24000E-01  0.991985E+008
   0.25000E-01  0.103332E+009
   0.26000E-01  0.107465E+009
   0.27000E-01  0.111598E+009
   0.28000E-01  0.115732E+009
   0.29000E-01  0.119865E+009
   0.30000E-01  0.123998E+009
   0.31000E-01  0.128131E+009
   0.32000E-01  0.132265E+009
   0.33000E-01  0.136398E+009
   0.34000E-01  0.140531E+009
   0.35000E-01  0.144664E+009
   0.36000E-01  0.148798E+009
   0.37000E-01  0.152931E+009
   0.38000E-01  0.157064E+009
   0.39000E-01  0.161198E+009
   0.40000E-01  0.165331E+009
   0.41000E-01  0.169464E+009
   0.42000E-01  0.173597E+009
   0.43000E-01  0.177731E+009
   0.44000E-01  0.181864E+009
   0.45000E-01  0.185997E+009
   0.46000E-01  0.190130E+009
   0.47000E-01  0.194264E+009
   0.48000E-01  0.198397E+009
   0.49000E-01  0.202530E+009
   0.50000E-01  0.206664E+009
   0.51000E-01  0.210797E+009
   0.52000E-01  0.214930E+009
   0.53000E-01  0.219063E+009
   0.54000E-01  0.223197E+009
   0.55000E-01  0.227330E+009
   0.56000E-01  0.231463E+009
   0.57000E-01  0.235596E+009
   0.58000E-01  0.239730E+009
   0.59000E-01  0.243863E+009
   0.60000E-01  0.247996E+009
   0.61000E-01  0.252129E+009
   0.62000E-01  0.256263E+009
   0.63000E-01  0.260396E+009
   0.64000E-01  0.264529E+009
   0.65000E-01  0.268663E+009
   0.66000E-01  0.272796E+009
   0.67000E-01  0.276929E+009
   0.68000E-01  0.281062E+009
   0.69000E-01  0.285196E+009
   0.70000E-01  0.289329E+009
   0.71000E-01  0.293462E+009
   0.72000E-01  0.297595E+009
   0.73000E-01  0.301729E+009
   0.74000E-01  0.305862E+009
   0.75000E-01  0.309995E+009
   0.76000E-01  0.314129E+009
   0.77000E-01  0.318262E+009
   0.78000E-01  0.322395E+009
   0.79000E-01  0.326528E+009
   0.80000E-01  0.330662E+009
   0.81000E-01  0.334795E+009
   0.82000E-01  0.338928E+009
   0.83000E-01  0.343061E+009
   0.84000E-01  0.347195E+009
   0.85000E-01  0.351328E+009
   0.86000E-01  0.355461E+009
   0.87000E-01  0.359595E+009
   0.88000E-01  0.363728E+009
   0.89000E-01  0.367861E+009
   0.90000E-01  0.371994E+009
   0.91000E-01  0.376128E+009
   0.92000E-01  0.380261E+009
   0.93000E-01  0.384394E+009
   0.94000E-01  0.388527E+009
   0.95000E-01  0.392661E+009
   0.96000E-01  0.396794E+009
   0.97000E-01  0.400927E+009
   0.98000E-01  0.405061E+009
   0.99000E-01  0.409194E+009
   0.10000      0.413327E+009
   0.10100      0.417460E+009
   0.10200      0.421594E+009
   0.10300      0.425727E+009
   0.10400      0.429860E+009
   0.10500      0.433993E+009
   0.10600      0.438127E+009
   0.10700      0.442260E+009
   0.10800      0.446393E+009
   0.10900      0.450526E+009
   0.11000      0.454660E+009
   0.11100      0.458793E+009
   0.11200      0.462926E+009
   0.11300      0.467060E+009
   0.11400      0.471193E+009
   0.11500      0.475326E+009
   0.11600      0.479459E+009
   0.11700      0.483593E+009
   0.11800      0.487726E+009
   0.11900      0.491859E+009
   0.12000      0.495992E+009
   0.12100      0.500126E+009
   0.12200      0.504259E+009
   0.12300      0.508392E+009
   0.12400      0.512526E+009
   0.12500      0.516659E+009
   0.12600      0.520792E+009
   0.12700      0.524925E+009
   0.12800      0.529059E+009
   0.12900      0.533192E+009
   0.13000      0.537325E+009
   0.13100      0.541458E+009
   0.13200      0.545592E+009
   0.13300      0.549725E+009
   0.13400      0.553858E+009
   0.13500      0.557991E+009
   0.13600      0.562125E+009
   0.13700      0.566258E+009
   0.13800      0.570391E+009
   0.13900      0.574525E+009
   0.14000      0.578658E+009
   0.14100      0.582791E+009
   0.14200      0.586924E+009
   0.14300      0.591058E+009
   0.14400      0.595191E+009
   0.14500      0.599324E+009
   0.14600      0.603457E+009
   0.14700      0.607591E+009
   0.14800      0.611724E+009
   0.14900      0.615857E+009
   0.15000      0.619991E+009
   0.15100      0.624124E+009
   0.15200      0.628257E+009
   0.15300      0.632390E+009
   0.15400      0.636524E+009
   0.15500      0.640657E+009
   0.15600      0.644790E+009
   0.15700      0.648923E+009
   0.15800      0.653057E+009
   0.15900      0.657190E+009
   0.16000      0.661323E+009
   0.16100      0.665457E+009
   0.16200      0.669590E+009
   0.16300      0.673723E+009
   0.16400      0.677856E+009
   0.16500      0.681990E+009
   0.16600      0.686123E+009
   0.16700      0.690256E+009
   0.16800      0.694389E+009
   0.16900      0.698523E+009
   0.17000      0.702656E+009
   0.17100      0.706789E+009
   0.17200      0.710922E+009
   0.17300      0.715056E+009
   0.17400      0.719189E+009
   0.17500      0.723322E+009
   0.17600      0.727456E+009
   0.17700      0.731589E+009
   0.17800      0.735722E+009
   0.17900      0.739855E+009
   0.18000      0.743989E+009
   0.18100      0.748122E+009
   0.18200      0.752255E+009
   0.18300      0.756388E+009
   0.18400      0.760522E+009
   0.18500      0.764655E+009
   0.18600      0.768788E+009
   0.18700      0.772922E+009
   0.18800      0.777055E+009
   0.18900      0.781188E+009
   0.19000      0.785321E+009
   0.19100      0.789455E+009
   0.19200      0.793588E+009
   0.19300      0.797721E+009
   0.19400      0.801854E+009
   0.19500      0.805988E+009
   0.19600      0.810121E+009
   0.19700      0.814254E+009
   0.19800      0.818388E+009
   0.19900      0.822521E+009
   0.20000      0.826654E+009
   0.20100      0.830787E+009
   0.20200      0.834921E+009
   0.20300      0.839054E+009
   0.20400      0.843187E+009
   0.20500      0.847320E+009
   0.20600      0.851454E+009
   0.20700      0.855587E+009
   0.20800      0.859720E+009
   0.20900      0.863854E+009
   0.21000      0.867987E+009
   0.21100      0.872120E+009
   0.21200      0.876253E+009
   0.21300      0.880387E+009
   0.21400      0.884520E+009
   0.21500      0.888653E+009
   0.21600      0.892786E+009
   0.21700      0.896920E+009
   0.21800      0.901053E+009
   0.21900      0.905186E+009
   0.22000      0.909319E+009
   0.22100      0.909748E+009
   0.22200      0.909314E+009
   0.22300      0.908881E+009
   0.22400      0.908447E+009
   0.22500      0.908014E+009
   0.22600      0.907581E+009
   0.22700      0.907148E+009
   0.22800      0.906716E+009
   0.22900      0.906283E+009
   0.23000      0.905851E+009
   0.23100      0.905419E+009
   0.23200      0.904988E+009
   0.23300      0.904477E+009
   0.23400      0.903822E+009
   0.23500      0.903155E+009
   0.23600      0.902493E+009
   0.23700      0.901835E+009
   0.23800      0.901177E+009
   0.23900      0.900519E+009
   0.24000      0.899861E+009
   0.24100      0.899204E+009
   0.24200      0.898548E+009
   0.24300      0.897892E+009
   0.24400      0.897236E+009
   0.24500      0.896581E+009
   0.24600      0.895927E+009
   0.24700      0.895273E+009
   0.24800      0.894619E+009
   0.24900      0.893966E+009
   0.25000      0.893313E+009
   0.25100      0.892661E+009
   0.25200      0.892009E+009
   0.25300      0.891358E+009
   0.25400      0.890707E+009
   0.25500      0.890057E+009
   0.25600      0.889407E+009
   0.25700      0.888758E+009
   0.25800      0.888109E+009
   0.25900      0.887461E+009
   0.26000      0.886813E+009
   0.26100      0.886166E+009
   0.26200      0.885519E+009
   0.26300      0.884872E+009
   0.26400      0.884226E+009
   0.26500      0.883581E+009
   0.26600      0.882936E+009
   0.26700      0.882292E+009
   0.26800      0.881647E+009
   0.26900      0.881004E+009
   0.27000      0.880361E+009
   0.27100      0.879718E+009
   0.27200      0.879076E+009
   0.27300      0.878435E+009
   0.27400      0.877794E+009
   0.27500      0.877153E+009
   0.27600      0.876513E+009
   0.27700      0.875873E+009
   0.27800      0.875234E+009
   0.27900      0.874595E+009
   0.28000      0.873957E+009
   0.28100      0.873319E+009
   0.28200      0.872682E+009
   0.28300      0.872045E+009
   0.28400      0.871409E+009
   0.28500      0.870773E+009
   0.28600      0.870138E+009
   0.28700      0.869503E+009
   0.28800      0.868868E+009
   0.28900      0.868234E+009
   0.29000      0.867601E+009
   0.29100      0.866968E+009
   0.29200      0.866335E+009
   0.29300      0.865703E+009
   0.29400      0.865072E+009
   0.29500      0.864441E+009
   0.29600      0.863810E+009
   0.29700      0.863180E+009
   0.29800      0.862551E+009
   0.29900      0.861921E+009
   0.30000      0.861293E+009
   0.30100      0.860665E+009
   0.30200      0.860037E+009
   0.30300      0.859410E+009
   0.30400      0.858783E+009
   0.30500      0.858157E+009
   0.30600      0.857531E+009
   0.30700      0.856905E+009
   0.30800      0.856281E+009
   0.30900      0.855656E+009
   0.31000      0.855032E+009
   0.31100      0.854409E+009
   0.31200      0.853786E+009
   0.31300      0.853164E+009
   0.31400      0.852542E+009
   0.31500      0.851920E+009
   0.31600      0.851299E+009
   0.31700      0.850678E+009
   0.31800      0.850057E+009
   0.31900      0.849337E+009
   0.32000      0.848616E+009
   0.32100      0.847886E+009
   0.32200      0.847141E+009
   0.32300      0.846395E+009
   0.32400      0.845651E+009
   0.32500      0.844908E+009
   0.32600      0.844166E+009
   0.32700      0.843424E+009
   0.32800      0.842683E+009
   0.32900      0.841942E+009
   0.33000      0.841203E+009
   0.33100      0.840464E+009
   0.33200      0.839726E+009
   0.33300      0.838988E+009
   0.33400      0.838251E+009
   0.33500      0.837515E+009
   0.33600      0.836752E+009
   0.33700      0.835973E+009
   0.33800      0.835193E+009
   0.33900      0.834416E+009
   0.34000      0.833640E+009
   0.34100      0.832864E+009
   0.34200      0.832089E+009
   0.34300      0.831315E+009
   0.34400      0.830541E+009
   0.34500      0.829768E+009
   0.34600      0.828996E+009
   0.34700      0.828212E+009
   0.34800      0.827323E+009
   0.34900      0.826424E+009
   0.35000      0.825531E+009
   0.35100      0.824639E+009
   0.35200      0.823749E+009
   0.35300      0.822860E+009
   0.35400      0.821972E+009
   0.35500      0.821085E+009
   0.35600      0.820199E+009
   0.35700      0.819314E+009
   0.35800      0.818430E+009
   0.35900      0.817547E+009
   0.36000      0.816665E+009
   0.36100      0.815784E+009
   0.36200      0.814904E+009
   0.36300      0.814025E+009
   0.36400      0.813147E+009
   0.36500      0.812270E+009
   0.36600      0.811394E+009
   0.36700      0.810519E+009
   0.36800      0.809645E+009
   0.36900      0.808772E+009
   0.37000      0.807901E+009
   0.37100      0.807030E+009
   0.37200      0.806159E+009
   0.37300      0.805290E+009
   0.37400      0.804422E+009
   0.37500      0.803555E+009
   0.37600      0.802690E+009
   0.37700      0.801825E+009
   0.37800      0.800962E+009
   0.37900      0.800099E+009
   0.38000      0.799238E+009
   0.38100      0.798377E+009
   0.38200      0.797518E+009
   0.38300      0.796659E+009
   0.38400      0.795801E+009
   0.38500      0.794945E+009
   0.38600      0.794089E+009
   0.38700      0.793234E+009
   0.38800      0.792381E+009
   0.38900      0.791529E+009
   0.39000      0.790679E+009
   0.39100      0.789829E+009
   0.39200      0.788921E+009
   0.39300      0.787964E+009
   0.39400      0.787006E+009
   0.39500      0.786053E+009
   0.39600      0.784985E+009
   0.39700      0.783792E+009
   0.39800      0.782560E+009
   0.39900      0.781350E+009
   0.40000      0.780148E+009
   0.40100      0.778949E+009
   0.40200      0.777752E+009
   0.40300      0.776556E+009
   0.40400      0.775363E+009
   0.40500      0.774172E+009
   0.40600      0.772983E+009
   0.40700      0.771796E+009
   0.40800      0.770611E+009
   0.40900      0.769428E+009
   0.41000      0.768248E+009
   0.41100      0.767073E+009
   0.41200      0.765899E+009
   0.41300      0.764727E+009
   0.41400      0.763557E+009
   0.41500      0.762389E+009
   0.41600      0.761223E+009
   0.41700      0.760060E+009
   0.41800      0.758899E+009
   0.41900      0.757740E+009
   0.42000      0.756583E+009
   0.42100      0.755429E+009
   0.42200      0.754267E+009
   0.42300      0.753107E+009
   0.42400      0.751960E+009
   0.42500      0.750810E+009
   0.42600      0.749662E+009
   0.42700      0.748473E+009
   0.42800      0.747210E+009
   0.42900      0.745973E+009
   0.43000      0.744739E+009
   0.43100      0.743511E+009
   0.43200      0.742284E+009
   0.43300      0.741060E+009
   0.43400      0.739838E+009
   0.43500      0.738608E+009
   0.43600      0.737289E+009
   0.43700      0.735882E+009
   0.43800      0.734516E+009
   0.43900      0.733162E+009
   0.44000      0.731809E+009
   0.44100      0.730460E+009
   0.44200      0.729113E+009
   0.44300      0.727769E+009
   0.44400      0.726427E+009
   0.44500      0.725066E+009
   0.44600      0.723710E+009
   0.44700      0.722361E+009
   0.44800      0.721015E+009
   0.44900      0.719671E+009
   0.45000      0.718331E+009
   0.45100      0.716987E+009
   0.45200      0.715613E+009
   0.45300      0.714244E+009
   0.45400      0.712884E+009
   0.45500      0.711480E+009
   0.45600      0.710038E+009
   0.45700      0.708536E+009
   0.45800      0.706896E+009
   0.45900      0.705271E+009
   0.46000      0.703647E+009
   0.46100      0.702025E+009
   0.46200      0.700406E+009
   0.46300      0.698792E+009
   0.46400      0.697182E+009
   0.46500      0.695578E+009
   0.46600      0.693977E+009
   0.46700      0.692383E+009
   0.46800      0.690792E+009
   0.46900      0.689207E+009
   0.47000      0.687628E+009
   0.47100      0.686053E+009
   0.47200      0.684484E+009
   0.47300      0.682920E+009
   0.47400      0.681360E+009
   0.47500      0.679806E+009
   0.47600      0.678257E+009
   0.47700      0.676710E+009
   0.47800      0.675159E+009
   0.47900      0.673543E+009
   0.48000      0.671929E+009
   0.48100      0.670325E+009
   0.48200      0.668722E+009
   0.48300      0.667127E+009
   0.48400      0.665455E+009
   0.48500      0.663722E+009
   0.48600      0.662035E+009
   0.48700      0.660326E+009
   0.48800      0.658644E+009
   0.48900      0.656955E+009
   0.49000      0.655262E+009
   0.49100      0.653584E+009
   0.49200      0.651905E+009
   0.49300      0.650223E+009
   0.49400      0.648535E+009
   0.49500      0.646846E+009
   0.49600      0.645165E+009
   0.49700      0.643488E+009
   0.49800      0.641815E+009
   0.49900      0.640088E+009
   0.50000      0.638212E+009
   0.50100      0.636257E+009
   0.50200      0.634332E+009
   0.50300      0.632411E+009
   0.50400      0.630513E+009
   0.50500      0.628618E+009
   0.50600      0.626736E+009
   0.50700      0.624861E+009
   0.50800      0.622996E+009
   0.50900      0.621140E+009
   0.51000      0.619293E+009
   0.51100      0.617456E+009
   0.51200      0.615628E+009
   0.51300      0.613804E+009
   0.51400      0.611949E+009
   0.51500      0.610056E+009
   0.51600      0.608185E+009
   0.51700      0.606258E+009
   0.51800      0.604261E+009
   0.51900      0.602300E+009
   0.52000      0.600345E+009
   0.52100      0.598411E+009
   0.52200      0.596480E+009
   0.52300      0.594559E+009
   0.52400      0.592641E+009
   0.52500      0.590729E+009
   0.52600      0.588816E+009
   0.52700      0.586878E+009
   0.52800      0.584806E+009
   0.52900      0.582616E+009
   0.53000      0.580481E+009
   0.53100      0.578339E+009
   0.53200      0.576228E+009
   0.53300      0.574119E+009
   0.53400      0.572034E+009
   0.53500      0.569957E+009
   0.53600      0.567895E+009
   0.53700      0.565843E+009
   0.53800      0.563790E+009
   0.53900      0.561708E+009
   0.54000      0.559572E+009
   0.54100      0.557401E+009
   0.54200      0.555227E+009
   0.54300      0.553075E+009
   0.54400      0.550945E+009
   0.54500      0.548831E+009
   0.54600      0.546732E+009
   0.54700      0.544638E+009
   0.54800      0.542534E+009
   0.54900      0.540273E+009
   0.55000      0.537875E+009
   0.55100      0.535584E+009
   0.55200      0.533289E+009
   0.55300      0.531039E+009
   0.55400      0.528803E+009
   0.55500      0.526584E+009
   0.55600      0.524380E+009
   0.55700      0.522147E+009
   0.55800      0.519820E+009
   0.55900      0.517494E+009
   0.56000      0.515188E+009
   0.56100      0.512917E+009
   0.56200      0.510662E+009
   0.56300      0.508434E+009
   0.56400      0.506192E+009
   0.56500      0.503793E+009
   0.56600      0.501279E+009
   0.56700      0.498879E+009
   0.56800      0.496500E+009
   0.56900      0.494151E+009
   0.57000      0.491823E+009
   0.57100      0.489467E+009
   0.57200      0.487036E+009
   0.57300      0.484593E+009
   0.57400      0.482209E+009
   0.57500      0.479854E+009
   0.57600      0.477534E+009
   0.57700      0.475095E+009
   0.57800      0.472496E+009
   0.57900      0.470001E+009
   0.58000      0.467549E+009
   0.58100      0.465139E+009
   0.58200      0.462671E+009
   0.58300      0.460113E+009
   0.58400      0.457621E+009
   0.58500      0.455187E+009
   0.58600      0.452700E+009
   0.58700      0.450044E+009
   0.58800      0.447405E+009
   0.58900      0.444814E+009
   0.59000      0.442156E+009
   0.59100      0.439423E+009
   0.59200      0.436386E+009
   0.59300      0.431763E+009
   0.59323      0.430730E+009
   0.59331      0.430343E+009
   0.59334      0.430198E+009
   0.59336      0.430089E+009
   0.59337      0.430069E+009
   0.59337      0.430061E+009
    1.0000      0.430057E+009

