	0		0 
   0.10000E-02  0.201480E+007
   0.20000E-02  0.402961E+007
   0.30000E-02  0.604441E+007
   0.40000E-02  0.805921E+007
   0.50000E-02  0.100740E+008
   0.60000E-02  0.120888E+008
   0.70000E-02  0.141036E+008
   0.80000E-02  0.161184E+008
   0.90000E-02  0.181332E+008
   0.10000E-01  0.201480E+008
   0.11000E-01  0.221628E+008
   0.12000E-01  0.241776E+008
   0.13000E-01  0.261924E+008
   0.14000E-01  0.282072E+008
   0.15000E-01  0.302221E+008
   0.16000E-01  0.322369E+008
   0.17000E-01  0.342517E+008
   0.18000E-01  0.362665E+008
   0.19000E-01  0.382813E+008
   0.20000E-01  0.402961E+008
   0.21000E-01  0.423109E+008
   0.22000E-01  0.443257E+008
   0.23000E-01  0.463405E+008
   0.24000E-01  0.483553E+008
   0.25000E-01  0.503701E+008
   0.26000E-01  0.523849E+008
   0.27000E-01  0.543997E+008
   0.28000E-01  0.564145E+008
   0.29000E-01  0.584293E+008
   0.30000E-01  0.604441E+008
   0.31000E-01  0.624589E+008
   0.32000E-01  0.644737E+008
   0.33000E-01  0.664885E+008
   0.34000E-01  0.685033E+008
   0.35000E-01  0.705181E+008
   0.36000E-01  0.725329E+008
   0.37000E-01  0.745477E+008
   0.38000E-01  0.765625E+008
   0.39000E-01  0.785773E+008
   0.40000E-01  0.805921E+008
   0.41000E-01  0.826069E+008
   0.42000E-01  0.846217E+008
   0.43000E-01  0.866366E+008
   0.44000E-01  0.886514E+008
   0.45000E-01  0.906662E+008
   0.46000E-01  0.926810E+008
   0.47000E-01  0.946958E+008
   0.48000E-01  0.967106E+008
   0.49000E-01  0.987254E+008
   0.50000E-01  0.100740E+009
   0.51000E-01  0.102755E+009
   0.52000E-01  0.104770E+009
   0.53000E-01  0.106785E+009
   0.54000E-01  0.108799E+009
   0.55000E-01  0.110814E+009
   0.56000E-01  0.112829E+009
   0.57000E-01  0.114844E+009
   0.58000E-01  0.116859E+009
   0.59000E-01  0.118873E+009
   0.60000E-01  0.120888E+009
   0.61000E-01  0.122903E+009
   0.62000E-01  0.124918E+009
   0.63000E-01  0.126933E+009
   0.64000E-01  0.128947E+009
   0.65000E-01  0.130962E+009
   0.66000E-01  0.132977E+009
   0.67000E-01  0.134992E+009
   0.68000E-01  0.137007E+009
   0.69000E-01  0.139021E+009
   0.70000E-01  0.141036E+009
   0.71000E-01  0.143051E+009
   0.72000E-01  0.145066E+009
   0.73000E-01  0.147081E+009
   0.74000E-01  0.149095E+009
   0.75000E-01  0.151110E+009
   0.76000E-01  0.153125E+009
   0.77000E-01  0.155140E+009
   0.78000E-01  0.157155E+009
   0.79000E-01  0.159169E+009
   0.80000E-01  0.161184E+009
   0.81000E-01  0.163199E+009
   0.82000E-01  0.165214E+009
   0.83000E-01  0.167229E+009
   0.84000E-01  0.169243E+009
   0.85000E-01  0.171258E+009
   0.86000E-01  0.173273E+009
   0.87000E-01  0.175288E+009
   0.88000E-01  0.177303E+009
   0.89000E-01  0.179318E+009
   0.90000E-01  0.181332E+009
   0.91000E-01  0.183347E+009
   0.92000E-01  0.185362E+009
   0.93000E-01  0.187377E+009
   0.94000E-01  0.189392E+009
   0.95000E-01  0.191406E+009
   0.96000E-01  0.193421E+009
   0.97000E-01  0.195436E+009
   0.98000E-01  0.197451E+009
   0.99000E-01  0.199466E+009
   0.10000      0.201480E+009
   0.10100      0.203495E+009
   0.10200      0.205510E+009
   0.10300      0.207525E+009
   0.10400      0.209540E+009
   0.10500      0.211554E+009
   0.10600      0.213569E+009
   0.10700      0.215584E+009
   0.10800      0.217599E+009
   0.10900      0.219614E+009
   0.11000      0.221628E+009
   0.11100      0.223643E+009
   0.11200      0.225658E+009
   0.11300      0.227673E+009
   0.11400      0.229688E+009
   0.11500      0.231702E+009
   0.11600      0.233717E+009
   0.11700      0.235732E+009
   0.11800      0.237747E+009
   0.11900      0.239762E+009
   0.12000      0.241776E+009
   0.12100      0.243791E+009
   0.12200      0.245806E+009
   0.12300      0.247821E+009
   0.12400      0.249836E+009
   0.12500      0.251850E+009
   0.12600      0.253865E+009
   0.12700      0.255880E+009
   0.12800      0.257895E+009
   0.12900      0.259910E+009
   0.13000      0.261924E+009
   0.13100      0.263939E+009
   0.13200      0.265954E+009
   0.13300      0.267969E+009
   0.13400      0.269984E+009
   0.13500      0.271998E+009
   0.13600      0.274013E+009
   0.13700      0.276028E+009
   0.13800      0.278043E+009
   0.13900      0.280058E+009
   0.14000      0.282072E+009
   0.14100      0.284087E+009
   0.14200      0.286102E+009
   0.14300      0.288117E+009
   0.14400      0.290132E+009
   0.14500      0.292146E+009
   0.14600      0.294161E+009
   0.14700      0.296176E+009
   0.14800      0.298191E+009
   0.14900      0.300206E+009
   0.15000      0.302221E+009
   0.15100      0.304235E+009
   0.15200      0.306250E+009
   0.15300      0.308265E+009
   0.15400      0.310280E+009
   0.15500      0.312295E+009
   0.15600      0.314309E+009
   0.15700      0.316324E+009
   0.15800      0.318339E+009
   0.15900      0.320354E+009
   0.16000      0.322369E+009
   0.16100      0.324383E+009
   0.16200      0.326398E+009
   0.16300      0.328413E+009
   0.16400      0.330428E+009
   0.16500      0.332443E+009
   0.16600      0.334457E+009
   0.16700      0.336472E+009
   0.16800      0.338487E+009
   0.16900      0.340502E+009
   0.17000      0.342517E+009
   0.17100      0.344531E+009
   0.17200      0.346546E+009
   0.17300      0.348561E+009
   0.17400      0.350576E+009
   0.17500      0.352591E+009
   0.17600      0.354605E+009
   0.17700      0.356620E+009
   0.17800      0.358635E+009
   0.17900      0.360650E+009
   0.18000      0.362665E+009
   0.18100      0.364679E+009
   0.18200      0.366694E+009
   0.18300      0.368709E+009
   0.18400      0.370724E+009
   0.18500      0.372739E+009
   0.18600      0.374753E+009
   0.18700      0.376768E+009
   0.18800      0.378783E+009
   0.18900      0.380798E+009
   0.19000      0.382813E+009
   0.19100      0.384827E+009
   0.19200      0.386842E+009
   0.19300      0.388857E+009
   0.19400      0.390872E+009
   0.19500      0.392887E+009
   0.19600      0.394901E+009
   0.19700      0.396916E+009
   0.19800      0.398931E+009
   0.19900      0.400946E+009
   0.20000      0.402961E+009
   0.20100      0.404975E+009
   0.20200      0.406990E+009
   0.20300      0.409005E+009
   0.20400      0.411020E+009
   0.20500      0.413035E+009
   0.20600      0.415050E+009
   0.20700      0.417064E+009
   0.20800      0.419079E+009
   0.20900      0.421094E+009
   0.21000      0.423109E+009
   0.21100      0.425124E+009
   0.21200      0.427138E+009
   0.21300      0.429153E+009
   0.21400      0.431168E+009
   0.21500      0.433183E+009
   0.21600      0.435198E+009
   0.21700      0.437212E+009
   0.21800      0.439227E+009
   0.21900      0.441242E+009
   0.22000      0.443257E+009
   0.22100      0.445688E+009
   0.22200      0.448214E+009
   0.22300      0.450742E+009
   0.22400      0.453269E+009
   0.22500      0.455796E+009
   0.22600      0.458323E+009
   0.22700      0.460850E+009
   0.22800      0.463377E+009
   0.22900      0.465904E+009
   0.23000      0.468431E+009
   0.23100      0.470958E+009
   0.23200      0.473485E+009
   0.23300      0.476405E+009
   0.23400      0.480015E+009
   0.23500      0.483632E+009
   0.23600      0.487260E+009
   0.23700      0.490872E+009
   0.23800      0.494488E+009
   0.23900      0.498103E+009
   0.24000      0.501718E+009
   0.24100      0.505334E+009
   0.24200      0.508948E+009
   0.24300      0.512563E+009
   0.24400      0.516177E+009
   0.24500      0.519791E+009
   0.24600      0.523405E+009
   0.24700      0.527019E+009
   0.24800      0.530632E+009
   0.24900      0.534245E+009
   0.25000      0.537858E+009
   0.25100      0.541470E+009
   0.25200      0.545083E+009
   0.25300      0.548695E+009
   0.25400      0.552306E+009
   0.25500      0.555918E+009
   0.25600      0.559529E+009
   0.25700      0.563141E+009
   0.25800      0.566751E+009
   0.25900      0.570362E+009
   0.26000      0.573972E+009
   0.26100      0.577583E+009
   0.26200      0.581193E+009
   0.26300      0.584802E+009
   0.26400      0.588412E+009
   0.26500      0.592021E+009
   0.26600      0.595630E+009
   0.26700      0.599239E+009
   0.26800      0.602848E+009
   0.26900      0.606456E+009
   0.27000      0.610064E+009
   0.27100      0.613672E+009
   0.27200      0.617280E+009
   0.27300      0.620887E+009
   0.27400      0.624495E+009
   0.27500      0.628102E+009
   0.27600      0.631708E+009
   0.27700      0.635315E+009
   0.27800      0.638921E+009
   0.27900      0.642528E+009
   0.28000      0.646134E+009
   0.28100      0.649740E+009
   0.28200      0.653345E+009
   0.28300      0.656950E+009
   0.28400      0.660556E+009
   0.28500      0.664161E+009
   0.28600      0.667765E+009
   0.28700      0.671370E+009
   0.28800      0.674974E+009
   0.28900      0.678578E+009
   0.29000      0.682182E+009
   0.29100      0.685786E+009
   0.29200      0.689390E+009
   0.29300      0.692993E+009
   0.29400      0.696596E+009
   0.29500      0.700199E+009
   0.29600      0.703802E+009
   0.29700      0.707404E+009
   0.29800      0.711007E+009
   0.29900      0.714609E+009
   0.30000      0.718211E+009
   0.30100      0.721812E+009
   0.30200      0.725414E+009
   0.30300      0.729015E+009
   0.30400      0.732617E+009
   0.30500      0.736218E+009
   0.30600      0.739818E+009
   0.30700      0.743419E+009
   0.30800      0.747019E+009
   0.30900      0.750620E+009
   0.31000      0.754220E+009
   0.31100      0.757819E+009
   0.31200      0.761419E+009
   0.31300      0.765019E+009
   0.31400      0.768618E+009
   0.31500      0.772217E+009
   0.31600      0.775816E+009
   0.31700      0.779415E+009
   0.31800      0.783032E+009
   0.31900      0.787972E+009
   0.32000      0.792922E+009
   0.32100      0.797712E+009
   0.32200      0.802308E+009
   0.32300      0.806908E+009
   0.32400      0.811504E+009
   0.32500      0.816100E+009
   0.32600      0.820695E+009
   0.32700      0.825291E+009
   0.32800      0.829885E+009
   0.32900      0.834480E+009
   0.33000      0.839074E+009
   0.33100      0.843667E+009
   0.33200      0.848260E+009
   0.33300      0.852853E+009
   0.33400      0.857446E+009
   0.33500      0.862038E+009
   0.33600      0.866248E+009
   0.33700      0.870285E+009
   0.33800      0.874321E+009
   0.33900      0.878351E+009
   0.34000      0.882380E+009
   0.34100      0.886409E+009
   0.34200      0.890438E+009
   0.34300      0.894466E+009
   0.34400      0.898494E+009
   0.34500      0.902521E+009
   0.34600      0.906548E+009
   0.34700      0.910047E+009
   0.34800      0.909598E+009
   0.34900      0.909132E+009
   0.35000      0.908673E+009
   0.35100      0.908217E+009
   0.35200      0.907760E+009
   0.35300      0.907304E+009
   0.35400      0.906848E+009
   0.35500      0.906392E+009
   0.35600      0.905937E+009
   0.35700      0.905482E+009
   0.35800      0.905027E+009
   0.35900      0.904573E+009
   0.36000      0.904118E+009
   0.36100      0.903665E+009
   0.36200      0.903211E+009
   0.36300      0.902758E+009
   0.36400      0.902305E+009
   0.36500      0.901852E+009
   0.36600      0.901399E+009
   0.36700      0.900947E+009
   0.36800      0.900496E+009
   0.36900      0.900050E+009
   0.37000      0.899607E+009
   0.37100      0.899162E+009
   0.37200      0.898718E+009
   0.37300      0.898275E+009
   0.37400      0.897831E+009
   0.37500      0.897388E+009
   0.37600      0.896950E+009
   0.37700      0.896518E+009
   0.37800      0.896086E+009
   0.37900      0.895653E+009
   0.38000      0.895222E+009
   0.38100      0.894790E+009
   0.38200      0.894359E+009
   0.38300      0.893927E+009
   0.38400      0.893497E+009
   0.38500      0.893066E+009
   0.38600      0.892636E+009
   0.38700      0.892206E+009
   0.38800      0.891779E+009
   0.38900      0.891354E+009
   0.39000      0.890929E+009
   0.39100      0.890504E+009
   0.39200      0.889962E+009
   0.39300      0.889329E+009
   0.39400      0.888691E+009
   0.39500      0.888059E+009
   0.39600      0.887198E+009
   0.39700      0.886153E+009
   0.39800      0.884993E+009
   0.39900      0.883889E+009
   0.40000      0.882791E+009
   0.40100      0.881699E+009
   0.40200      0.880605E+009
   0.40300      0.879511E+009
   0.40400      0.878417E+009
   0.40500      0.877324E+009
   0.40600      0.876232E+009
   0.40700      0.875139E+009
   0.40800      0.874049E+009
   0.40900      0.872958E+009
   0.41000      0.871870E+009
   0.41100      0.870792E+009
   0.41200      0.869711E+009
   0.41300      0.868630E+009
   0.41400      0.867549E+009
   0.41500      0.866470E+009
   0.41600      0.865392E+009
   0.41700      0.864316E+009
   0.41800      0.863240E+009
   0.41900      0.862166E+009
   0.42000      0.861094E+009
   0.42100      0.860039E+009
   0.42200      0.858945E+009
   0.42300      0.857855E+009
   0.42400      0.856806E+009
   0.42500      0.855738E+009
   0.42600      0.854671E+009
   0.42700      0.853591E+009
   0.42800      0.852303E+009
   0.42900      0.851098E+009
   0.43000      0.849895E+009
   0.43100      0.848701E+009
   0.43200      0.847505E+009
   0.43300      0.846310E+009
   0.43400      0.845117E+009
   0.43500      0.843920E+009
   0.43600      0.842644E+009
   0.43700      0.841103E+009
   0.43800      0.839696E+009
   0.43900      0.838298E+009
   0.44000      0.836902E+009
   0.44100      0.835510E+009
   0.44200      0.834119E+009
   0.44300      0.832729E+009
   0.44400      0.831349E+009
   0.44500      0.829911E+009
   0.44600      0.828484E+009
   0.44700      0.827069E+009
   0.44800      0.825656E+009
   0.44900      0.824246E+009
   0.45000      0.822837E+009
   0.45100      0.821435E+009
   0.45200      0.819941E+009
   0.45300      0.818463E+009
   0.45400      0.817001E+009
   0.45500      0.815476E+009
   0.45600      0.813898E+009
   0.45700      0.812237E+009
   0.45800      0.810364E+009
   0.45900      0.808604E+009
   0.46000      0.806805E+009
   0.46100      0.804993E+009
   0.46200      0.803169E+009
   0.46300      0.801358E+009
   0.46400      0.799559E+009
   0.46500      0.797777E+009
   0.46600      0.795990E+009
   0.46700      0.794210E+009
   0.46800      0.792432E+009
   0.46900      0.790662E+009
   0.47000      0.788895E+009
   0.47100      0.787135E+009
   0.47200      0.785380E+009
   0.47300      0.783631E+009
   0.47400      0.781887E+009
   0.47500      0.780148E+009
   0.47600      0.778416E+009
   0.47700      0.776694E+009
   0.47800      0.774945E+009
   0.47900      0.773082E+009
   0.48000      0.771284E+009
   0.48100      0.769477E+009
   0.48200      0.767657E+009
   0.48300      0.765852E+009
   0.48400      0.763921E+009
   0.48500      0.761914E+009
   0.48600      0.760008E+009
   0.48700      0.758016E+009
   0.48800      0.756084E+009
   0.48900      0.754128E+009
   0.49000      0.752179E+009
   0.49100      0.750253E+009
   0.49200      0.748313E+009
   0.49300      0.746367E+009
   0.49400      0.744412E+009
   0.49500      0.742470E+009
   0.49600      0.740533E+009
   0.49700      0.738595E+009
   0.49800      0.736662E+009
   0.49900      0.734667E+009
   0.50000      0.732472E+009
   0.50100      0.730113E+009
   0.50200      0.727839E+009
   0.50300      0.725546E+009
   0.50400      0.723296E+009
   0.50500      0.721045E+009
   0.50600      0.718818E+009
   0.50700      0.716594E+009
   0.50800      0.714385E+009
   0.50900      0.712187E+009
   0.51000      0.709999E+009
   0.51100      0.707825E+009
   0.51200      0.705660E+009
   0.51300      0.703500E+009
   0.51400      0.701301E+009
   0.51500      0.699048E+009
   0.51600      0.696819E+009
   0.51700      0.694521E+009
   0.51800      0.692118E+009
   0.51900      0.689760E+009
   0.52000      0.687413E+009
   0.52100      0.685096E+009
   0.52200      0.682781E+009
   0.52300      0.680482E+009
   0.52400      0.678191E+009
   0.52500      0.675894E+009
   0.52600      0.673597E+009
   0.52700      0.671265E+009
   0.52800      0.668748E+009
   0.52900      0.666073E+009
   0.53000      0.663486E+009
   0.53100      0.660873E+009
   0.53200      0.658305E+009
   0.53300      0.655736E+009
   0.53400      0.653202E+009
   0.53500      0.650675E+009
   0.53600      0.648172E+009
   0.53700      0.645679E+009
   0.53800      0.643184E+009
   0.53900      0.640649E+009
   0.54000      0.638037E+009
   0.54100      0.635378E+009
   0.54200      0.632719E+009
   0.54300      0.630085E+009
   0.54400      0.627481E+009
   0.54500      0.624898E+009
   0.54600      0.622334E+009
   0.54700      0.619778E+009
   0.54800      0.617206E+009
   0.54900      0.614423E+009
   0.55000      0.611441E+009
   0.55100      0.608619E+009
   0.55200      0.605781E+009
   0.55300      0.603008E+009
   0.55400      0.600252E+009
   0.55500      0.597519E+009
   0.55600      0.594808E+009
   0.55700      0.592057E+009
   0.55800      0.589174E+009
   0.55900      0.586291E+009
   0.56000      0.583438E+009
   0.56100      0.580630E+009
   0.56200      0.577844E+009
   0.56300      0.575096E+009
   0.56400      0.572328E+009
   0.56500      0.569349E+009
   0.56600      0.566200E+009
   0.56700      0.563215E+009
   0.56800      0.560256E+009
   0.56900      0.557339E+009
   0.57000      0.554449E+009
   0.57100      0.551524E+009
   0.57200      0.548493E+009
   0.57300      0.545443E+009
   0.57400      0.542476E+009
   0.57500      0.539547E+009
   0.57600      0.536668E+009
   0.57700      0.533628E+009
   0.57800      0.530359E+009
   0.57900      0.527238E+009
   0.58000      0.524175E+009
   0.58100      0.521168E+009
   0.58200      0.518085E+009
   0.58300      0.514872E+009
   0.58400      0.511753E+009
   0.58500      0.508713E+009
   0.58600      0.505601E+009
   0.58700      0.502254E+009
   0.58800      0.498928E+009
   0.58900      0.495669E+009
   0.59000      0.492321E+009
   0.59100      0.488864E+009
   0.59200      0.484985E+009
   0.59300      0.478892E+009
   0.59323      0.477532E+009
   0.59331      0.477023E+009
   0.59334      0.476832E+009
   0.59336      0.476689E+009
   0.59337      0.476662E+009
   0.59337      0.476652E+009
    1.0000      0.476646E+009

