  	0	    0	
   0.20000E-02   101.603     
   0.40000E-02   203.206     
   0.60000E-02   304.809     
   0.80000E-02   406.412     
   0.10000E-01   508.015     
   0.12000E-01   609.618     
   0.14000E-01   711.221     
   0.16000E-01   812.824     
   0.18000E-01   914.427     
   0.20000E-01   1016.03     
   0.22000E-01   1117.63     
   0.24000E-01   1219.24     
   0.26000E-01   1320.84     
   0.28000E-01   1422.44     
   0.30000E-01   1524.04     
   0.32000E-01   1625.65     
   0.34000E-01   1727.25     
   0.36000E-01   1828.85     
   0.38000E-01   1930.46     
   0.40000E-01   2032.06     
  
   0.42000E-01   2133.66     
   0.44000E-01   2235.27     
   0.46000E-01   2336.87     
   0.48000E-01   2438.47     
   0.50000E-01   2540.07     
   0.52000E-01   2641.68     
   0.54000E-01   2743.28     
   0.56000E-01   2844.88     
   0.58000E-01   2946.49     
   0.60000E-01   3048.09     
   0.62000E-01   3149.69     
   0.64000E-01   3251.30     
   0.66000E-01   3352.90     
   0.68000E-01   3454.50     
   0.70000E-01   3556.10     
   0.72000E-01   3657.71     
   0.74000E-01   3759.31     
   0.76000E-01   3860.91     
   0.78000E-01   3961.21     
   0.80000E-01   4058.58     
  
   0.82000E-01   4151.30     
   0.84000E-01   4242.77     
   0.86000E-01   4334.23     
   0.88000E-01   4426.26     
   0.90000E-01   4518.57     
   0.92000E-01   4610.91     
   0.94000E-01   4703.18     
   0.96000E-01   4795.43     
   0.98000E-01   4887.70     
   0.10000       4979.99     
   0.10200       5072.30     
   0.10400       5164.63     
   0.10600       5256.19     
   0.10800       5345.58     
   0.11000       5434.29     
   0.11200       5522.55     
   0.11400       5609.15     
   0.11600       5693.19     
   0.11800       5776.50     
   0.12000       5858.63     
  
   0.12200       5940.38     
   0.12400       6022.34     
   0.12600       6104.98     
   0.12800       6188.18     
   0.13000       6271.73     
   0.13200       6355.39     
   0.13400       6439.10     
   0.13600       6522.88     
   0.13800       6606.50     
   0.14000       6689.58     
   0.14200       6771.75     
   0.14400       6852.84     
   0.14600       6932.80     
   0.14800       7009.91     
   0.15000       7084.32     
   0.15200       7156.13     
   0.15400       7228.10     
   0.15600       7299.34     
   0.15800       7372.80     
   0.16000       7446.19     
  
   0.16200       7519.62     
   0.16400       7592.87     
   0.16600       7665.95     
   0.16800       7736.98     
   0.17000       7806.54     
   0.17200       7872.82     
   0.17400       7936.17     
   0.17600       7999.30     
   0.17800       8062.74     
   0.18000       8126.87     
   0.18200       8189.65     
   0.18400       8251.90     
   0.18600       8314.23     
   0.18800       8376.34     
   0.19000       8437.43     
   0.19200       8496.49     
   0.19400       8547.51     
   0.19600       8595.87     
   0.19800       8640.78     
   0.20000       8689.56     
  
   0.20200       8739.98     
   0.20400       8791.24     
   0.20600       8841.85     
   0.20800       8889.81     
   0.21000       8934.26     
   0.21200       8972.36     
   0.21400       9006.95     
   0.21600       9042.08     
   0.21800       9078.28     
   0.22000       9115.73     
   0.22200       9154.27     
   0.22400       9194.61     
   0.22600       9235.67     
   0.22800       9265.76     
   0.23000       9295.05     
   0.23200       9320.05     
   0.23400       9345.52     
   0.23600       9375.04     
   0.23800       9406.86     
   0.24000       9435.29     
  
   0.24200       9458.64     
   0.24400       9473.70     
   0.24600       9487.47     
   0.24800       9501.48     
   0.25000       9515.69     
   0.25200       9533.67     
   0.25400       9554.25     
   0.25600       9577.65     
   0.25800       9591.84     
   0.26000       9603.72     
   0.26200       9610.90     
   0.26400       9619.51     
   0.26600       9630.68     
   0.26800       9643.05     
   0.27000       9656.90     
   0.27200       9661.86     
   0.27400       9657.80     
   0.27600       9653.27     
   0.27800       9651.09     
   0.28000       9653.74     
  
   0.28200       9659.73     
   0.28400       9672.76     
   0.28600       9683.67     
   0.28800       9678.19     
   0.29000       9675.04     
   0.29200       9672.85     
   0.29400       9673.45     
   0.29600       9677.00     
   0.29800       9680.12     
   0.30000       9677.43     
   0.30200       9670.89     
   0.30400       9656.27     
   0.30600       9646.15     
   0.30800       9632.45     
   0.31000       9628.95     
   0.31200       9626.91     
   0.31400       9630.34     
   0.31600       9625.68     
   0.31800       9612.45     
   0.32000       9599.51     
  
   0.32200       9592.96     
   0.32400       9588.32     
   0.32600       9581.01     
   0.32800       9567.56     
   0.33000       9552.47     
   0.33200       9526.61     
   0.33400       9502.02     
   0.33600       9487.56     
   0.33800       9478.21     
   0.34000       9475.19     
   0.34200       9466.15     
   0.34400       9457.47     
   0.34600       9436.86     
   0.34800       9416.98     
   0.35000       9402.77     
   0.35200       9388.37     
   0.35400       9369.72     
   0.35600       9343.02     
   0.35800       9315.19     
   0.36000       9291.51     
  
   0.36200       9272.76     
   0.36400       9263.39     
   0.36600       9254.17     
   0.36800       9245.13     
   0.37000       9218.84     
   0.37200       9198.51     
   0.37400       9178.62     
   0.37600       9165.02     
   0.37800       9152.97     
   0.38000       9124.97     
   0.38200       9095.94     
   0.38400       9064.13     
   0.38600       9038.63     
   0.38800       9016.93     
   0.39000       9006.10     
   0.39200       9000.26     
   0.39400       8985.04     
   0.39600       8960.13     
   0.39800       8930.23     
   0.40000       8904.72     
  
   0.40200       8889.41     
   0.40400       8870.76     
   0.40600       8837.72     
   0.40800       8806.41     
   0.41000       8779.66     
   0.41200       8746.68     
   0.41400       8728.34     
   0.41600       8708.69     
   0.41800       8701.13     
   0.42000       8678.95     
   0.42200       8653.71     
   0.42400       8624.15     
   0.42600       8602.13     
   0.42800       8581.77     
   0.43000       8562.16     
   0.43200       8541.32     
   0.43400       8515.70     
   0.43600       8490.98     
   0.43800       8448.08     
   0.44000       8420.76     
  
   0.44200       8410.81     
   0.44400       8398.87     
   0.44600       8386.48     
   0.44800       8355.19     
   0.45000       8328.96     
   0.45200       8302.27     
   0.45400       8285.27     
   0.45600       8272.79     
   0.45800       8247.41     
   0.46000       8219.81     
   0.46200       8186.11     
   0.46400       8151.71     
   0.46600       8125.55     
   0.46800       8112.63     
   0.47000       8097.01     
   0.47200       8081.89     
   0.47400       8058.51     
   0.47600       8034.91     
   0.47800       8005.42     
   0.48000       7985.76     
  
   0.48200       7964.72     
   0.48400       7943.23     
   0.48600       7919.77     
   0.48800       7894.38     
   0.49000       7861.32     
   0.49200       7821.04     
   0.49400       7798.97     
   0.49600       7779.82     
   0.49800       7766.99     
   0.50000       7751.12     
   0.50200       7733.66     
   0.50400       7695.45     
   0.50600       7670.68     
   0.50800       7649.48     
   0.51000       7630.71     
   0.51200       7612.08     
   0.51400       7580.66     
   0.51550       7554.31     
   0.51700       7527.40     
   0.51850       7498.68     
  
   0.52050       7481.86     
   0.52200       7471.35     
   0.52350       7458.50     
   0.52550       7443.91     
   0.52750       7426.66     
   0.52950       7393.66     
   0.53100       7373.37     
   0.53250       7353.96     
   0.53400       7339.87     
   0.53600       7321.28     
   0.53800       7301.37     
   0.54000       7272.00     
   0.54150       7245.82     
   0.54300       7218.54     
   0.54500       7183.70     
   0.54700       7159.45     
   0.54900       7138.68     
   0.55100       7122.00     
   0.55300       7109.58     
   0.55500       7083.35     
  
   0.55650       7063.77     
   0.55800       7041.74     
   0.56000       7015.40     
   0.56200       6996.69     
   0.56400       6977.08     
   0.56600       6955.09     
   0.56800       6921.39     
   0.56950       6891.98     
   0.57062       6869.55     
   0.57175       6852.26     
   0.57287       6835.49     
   0.57456       6821.80     
   0.57625       6807.84     
   0.57825       6791.49     
   0.58025       6777.04     
   0.58225       6756.13     
   0.58375       6733.30     
   0.58525       6712.71     
   0.58725       6686.17     
   0.58925       6669.67     
  
   0.59075       6658.17     
   0.59225       6644.80     
   0.59425       6619.16     
   0.59625       6588.15     
   0.59775       6558.75     
   0.59887       6540.81     
   0.60000       6521.96     
   0.60169       6499.85     
   0.60337       6484.65     
   0.60537       6471.34     
   0.60737       6459.06     
   0.60937       6441.62     
   0.61027       6458.70     


