   	0		0
   0.20000E-02   550245.     
   0.40000E-02  0.110049E+007
   0.60000E-02  0.165073E+007
   0.80000E-02  0.220098E+007
   0.10000E-01  0.275122E+007
   0.12000E-01  0.330147E+007
   0.14000E-01  0.385171E+007
   0.16000E-01  0.440196E+007
   0.18000E-01  0.495220E+007
   0.20000E-01  0.550245E+007
   0.22000E-01  0.605269E+007
   0.24000E-01  0.660294E+007
   0.26000E-01  0.715318E+007
   0.28000E-01  0.770343E+007
   0.30000E-01  0.825367E+007
   0.32000E-01  0.880392E+007
   0.34000E-01  0.935416E+007
   0.36000E-01  0.990441E+007
   0.38000E-01  0.104547E+008
   0.40000E-01  0.110049E+008
   
   0.42000E-01  0.115551E+008
   0.44000E-01  0.121054E+008
   0.46000E-01  0.126556E+008
   0.48000E-01  0.132059E+008
   0.50000E-01  0.137561E+008
   0.52000E-01  0.143064E+008
   0.54000E-01  0.148566E+008
   0.56000E-01  0.154069E+008
   0.58000E-01  0.159571E+008
   0.60000E-01  0.165073E+008
   0.62000E-01  0.170576E+008
   0.64000E-01  0.176078E+008
   0.66000E-01  0.181581E+008
   0.68000E-01  0.187083E+008
   0.70000E-01  0.192586E+008
   0.72000E-01  0.198088E+008
   0.74000E-01  0.203591E+008
   0.76000E-01  0.209093E+008
   0.78000E-01  0.214792E+008
   0.80000E-01  0.221934E+008
   
   0.82000E-01  0.222885E+008
   0.84000E-01  0.206786E+008
   0.86000E-01  0.198711E+008
   0.88000E-01  0.193771E+008
   0.90000E-01  0.191323E+008
   0.92000E-01  0.188776E+008
   0.94000E-01  0.185954E+008
   0.96000E-01  0.182903E+008
   0.98000E-01  0.180037E+008
   0.10000      0.177332E+008
   0.10200      0.174780E+008
   0.10400      0.172314E+008
   0.10600      0.170476E+008
   0.10800      0.167751E+008
   0.11000      0.160315E+008
   0.11200      0.154081E+008
   0.11400      0.148845E+008
   0.11600      0.140777E+008
   0.11800      0.127519E+008
   0.12000      0.125305E+008
   
   0.12200      0.123325E+008
   0.12400      0.122199E+008
   0.12600      0.121510E+008
   0.12800      0.121908E+008
   0.13000      0.122598E+008
   0.13200      0.123701E+008
   0.13400      0.124904E+008
   0.13600      0.126393E+008
   0.13800      0.128401E+008
   0.14000      0.131084E+008
   0.14200      0.130912E+008
   0.14400      0.130291E+008
   0.14600      0.130216E+008
   0.14800      0.127829E+008
   0.15000      0.121832E+008
   0.15200      0.112954E+008
   0.15400      0.998495E+007
   0.15600      0.912546E+007
   0.15800      0.816835E+007
   0.16000      0.757836E+007
   
   0.16200      0.699984E+007
   0.16400      0.644448E+007
   0.16600      0.592453E+007
   0.16800      0.546863E+007
   0.17000      0.510913E+007
   0.17200      0.492138E+007
   0.17400      0.472535E+007
   0.17600      0.456031E+007
   0.17800      0.445286E+007
   0.18000      0.434749E+007
   0.18200      0.422780E+007
   0.18400      0.406371E+007
   0.18600      0.429584E+007
   0.18800      0.436584E+007
   0.19000      0.444879E+007
   0.19200      0.462292E+007
   0.19400      0.472108E+007
   0.19600      0.468057E+007
   0.19800      0.467504E+007
   0.20000      0.474905E+007
   
   0.20200      0.477123E+007
   0.20400      0.475111E+007
   0.20600      0.464471E+007
   0.20800      0.414690E+007
   0.21000      0.366305E+007
   0.21200      0.296277E+007
   0.21400      0.227013E+007
   0.21600      0.179236E+007
   0.21800      0.131436E+007
   0.22000       882412.     
   0.22200       484204.     
   0.22400       191986.     
   0.22600      -75986.0     
   0.22800      -563466.     
   0.23000      -688402.     
   0.23200     -0.108165E+007
   0.23400     -0.147218E+007
   0.23600     -0.166363E+007
   0.23800     -0.197817E+007
   0.24000     -0.229244E+007
   
   0.24200     -0.257011E+007
   0.24400     -0.318098E+007
   0.24600     -0.341568E+007
   0.24800     -0.348919E+007
   0.25000     -0.378807E+007
   0.25200     -0.385655E+007
   0.25400     -0.416014E+007
   0.25600     -0.429478E+007
   0.25800     -0.478775E+007
   0.26000     -0.489428E+007
   0.26200     -0.526681E+007
   0.26400     -0.533146E+007
   0.26600     -0.541548E+007
   0.26800     -0.566237E+007
   0.27000     -0.581885E+007
   0.27200     -0.599899E+007
   0.27400     -0.621502E+007
   0.27600     -0.644195E+007
   0.27800     -0.658595E+007
   0.28000     -0.640672E+007
   
   0.28200     -0.659832E+007
   0.28400     -0.646816E+007
   0.28600     -0.671658E+007
   0.28800     -0.730389E+007
   0.29000     -0.715523E+007
   0.29200     -0.708863E+007
   0.29400     -0.706903E+007
   0.29600     -0.712719E+007
   0.29800     -0.733230E+007
   0.30000     -0.761780E+007
   0.30200     -0.755699E+007
   0.30400     -0.781375E+007
   0.30600     -0.717306E+007
   0.30800     -0.739719E+007
   0.31000     -0.694139E+007
   0.31200     -0.746067E+007
   0.31400     -0.718555E+007
   0.31600     -0.740195E+007
   0.31800     -0.747662E+007
   0.32000     -0.753281E+007
   
   0.32200     -0.721094E+007
   0.32400     -0.736506E+007
   0.32600     -0.766977E+007
   0.32800     -0.782459E+007
   0.33000     -0.759654E+007
   0.33200     -0.746643E+007
   0.33400     -0.742376E+007
   0.33600     -0.690401E+007
   0.33800     -0.721439E+007
   0.34000     -0.704287E+007
   0.34200     -0.775752E+007
   0.34400     -0.725943E+007
   0.34600     -0.718520E+007
   0.34800     -0.721581E+007
   0.35000     -0.697315E+007
   0.35200     -0.728144E+007
   0.35400     -0.738896E+007
   0.35600     -0.778676E+007
   0.35800     -0.757460E+007
   0.36000     -0.708097E+007
   
   0.36200     -0.677856E+007
   0.36400     -0.650651E+007
   0.36600     -0.697638E+007
   0.36800     -0.699347E+007
   0.37000     -0.727932E+007
   0.37200     -0.683619E+007
   0.37400     -0.676443E+007
   0.37600     -0.682631E+007
   0.37800     -0.654524E+007
   0.38000     -0.708761E+007
   0.38200     -0.701196E+007
   0.38400     -0.694336E+007
   0.38600     -0.642730E+007
   0.38800     -0.619434E+007
   0.39000     -0.574441E+007
   0.39200     -0.568220E+007
   0.39400     -0.593950E+007
   0.39600     -0.593137E+007
   0.39800     -0.599833E+007
   0.40000     -0.618915E+007
   
   0.40200     -0.581130E+007
   0.40400     -0.576002E+007
   0.40600     -0.637674E+007
   0.40800     -0.624442E+007
   0.41000     -0.541743E+007
   0.41200     -0.560555E+007
   0.41400     -0.523966E+007
   0.41600     -0.569829E+007
   0.41800     -0.527276E+007
   0.42000     -0.548020E+007
   0.42200     -0.550751E+007
   0.42400     -0.569083E+007
   0.42600     -0.529471E+007
   0.42800     -0.511432E+007
   0.43000     -0.509636E+007
   0.43200     -0.513658E+007
   0.43400     -0.525821E+007
   0.43600     -0.483028E+007
   0.43800     -0.486671E+007
   0.44000     -0.485800E+007
   
   0.44200     -0.452937E+007
   0.44400     -0.465857E+007
   0.44600     -0.464420E+007
   0.44800     -0.496431E+007
   0.45000     -0.456290E+007
   0.45200     -0.451837E+007
   0.45400     -0.458758E+007
   0.45600     -0.420120E+007
   0.45800     -0.457735E+007
   0.46000     -0.423751E+007
   0.46200     -0.409357E+007
   0.46400     -0.415137E+007
   0.46600     -0.416615E+007
   0.46800     -0.372239E+007
   0.47000     -0.386033E+007
   0.47200     -0.405381E+007
   0.47400     -0.402671E+007
   0.47600     -0.374662E+007
   0.47800     -0.391113E+007
   0.48000     -0.336875E+007
   
   0.48200     -0.338459E+007
   0.48400     -0.351000E+007
   0.48600     -0.359089E+007
   0.48800     -0.352485E+007
   0.49000     -0.335001E+007
   0.49200     -0.338431E+007
   0.49400     -0.301005E+007
   0.49600     -0.330870E+007
   0.49800     -0.318571E+007
   0.50000     -0.330947E+007
   0.50200     -0.301762E+007
   0.50400     -0.307429E+007
   0.50600     -0.289699E+007
   0.50800     -0.273318E+007
   0.51000     -0.270325E+007
   0.51200     -0.273533E+007
   0.51400     -0.275103E+007
   0.51550     -0.289378E+007
   0.51700     -0.267199E+007
   0.51850     -0.280043E+007
   
   0.52050     -0.256837E+007
   0.52200     -0.237241E+007
   0.52350     -0.251706E+007
   0.52550     -0.253472E+007
   0.52750     -0.241838E+007
   0.52950     -0.252153E+007
   0.53100     -0.225783E+007
   0.53250     -0.234995E+007
   0.53400     -0.227992E+007
   0.53600     -0.228375E+007
   0.53800     -0.229740E+007
   0.54000     -0.225810E+007
   0.54150     -0.213934E+007
   0.54300     -0.209757E+007
   0.54500     -0.206546E+007
   0.54700     -0.194759E+007
   0.54900     -0.181116E+007
   0.55100     -0.198349E+007
   0.55300     -0.191811E+007
   0.55500     -0.199257E+007
   
   0.55650     -0.180413E+007
   0.55800     -0.177169E+007
   0.56000     -0.178066E+007
   0.56200     -0.169802E+007
   0.56400     -0.172111E+007
   0.56600     -0.170187E+007
   0.56800     -0.176646E+007
   0.56950     -0.168593E+007
   0.57062     -0.167554E+007
   0.57175     -0.152252E+007
   0.57287     -0.161027E+007
   0.57456     -0.149135E+007
   0.57625     -0.145342E+007
   0.57825     -0.146942E+007
   0.58025     -0.143719E+007
   0.58225     -0.149564E+007
   0.58375     -0.149829E+007
   0.58525     -0.135452E+007
   0.58725     -0.129623E+007
   0.58925     -0.121460E+007
   
   0.59075     -0.124585E+007
   0.59225     -0.128689E+007
   0.59425     -0.141119E+007
   0.59625     -0.122358E+007
   0.59775     -0.127336E+007
   0.59887     -0.100698E+007
   0.60000      -965414.     
   0.60169     -0.116455E+007
   0.60337     -0.113298E+007
   0.60537     -0.102959E+007
   0.60737      -916977.     
   0.60937     -0.102501E+007
   0.61027       160368.     


