	0		0
   0.20000E-02  -863745.     
   0.40000E-02 -0.172749E+007
   0.60000E-02 -0.259124E+007
   0.80000E-02 -0.345498E+007
   0.10000E-01 -0.431873E+007
   0.12000E-01 -0.518247E+007
   0.14000E-01 -0.604622E+007
   0.16000E-01 -0.690996E+007
   0.18000E-01 -0.777371E+007
   0.20000E-01 -0.863745E+007
   0.22000E-01 -0.950120E+007
   0.24000E-01 -0.103649E+008
   0.26000E-01 -0.112287E+008
   0.28000E-01 -0.120924E+008
   0.30000E-01 -0.129562E+008
   0.32000E-01 -0.138199E+008
   0.34000E-01 -0.146837E+008
   0.36000E-01 -0.155474E+008
   0.38000E-01 -0.164112E+008
   0.40000E-01 -0.172749E+008

   0.42000E-01 -0.181387E+008
   0.44000E-01 -0.190024E+008
   0.46000E-01 -0.198661E+008
   0.48000E-01 -0.207299E+008
   0.50000E-01 -0.215936E+008
   0.52000E-01 -0.224574E+008
   0.54000E-01 -0.233211E+008
   0.56000E-01 -0.241849E+008
   0.58000E-01 -0.250486E+008
   0.60000E-01 -0.259124E+008
   0.62000E-01 -0.267761E+008
   0.64000E-01 -0.276399E+008
   0.66000E-01 -0.285036E+008
   0.68000E-01 -0.293673E+008
   0.70000E-01 -0.302311E+008
   0.72000E-01 -0.310948E+008
   0.74000E-01 -0.319586E+008
   0.76000E-01 -0.328223E+008
   0.78000E-01 -0.337533E+008
   0.80000E-01 -0.341681E+008

   0.82000E-01 -0.333652E+008
   0.84000E-01 -0.330054E+008
   0.86000E-01 -0.324502E+008
   0.88000E-01 -0.318978E+008
   0.90000E-01 -0.313420E+008
   0.92000E-01 -0.308255E+008
   0.94000E-01 -0.303415E+008
   0.96000E-01 -0.298880E+008
   0.98000E-01 -0.294552E+008
   0.10000     -0.290420E+008
   0.10200     -0.286462E+008
   0.10400     -0.282671E+008
   0.10600     -0.278744E+008
   0.10800     -0.274930E+008
   0.11000     -0.272384E+008
   0.11200     -0.270331E+008
   0.11400     -0.267883E+008
   0.11600     -0.265192E+008
   0.11800     -0.263869E+008
   0.12000     -0.263306E+008

   0.12200     -0.262983E+008
   0.12400     -0.262190E+008
   0.12600     -0.260862E+008
   0.12800     -0.259019E+008
   0.13000     -0.256937E+008
   0.13200     -0.254724E+008
   0.13400     -0.252464E+008
   0.13600     -0.250137E+008
   0.13800     -0.247721E+008
   0.14000     -0.245185E+008
   0.14200     -0.242902E+008
   0.14400     -0.240783E+008
   0.14600     -0.238609E+008
   0.14800     -0.235971E+008
   0.15000     -0.233052E+008
   0.15200     -0.225574E+008
   0.15400     -0.214740E+008
   0.15600     -0.204584E+008
   0.15800     -0.195568E+008
   0.16000     -0.187201E+008

   0.16200     -0.179320E+008
   0.16400     -0.171837E+008
   0.16600     -0.164729E+008
   0.16800     -0.157740E+008
   0.17000     -0.150874E+008
   0.17200     -0.143958E+008
   0.17400     -0.137170E+008
   0.17600     -0.130768E+008
   0.17800     -0.124848E+008
   0.18000     -0.119355E+008
   0.18200     -0.114047E+008
   0.18400     -0.108982E+008
   0.18600     -0.104287E+008
   0.18800     -0.998308E+007
   0.19000     -0.955152E+007
   0.19200     -0.913292E+007
   0.19400     -0.870268E+007
   0.19600     -0.827426E+007
   0.19800     -0.786067E+007
   0.20000     -0.749329E+007

   0.20200     -0.715813E+007
   0.20400     -0.684529E+007
   0.20600     -0.654800E+007
   0.20800     -0.625729E+007
   0.21000     -0.597040E+007
   0.21200     -0.568076E+007
   0.21400     -0.539365E+007
   0.21600     -0.512664E+007
   0.21800     -0.487885E+007
   0.22000     -0.464925E+007
   0.22200     -0.443542E+007
   0.22400     -0.423828E+007
   0.22600     -0.413707E+007
   0.22800     -0.401920E+007
   0.23000     -0.391799E+007
   0.23200     -0.381503E+007
   0.23400     -0.371337E+007
   0.23600     -0.362018E+007
   0.23800     -0.352302E+007
   0.24000     -0.342576E+007

   0.24200     -0.333244E+007
   0.24400     -0.323049E+007
   0.24600     -0.315070E+007
   0.24800     -0.307533E+007
   0.25000     -0.299855E+007
   0.25200     -0.292629E+007
   0.25400     -0.285210E+007
   0.25600     -0.277909E+007
   0.25800     -0.269869E+007
   0.26000     -0.262518E+007
   0.26200     -0.255176E+007
   0.26400     -0.248453E+007
   0.26600     -0.241869E+007
   0.26800     -0.235212E+007
   0.27000     -0.228904E+007
   0.27200     -0.222737E+007
   0.27400     -0.216615E+007
   0.27600     -0.210755E+007
   0.27800     -0.202155E+007
   0.28000     -0.193482E+007

   0.28200     -0.185443E+007
   0.28400     -0.178206E+007
   0.28600     -0.171201E+007
   0.28800     -0.163700E+007
   0.29000     -0.156662E+007
   0.29200     -0.150014E+007
   0.29400     -0.143818E+007
   0.29600     -0.138047E+007
   0.29800     -0.132530E+007
   0.30000     -0.127059E+007
   0.30200     -0.121690E+007
   0.30400     -0.116302E+007
   0.30600     -0.111320E+007
   0.30800     -0.106470E+007
   0.31000     -0.102164E+007
   0.31200      -980962.     
   0.31400      -943952.     
   0.31600      -906073.     
   0.31800      -867930.     
   0.32000      -831604.     

   0.32200      -798444.     
   0.32400      -767184.     
   0.32600      -736796.     
   0.32800      -706660.     
   0.33000      -677403.     
   0.33200      -647659.     
   0.33400      -619530.     
   0.33600      -594430.     
   0.33800      -571141.     
   0.34000      -550031.     
   0.34200      -528731.     
   0.34400      -508514.     
   0.34600      -487478.     
   0.34800      -467522.     
   0.35000      -449190.     
   0.35200      -431536.     
   0.35400      -414355.     
   0.35600      -396904.     
   0.35800      -380208.     
   0.36000      -364695.     

   0.36200      -350302.     
   0.36400      -337314.     
   0.36600      -324829.     
   0.36800      -312876.     
   0.37000      -300095.     
   0.37200      -288336.     
   0.37400      -277088.     
   0.37600      -266704.     
   0.37800      -256906.     
   0.38000      -246430.     
   0.38200      -236403.     
   0.38400      -226649.     
   0.38600      -217699.     
   0.38800      -209302.     
   0.39000      -201796.     
   0.39200      -194794.     
   0.39400      -187620.     
   0.39600      -180292.     
   0.39800      -173057.     
   0.40000      -166290.     

   0.40200      -160255.     
   0.40400      -154306.     
   0.40600      -148026.     
   0.40800      -142132.     
   0.41000      -136693.     
   0.41200      -131188.     
   0.41400      -126408.     
   0.41600      -121697.     
   0.41800      -117590.     
   0.42000      -113186.     
   0.42200      -108896.     
   0.42400      -104639.     
   0.42600      -100787.     
   0.42800      -97109.9     
   0.43000      -93583.9     
   0.43200      -90162.4     
   0.43400      -86769.1     
   0.43600      -83556.2     
   0.43800      -80093.6     
   0.44000      -77068.8     

   0.44200      -74491.1     
   0.44400      -71935.9     
   0.44600      -69479.0     
   0.44800      -66783.2     
   0.45000      -64323.3     
   0.45200      -61930.8     
   0.45400      -59756.9     
   0.45600      -57756.8     
   0.45800      -55610.5     
   0.46000      -53566.5     
   0.46200      -51516.6     
   0.46400      -49530.2     
   0.46600      -47713.7     
   0.46800      -46137.9     
   0.47000      -44554.9     
   0.47200      -43028.1     
   0.47400      -41490.4     
   0.47600      -40026.0     
   0.47800      -38534.1     
   0.48000      -37224.0     

   0.48200      -35923.3     
   0.48400      -34660.1     
   0.48600      -33434.8     
   0.48800      -32245.7     
   0.49000      -31048.2     
   0.49200      -29840.5     
   0.49400      -28822.6     
   0.49600      -27829.2     
   0.49800      -26928.9     
   0.50000      -26031.0     
   0.50200      -25171.4     
   0.50400      -24213.9     
   0.50600      -23376.7     
   0.50800      -22590.4     
   0.51000      -21837.1     
   0.51200      -21109.3     
   0.51400      -20348.3     
   0.51550      -19781.3     
   0.51700      -19239.7     
   0.51850      -18696.2     

   0.52050      -18097.0     
   0.52200      -17671.2     
   0.52350      -17235.0     
   0.52550      -16686.5     
   0.52750      -16150.4     
   0.52950      -15571.9     
   0.53100      -15179.4     
   0.53250      -14789.6     
   0.53400      -14432.7     
   0.53600      -13970.0     
   0.53800      -13518.2     
   0.54000      -13056.1     
   0.54150      -12712.6     
   0.54300      -12374.1     
   0.54500      -11941.0     
   0.54700      -11554.6     
   0.54900      -11192.4     
   0.55100      -10842.1     
   0.55300      -10519.9     
   0.55500      -10174.3     

   0.55650      -9930.44     
   0.55800      -9684.38     
   0.56000      -9371.70     
   0.56200      -9087.92     
   0.56400      -8809.34     
   0.56600      -8537.16     
   0.56800      -8252.15     
   0.56950      -8041.14     
   0.57062      -7885.78     
   0.57175      -7745.03     
   0.57287      -7603.24     
   0.57456      -7419.07     
   0.57625      -7238.42     
   0.57825      -7029.96     
   0.58025      -6831.40     
   0.58225      -6628.80     
   0.58375      -6472.89     
   0.58525      -6327.47     
   0.58725      -6139.20     
   0.58925      -5968.82     

   0.59075      -5844.63     
   0.59225      -5721.19     
   0.59425      -5551.45     
   0.59625      -5387.60     
   0.59775      -5258.69     
   0.59887      -5174.00     
   0.60000      -5087.24     
   0.60169      -4961.01     
   0.60337      -4849.20     
   0.60537      -4726.38     
   0.60737      -4608.64     
   0.60937      -4486.42     
   0.61027      -707.240     
   

