	0		0 
   0.20000E-02  0.188425E+008
   0.40000E-02  0.376851E+008
   0.60000E-02  0.565276E+008
   0.80000E-02  0.753702E+008
   0.10000E-01  0.942127E+008
   0.12000E-01  0.113055E+009
   0.14000E-01  0.131898E+009
   0.16000E-01  0.150740E+009
   0.18000E-01  0.169583E+009
   0.20000E-01  0.188425E+009
   0.22000E-01  0.207268E+009
   0.24000E-01  0.226111E+009
   0.26000E-01  0.244953E+009
   0.28000E-01  0.263796E+009
   0.30000E-01  0.282638E+009
   0.32000E-01  0.301481E+009
   0.34000E-01  0.320323E+009
   0.36000E-01  0.339166E+009
   0.38000E-01  0.358008E+009
   0.40000E-01  0.376851E+009
 
   0.42000E-01  0.395693E+009
   0.44000E-01  0.414536E+009
   0.46000E-01  0.433379E+009
   0.48000E-01  0.452221E+009
   0.50000E-01  0.471064E+009
   0.52000E-01  0.489906E+009
   0.54000E-01  0.508749E+009
   0.56000E-01  0.527591E+009
   0.58000E-01  0.546434E+009
   0.60000E-01  0.565276E+009
   0.62000E-01  0.584119E+009
   0.64000E-01  0.602961E+009
   0.66000E-01  0.621804E+009
   0.68000E-01  0.640647E+009
   0.70000E-01  0.659489E+009
   0.72000E-01  0.678332E+009
   0.74000E-01  0.697174E+009
   0.76000E-01  0.716017E+009
   0.78000E-01  0.739163E+009
   0.80000E-01  0.757435E+009
 
   0.82000E-01  0.752595E+009
   0.84000E-01  0.747011E+009
   0.86000E-01  0.741601E+009
   0.88000E-01  0.736437E+009
   0.90000E-01  0.731408E+009
   0.92000E-01  0.726394E+009
   0.94000E-01  0.721371E+009
   0.96000E-01  0.716356E+009
   0.98000E-01  0.711367E+009
   0.10000      0.706410E+009
   0.10200      0.701483E+009
   0.10400      0.696585E+009
   0.10600      0.691542E+009
   0.10800      0.685979E+009
   0.11000      0.680141E+009
   0.11200      0.674185E+009
   0.11400      0.667859E+009
   0.11600      0.660886E+009
   0.11800      0.653640E+009
   0.12000      0.646159E+009
 
   0.12200      0.638634E+009
   0.12400      0.631286E+009
   0.12600      0.624245E+009
   0.12800      0.617473E+009
   0.13000      0.610886E+009
   0.13200      0.604410E+009
   0.13400      0.598020E+009
   0.13600      0.591723E+009
   0.13800      0.585493E+009
   0.14000      0.579247E+009
   0.14200      0.572840E+009
   0.14400      0.566318E+009
   0.14600      0.559676E+009
   0.14800      0.552565E+009
   0.15000      0.545057E+009
   0.15200      0.537197E+009
   0.15400      0.529477E+009
   0.15600      0.521830E+009
   0.15800      0.514692E+009
   0.16000      0.507721E+009
 
   0.16200      0.500841E+009
   0.16400      0.494006E+009
   0.16600      0.487220E+009
   0.16800      0.480234E+009
   0.17000      0.473077E+009
   0.17200      0.465540E+009
   0.17400      0.457756E+009
   0.17600      0.450050E+009
   0.17800      0.442586E+009
   0.18000      0.435357E+009
   0.18200      0.428010E+009
   0.18400      0.420696E+009
   0.18600      0.413700E+009
   0.18800      0.406782E+009
   0.19000      0.399820E+009
   0.19200      0.392801E+009
   0.19400      0.385218E+009
   0.19600      0.377372E+009
   0.19800      0.369417E+009
   0.20000      0.362120E+009
 
   0.20200      0.355148E+009
   0.20400      0.348354E+009
   0.20600      0.341648E+009
   0.20800      0.334855E+009
   0.21000      0.327938E+009
   0.21200      0.320660E+009
   0.21400      0.313297E+009
   0.21600      0.306231E+009
   0.21800      0.299390E+009
   0.22000      0.292795E+009
   0.22200      0.286427E+009
   0.22400      0.280352E+009
   0.22600      0.274464E+009
   0.22800      0.268054E+009
   0.23000      0.261800E+009
   0.23200      0.255426E+009
   0.23400      0.249259E+009
   0.23600      0.243489E+009
   0.23800      0.237990E+009
   0.24000      0.232462E+009
 
   0.24200      0.226821E+009
   0.24400      0.220941E+009
   0.24600      0.215145E+009
   0.24800      0.209536E+009
   0.25000      0.204091E+009
   0.25200      0.198977E+009
   0.25400      0.194103E+009
   0.25600      0.189495E+009
   0.25800      0.184656E+009
   0.26000      0.179874E+009
   0.26200      0.175044E+009
   0.26400      0.170412E+009
   0.26600      0.166003E+009
   0.26800      0.161763E+009
   0.27000      0.157691E+009
   0.27200      0.153457E+009
   0.27400      0.149075E+009
   0.27600      0.144814E+009
   0.27800      0.140754E+009
   0.28000      0.136952E+009
 
   0.28200      0.133345E+009
   0.28400      0.130031E+009
   0.28600      0.126755E+009
   0.28800      0.123178E+009
   0.29000      0.119763E+009
   0.29200      0.116470E+009
   0.29400      0.113337E+009
   0.29600      0.110360E+009
   0.29800      0.107460E+009
   0.30000      0.104532E+009
   0.30200      0.101612E+009
   0.30400      0.986277E+008
   0.30600      0.958229E+008
   0.30800      0.930350E+008
   0.31000      0.905132E+008
   0.31200      0.880803E+008
   0.31400      0.858258E+008
   0.31600      0.834901E+008
   0.31800      0.810995E+008
   0.32000      0.787838E+008
 
   0.32200      0.766328E+008
   0.32400      0.745682E+008
   0.32600      0.725297E+008
   0.32800      0.704776E+008
   0.33000      0.684606E+008
   0.33200      0.663797E+008
   0.33400      0.643777E+008
   0.33600      0.625586E+008
   0.33800      0.608401E+008
   0.34000      0.592531E+008
   0.34200      0.576328E+008
   0.34400      0.560766E+008
   0.34600      0.544396E+008
   0.34800      0.528604E+008
   0.35000      0.513860E+008
   0.35200      0.499471E+008
   0.35400      0.485245E+008
   0.35600      0.470664E+008
   0.35800      0.456521E+008
   0.36000      0.443174E+008
 
   0.36200      0.430589E+008
   0.36400      0.419052E+008
   0.36600      0.407804E+008
   0.36800      0.396912E+008
   0.37000      0.385163E+008
   0.37200      0.374199E+008
   0.37400      0.363564E+008
   0.37600      0.353615E+008
   0.37800      0.344098E+008
   0.38000      0.333850E+008
   0.38200      0.323912E+008
   0.38400      0.314132E+008
   0.38600      0.305023E+008
   0.38800      0.296356E+008
   0.39000      0.288491E+008
   0.39200      0.281060E+008
   0.39400      0.273378E+008
   0.39600      0.265478E+008
   0.39800      0.257589E+008
   0.40000      0.250112E+008
 
   0.40200      0.243339E+008
   0.40400      0.236601E+008
   0.40600      0.229445E+008
   0.40800      0.222634E+008
   0.41000      0.216256E+008
   0.41200      0.209761E+008
   0.41400      0.204015E+008
   0.41600      0.198315E+008
   0.41800      0.193250E+008
   0.42000      0.187808E+008
   0.42200      0.182447E+008
   0.42400      0.177089E+008
   0.42600      0.172158E+008
   0.42800      0.167405E+008
   0.43000      0.162802E+008
   0.43200      0.158293E+008
   0.43400      0.153784E+008
   0.43600      0.149463E+008
   0.43800      0.144797E+008
   0.44000      0.140648E+008
 
   0.44200      0.137044E+008
   0.44400      0.133457E+008
   0.44600      0.129971E+008
   0.44800      0.126152E+008
   0.45000      0.122601E+008
   0.45200      0.119122E+008
   0.45400      0.115926E+008
   0.45600      0.112937E+008
   0.45800      0.109743E+008
   0.46000      0.106649E+008
   0.46200      0.103532E+008
   0.46400      0.100485E+008
   0.46600      0.976647E+007
   0.46800      0.951650E+007
   0.47000      0.926549E+007
   0.47200      0.902161E+007
   0.47400      0.877393E+007
   0.47600      0.853479E+007
   0.47800      0.829130E+007
   0.48000      0.807244E+007
 
   0.48200      0.785504E+007
   0.48400      0.764268E+007
   0.48600      0.743453E+007
   0.48800      0.723061E+007
   0.49000      0.702421E+007
   0.49200      0.681503E+007
   0.49400      0.663434E+007
   0.49600      0.645840E+007
   0.49800      0.629598E+007
   0.50000      0.613374E+007
   0.50200      0.597618E+007
   0.50400      0.580188E+007
   0.50600      0.564650E+007
   0.50800      0.549894E+007
   0.51000      0.535694E+007
   0.51200      0.521883E+007
   0.51400      0.507410E+007
   0.51550      0.496584E+007
   0.51700      0.486102E+007
   0.51850      0.475595E+007
 
   0.52050      0.463717E+007
   0.52200      0.455194E+007
   0.52350      0.446534E+007
   0.52550      0.435514E+007
   0.52750      0.424661E+007
   0.52950      0.412994E+007
   0.53100      0.404903E+007
   0.53250      0.396911E+007
   0.53400      0.389489E+007
   0.53600      0.379820E+007
   0.53800      0.370338E+007
   0.54000      0.360603E+007
   0.54150      0.353304E+007
   0.54300      0.346095E+007
   0.54500      0.336811E+007
   0.54700      0.328388E+007
   0.54900      0.320401E+007
   0.55100      0.312711E+007
   0.55300      0.305516E+007
   0.55500      0.297845E+007
 
   0.55650      0.292329E+007
   0.55800      0.286782E+007
   0.56000      0.279691E+007
   0.56200      0.273160E+007
   0.56400      0.266745E+007
   0.56600      0.260435E+007
   0.56800      0.253842E+007
   0.56950      0.248920E+007
   0.57062      0.245284E+007
   0.57175      0.241932E+007
   0.57287      0.238592E+007
   0.57456      0.234148E+007
   0.57625      0.229783E+007
   0.57825      0.224733E+007
   0.58025      0.219889E+007
   0.58225      0.214960E+007
   0.58375      0.211156E+007
   0.58525      0.207548E+007
   0.58725      0.202868E+007
   0.58925      0.198597E+007
 
   0.59075      0.195480E+007
   0.59225      0.192378E+007
   0.59425      0.188129E+007
   0.59625      0.183950E+007
   0.59775      0.180708E+007
   0.59887      0.178498E+007
   0.60000      0.176264E+007
   0.60169      0.173056E+007
   0.60337      0.170140E+007
   0.60537      0.166895E+007
   0.60737      0.163767E+007
   0.60937      0.160569E+007
   0.61027      0.160091E+007

