	0		0 
   0.10000E-01  0.562758E+008
   0.20000E-01  0.112552E+009
   0.30000E-01  0.168827E+009
   0.40000E-01  0.225103E+009
   0.50000E-01  0.281379E+009
   0.60000E-01  0.337655E+009
   0.70000E-01  0.393931E+009
   0.80000E-01  0.450207E+009
   0.90000E-01  0.506482E+009
   0.10000      0.562758E+009
   0.11000      0.619034E+009
   0.12000      0.675310E+009
   0.13000      0.731586E+009
   0.14000      0.787861E+009
   0.15000      0.844137E+009
   0.16000      0.900413E+009
   0.17000      0.956689E+009
   0.18000      0.101296E+010
   0.19000      0.106924E+010
   0.20000      0.112552E+010
   0.21000      0.118179E+010
   0.22000      0.123807E+010
   0.23000      0.129434E+010
   0.24000      0.135062E+010
   0.25000      0.140690E+010
   0.26000      0.146317E+010
   0.27000      0.151945E+010
   0.28000      0.157572E+010
   0.29000      0.163200E+010
   0.30000      0.168827E+010
   0.31000      0.174455E+010
   0.32000      0.180083E+010
   0.33000      0.185710E+010
   0.34000      0.191338E+010
   0.35000      0.196965E+010
   0.36000      0.202593E+010
   0.37000      0.208221E+010
   0.38000      0.213848E+010
   0.39000      0.219476E+010
   0.40000      0.225103E+010
   0.41000      0.230731E+010
   0.42000      0.236358E+010
   0.43000      0.241986E+010
   0.44000      0.247614E+010
   0.45000      0.253241E+010
   0.46000      0.258869E+010
   0.47000      0.264496E+010
   0.48000      0.270124E+010
   0.49000      0.275752E+010
   0.50000      0.281379E+010
   0.51000      0.287007E+010
   0.52000      0.292634E+010
   0.53000      0.298262E+010
   0.54000      0.303889E+010
   0.55000      0.309517E+010
   0.56000      0.315145E+010
   0.57000      0.320772E+010
   0.58000      0.326400E+010
   0.59000      0.332027E+010
   0.60000      0.337655E+010
   0.61000      0.343282E+010
   0.62000      0.348910E+010
   0.63000      0.354538E+010
   0.64000      0.360165E+010
   0.65000      0.365793E+010
   0.66000      0.371420E+010
   0.67000      0.377048E+010
   0.68000      0.382676E+010
   0.69000      0.388303E+010
   0.70000      0.393931E+010
   0.71000      0.399558E+010
   0.72000      0.405186E+010
   0.73000      0.410813E+010
   0.74000      0.416441E+010
   0.75000      0.422069E+010
   0.76000      0.427696E+010
   0.77000      0.433324E+010
   0.78000      0.438951E+010
   0.79000      0.444579E+010
   0.80000      0.450207E+010
   0.81000      0.455834E+010
   0.82000      0.461462E+010
   0.83000      0.467089E+010
   0.84000      0.472717E+010
   0.85000      0.478344E+010
   0.86000      0.483972E+010
   0.87000      0.489600E+010
   0.88000      0.495227E+010
   0.89000      0.500855E+010
   0.90000      0.506482E+010
   0.91000      0.512110E+010
   0.92000      0.517737E+010
   0.93000      0.523365E+010
   0.94000      0.528993E+010
   0.95000      0.534620E+010
   0.96000      0.540248E+010
   0.97000      0.545875E+010
   0.98000      0.551503E+010
   0.99000      0.557131E+010
    1.0000      0.562758E+010

