	0		0
   0.10000E-01  0.416135E-003
   0.20000E-01  0.832270E-003
   0.30000E-01  0.124841E-002
   0.40000E-01  0.166454E-002
   0.50000E-01  0.208068E-002
   0.60000E-01  0.249681E-002
   0.70000E-01  0.291295E-002
   0.80000E-01  0.332908E-002
   0.90000E-01  0.374522E-002
   0.10000      0.416135E-002
   0.11000      0.457749E-002
   0.12000      0.499362E-002
   0.13000      0.540976E-002
   0.14000      0.582589E-002
   0.15000      0.624203E-002
   0.16000      0.665816E-002
   0.17000      0.707430E-002
   0.18000      0.749043E-002
   0.19000      0.790657E-002
   0.20000      0.832270E-002
   0.21000      0.873884E-002
   0.22000      0.915497E-002
   0.23000      0.957111E-002
   0.24000      0.998724E-002
   0.25000      0.104034E-001
   0.26000      0.108195E-001
   0.27000      0.112356E-001
   0.28000      0.116518E-001
   0.29000      0.120679E-001
   0.30000      0.124841E-001
   0.31000      0.129002E-001
   0.32000      0.133163E-001
   0.33000      0.137325E-001
   0.34000      0.141486E-001
   0.35000      0.145647E-001
   0.36000      0.149809E-001
   0.37000      0.153970E-001
   0.38000      0.158131E-001
   0.39000      0.162293E-001
   0.40000      0.166454E-001
   0.41000      0.170615E-001
   0.42000      0.174777E-001
   0.43000      0.178938E-001
   0.44000      0.183099E-001
   0.45000      0.187261E-001
   0.46000      0.191422E-001
   0.47000      0.195584E-001
   0.48000      0.199745E-001
   0.49000      0.203906E-001
   0.50000      0.208068E-001
   0.51000      0.212229E-001
   0.52000      0.216390E-001
   0.53000      0.220552E-001
   0.54000      0.224713E-001
   0.55000      0.228874E-001
   0.56000      0.233036E-001
   0.57000      0.237197E-001
   0.58000      0.241358E-001
   0.59000      0.245520E-001
   0.60000      0.249681E-001
   0.61000      0.253842E-001
   0.62000      0.258004E-001
   0.63000      0.262165E-001
   0.64000      0.266326E-001
   0.65000      0.270488E-001
   0.66000      0.274649E-001
   0.67000      0.278811E-001
   0.68000      0.282972E-001
   0.69000      0.287133E-001
   0.70000      0.291295E-001
   0.71000      0.295456E-001
   0.72000      0.299617E-001
   0.73000      0.303779E-001
   0.74000      0.307940E-001
   0.75000      0.312101E-001
   0.76000      0.316263E-001
   0.77000      0.320424E-001
   0.78000      0.324585E-001
   0.79000      0.328747E-001
   0.80000      0.332908E-001
   0.81000      0.337069E-001
   0.82000      0.341231E-001
   0.83000      0.345392E-001
   0.84000      0.349554E-001
   0.85000      0.353715E-001
   0.86000      0.357876E-001
   0.87000      0.362038E-001
   0.88000      0.366199E-001
   0.89000      0.370360E-001
   0.90000      0.374522E-001
   0.91000      0.378683E-001
   0.92000      0.382844E-001
   0.93000      0.387006E-001
   0.94000      0.391167E-001
   0.95000      0.395328E-001
   0.96000      0.399490E-001
   0.97000      0.403651E-001
   0.98000      0.407812E-001
   0.99000      0.411974E-001
    1.0000      0.416135E-001

