	0		0  
   0.10000E-01  0.230212E+008
   0.20000E-01  0.460424E+008
   0.30000E-01  0.690636E+008
   0.40000E-01  0.920849E+008
   0.50000E-01  0.115106E+009
   0.60000E-01  0.138127E+009
   0.70000E-01  0.161148E+009
   0.80000E-01  0.184170E+009
   0.90000E-01  0.207191E+009
   0.10000      0.230212E+009
   0.11000      0.253233E+009
   0.12000      0.276255E+009
   0.13000      0.299276E+009
   0.14000      0.322297E+009
   0.15000      0.345318E+009
   0.16000      0.368339E+009
   0.17000      0.391361E+009
   0.18000      0.414382E+009
   0.19000      0.437403E+009
   0.20000      0.460424E+009
   0.21000      0.483445E+009
   0.22000      0.506467E+009
   0.23000      0.529488E+009
   0.24000      0.552509E+009
   0.25000      0.575530E+009
   0.26000      0.598552E+009
   0.27000      0.621573E+009
   0.28000      0.644594E+009
   0.29000      0.667615E+009
   0.30000      0.690636E+009
   0.31000      0.713658E+009
   0.32000      0.736679E+009
   0.33000      0.759700E+009
   0.34000      0.782721E+009
   0.35000      0.805742E+009
   0.36000      0.828764E+009
   0.37000      0.851785E+009
   0.38000      0.874806E+009
   0.39000      0.897827E+009
   0.40000      0.920849E+009
   0.41000      0.943870E+009
   0.42000      0.966891E+009
   0.43000      0.989912E+009
   0.44000      0.101293E+010
   0.45000      0.103595E+010
   0.46000      0.105898E+010
   0.47000      0.108200E+010
   0.48000      0.110502E+010
   0.49000      0.112804E+010
   0.50000      0.115106E+010
   0.51000      0.117408E+010
   0.52000      0.119710E+010
   0.53000      0.122012E+010
   0.54000      0.124315E+010
   0.55000      0.126617E+010
   0.56000      0.128919E+010
   0.57000      0.131221E+010
   0.58000      0.133523E+010
   0.59000      0.135825E+010
   0.60000      0.138127E+010
   0.61000      0.140429E+010
   0.62000      0.142732E+010
   0.63000      0.145034E+010
   0.64000      0.147336E+010
   0.65000      0.149638E+010
   0.66000      0.151940E+010
   0.67000      0.154242E+010
   0.68000      0.156544E+010
   0.69000      0.158846E+010
   0.70000      0.161148E+010
   0.71000      0.163451E+010
   0.72000      0.165753E+010
   0.73000      0.168055E+010
   0.74000      0.170357E+010
   0.75000      0.172659E+010
   0.76000      0.174961E+010
   0.77000      0.177263E+010
   0.78000      0.179565E+010
   0.79000      0.181868E+010
   0.80000      0.184170E+010
   0.81000      0.186472E+010
   0.82000      0.188774E+010
   0.83000      0.191076E+010
   0.84000      0.193378E+010
   0.85000      0.195680E+010
   0.86000      0.197982E+010
   0.87000      0.200285E+010
   0.88000      0.202587E+010
   0.89000      0.204889E+010
   0.90000      0.207191E+010
   0.91000      0.209493E+010
   0.92000      0.211795E+010
   0.93000      0.214097E+010
   0.94000      0.216399E+010
   0.95000      0.218702E+010
   0.96000      0.221004E+010
   0.97000      0.223306E+010
   0.98000      0.225608E+010
   0.99000      0.227910E+010
    1.0000      0.230212E+010

