
          


    
         0		0          
   0.20000E-02  0.479848E-003
   0.40000E-02  0.959696E-003
   0.60000E-02  0.143954E-002
   0.80000E-02  0.191939E-002
   0.10000E-01  0.239924E-002
   0.12000E-01  0.287909E-002
   0.14000E-01  0.335894E-002
   0.16000E-01  0.383878E-002
   0.18000E-01  0.431863E-002
   0.20000E-01  0.479848E-002
   0.22000E-01  0.527833E-002
   0.24000E-01  0.575818E-002
   0.26000E-01  0.623802E-002
   0.28000E-01  0.671787E-002
   0.30000E-01  0.719772E-002
   0.32000E-01  0.767757E-002
   0.34000E-01  0.815742E-002
   0.36000E-01  0.863726E-002
   0.38000E-01  0.911711E-002
   0.40000E-01  0.959696E-002

          


    
                   
   0.42000E-01  0.100768E-001
   0.44000E-01  0.105567E-001
   0.46000E-01  0.110365E-001
   0.48000E-01  0.115164E-001
   0.50000E-01  0.119962E-001
   0.52000E-01  0.124760E-001
   0.54000E-01  0.129559E-001
   0.56000E-01  0.134357E-001
   0.58000E-01  0.139156E-001
   0.60000E-01  0.145729E-001
   0.62000E-01  0.152880E-001
   0.64000E-01  0.160267E-001
   0.66000E-01  0.171387E-001
   0.68000E-01  0.182972E-001
   0.70000E-01  0.194499E-001
   0.72000E-01  0.205879E-001
   0.74000E-01  0.217264E-001
   0.76000E-01  0.228658E-001
   0.78000E-01  0.240055E-001
   0.80000E-01  0.251449E-001

          


    
                   
   0.82000E-01  0.262841E-001
   0.84000E-01  0.274229E-001
   0.86000E-01  0.285616E-001
   0.88000E-01  0.298733E-001
   0.90000E-01  0.312159E-001
   0.92000E-01  0.325581E-001
   0.94000E-01  0.338985E-001
   0.96000E-01  0.352375E-001
   0.98000E-01  0.365758E-001
   0.10000      0.379134E-001
   0.10200      0.395066E-001
   0.10400      0.411709E-001
   0.10600      0.428200E-001
   0.10800      0.446463E-001
   0.11000      0.467320E-001
   0.11200      0.491594E-001
   0.11400      0.516587E-001
   0.11600      0.541031E-001
   0.11800      0.565151E-001
   0.12000      0.589201E-001

          


    
                   
   0.12200      0.613352E-001
   0.12400      0.639089E-001
   0.12600      0.665347E-001
   0.12800      0.691210E-001
   0.13000      0.716958E-001
   0.13200      0.744947E-001
   0.13400      0.773722E-001
   0.13600      0.803430E-001
   0.13800      0.836240E-001
   0.14000      0.872235E-001
   0.14200      0.908465E-001
   0.14400      0.943905E-001
   0.14600      0.978787E-001
   0.14800      0.101437     
   0.15000      0.105093     
   0.15200      0.108722     
   0.15400      0.112399     
   0.15600      0.116220     
   0.15800      0.120117     
   0.16000      0.124279     

          


    
                   
   0.16200      0.128843     
   0.16400      0.133467     
   0.16600      0.137948     
   0.16800      0.142350     
   0.17000      0.146844     
   0.17200      0.151368     
   0.17400      0.155912     
   0.17600      0.160561     
   0.17800      0.165315     
   0.18000      0.170475     
   0.18200      0.175864     
   0.18400      0.181210     
   0.18600      0.186364     
   0.18800      0.191557     
   0.19000      0.196761     
   0.19200      0.201993     
   0.19400      0.207308     
   0.19600      0.212770     
   0.19800      0.218769     
   0.20000      0.224789     

          


    
                   
   0.20200      0.230600     
   0.20400      0.236335     
   0.20600      0.242064     
   0.20800      0.247833     
   0.21000      0.253660     
   0.21200      0.259761     
   0.21400      0.266327     
   0.21600      0.272805     
   0.21800      0.279072     
   0.22000      0.285228     
   0.22200      0.291375     
   0.22400      0.297610     
   0.22600      0.304519     
   0.22800      0.311369     
   0.23000      0.317973     
   0.23200      0.324541     
   0.23400      0.331034     
   0.23600      0.337581     
   0.23800      0.344247     
   0.24000      0.351584     

          


    
                   
   0.24200      0.358743     
   0.24400      0.365669     
   0.24600      0.372443     
   0.24800      0.379185     
   0.25000      0.386026     
   0.25200      0.393480     
   0.25400      0.400831     
   0.25600      0.407935     
   0.25800      0.414878     
   0.26000      0.421831     
   0.26200      0.428795     
   0.26400      0.436399     
   0.26600      0.443986     
   0.26800      0.451143     
   0.27000      0.458099     
   0.27200      0.465150     
   0.27400      0.472184     
   0.27600      0.479903     
   0.27800      0.487494     
   0.28000      0.494766     

          


    
                   
   0.28200      0.501838     
   0.28400      0.508909     
   0.28600      0.516120     
   0.28800      0.523725     
   0.29000      0.531262     
   0.29200      0.538504     
   0.29400      0.545563     
   0.29600      0.552662     
   0.29800      0.559831     
   0.30000      0.567752     
   0.30200      0.575104     
   0.30400      0.582222     
   0.30600      0.589369     
   0.30800      0.596464     
   0.31000      0.603798     
   0.31200      0.611577     
   0.31400      0.618704     
   0.31600      0.625758     
   0.31800      0.632842     
   0.32000      0.639881     

          


    
                   
   0.32200      0.647242     
   0.32400      0.654885     
   0.32600      0.661972     
   0.32800      0.668975     
   0.33000      0.676049     
   0.33200      0.683088     
   0.33400      0.690594     
   0.33600      0.698085     
   0.33800      0.705173     
   0.34000      0.712122     
   0.34200      0.719215     
   0.34400      0.726324     
   0.34600      0.733798     
   0.34800      0.741168     
   0.35000      0.748316     
   0.35200      0.755366     
   0.35400      0.762412     
   0.35600      0.769498     
   0.35800      0.776986     
   0.36000      0.784498     

          


    
                   
   0.36200      0.791834     
   0.36400      0.798623     
   0.36600      0.805698     
   0.36800      0.812789     
   0.37000      0.820277     
   0.37200      0.827680     
   0.37400      0.834785     
   0.37600      0.841735     
   0.37800      0.848724     
   0.38000      0.855530     
   0.38200      0.862816     
   0.38400      0.870119     
   0.38600      0.877194     
   0.38800      0.884151     
   0.39000      0.891113     
   0.39200      0.897883     
   0.39400      0.905106     
   0.39600      0.912152     
   0.39800      0.919330     
   0.40000      0.926402     

          


    
                   
   0.40200      0.933250     
   0.40400      0.940075     
   0.40600      0.946961     
   0.40800      0.954303     
   0.41000      0.961554     
   0.41200      0.968493     
   0.41400      0.975472     
   0.41600      0.982264     
   0.41800      0.989006     
   0.42000      0.996732     
   0.42200       1.00385     
   0.42400       1.01068     
   0.42600       1.01793     
   0.42800       1.02474     
   0.43000       1.03169     
   0.43200       1.03912     
   0.43400       1.04657     
   0.43600       1.05343     
   0.43800       1.06054     
   0.44000       1.06756     

          


    
                   
   0.44200       1.07487     
   0.44400       1.08192     
   0.44600       1.08924     
   0.44800       1.09641     
   0.45000       1.10340     
   0.45200       1.11019     
   0.45400       1.11708     
   0.45600       1.12451     
   0.45800       1.13179     
   0.46000       1.13890     
   0.46200       1.14587     
   0.46400       1.15262     
   0.46600       1.15937     
   0.46800       1.16683     
   0.47000       1.17415     
   0.47200       1.18120     
   0.47400       1.18832     
   0.47600       1.19499     
   0.47800       1.20212     
   0.48000       1.20943     

          


    
                   
   0.48200       1.21669     
   0.48400       1.22378     
   0.48600       1.23090     
   0.48800       1.23762     
   0.48890       1.24070     
   0.48980       1.24385     
   0.49070       1.24739     
   0.49205       1.25221     
   0.49405       1.26028     
   0.49605       1.26677     
   0.49805       1.27364     
   0.50005       1.28062     
   0.50205       1.28765     
   0.50405       1.29528     
   0.50605       1.30220     
   0.50805       1.30945     
   0.51005       1.31644     
   0.51205       1.32350     
   0.51405       1.32989     
   0.51605       1.33881     

          


    
                   
   0.51805       1.34510     
   0.52005       1.35215     
   0.52205       1.35896     
   0.52405       1.36614     
   0.52495       1.36923     
   0.52585       1.37298     
   0.52720       1.37766     
   0.52920       1.38473     
   0.53120       1.39152     
   0.53320       1.39875     
   0.53520       1.40580     
   0.53720       1.41253     
   0.53920       1.42005     
   0.54120       1.42746     
   0.54320       1.43431     
   0.54520       1.44121     
   0.54720       1.44827     
   0.54920       1.45530     
   0.55120       1.46249     
   0.55320       1.47089     

          


    
                   
   0.55520       1.47812     
   0.55720       1.48437     
   0.55920       1.49130     
   0.56120       1.49816     
   0.56220       1.50217     
   

