
         


       
        0		0              
   0.20000E-02  0.264045E+008
   0.40000E-02  0.528090E+008
   0.60000E-02  0.792135E+008
   0.80000E-02  0.105618E+009
   0.10000E-01  0.132023E+009
   0.12000E-01  0.158427E+009
   0.14000E-01  0.184832E+009
   0.16000E-01  0.211236E+009
   0.18000E-01  0.237641E+009
   0.20000E-01  0.264045E+009
   0.22000E-01  0.290450E+009
   0.24000E-01  0.316854E+009
   0.26000E-01  0.343259E+009
   0.28000E-01  0.369663E+009
   0.30000E-01  0.396068E+009
   0.32000E-01  0.422472E+009
   0.34000E-01  0.448877E+009
   0.36000E-01  0.475281E+009
   0.38000E-01  0.501686E+009
   0.40000E-01  0.528090E+009

         


       
                      
   0.42000E-01  0.554495E+009
   0.44000E-01  0.580899E+009
   0.46000E-01  0.607304E+009
   0.48000E-01  0.633708E+009
   0.50000E-01  0.660113E+009
   0.52000E-01  0.686517E+009
   0.54000E-01  0.712922E+009
   0.56000E-01  0.739326E+009
   0.58000E-01  0.765731E+009
   0.60000E-01  0.770107E+009
   0.62000E-01  0.767345E+009
   0.64000E-01  0.764502E+009
   0.66000E-01  0.760242E+009
   0.68000E-01  0.755837E+009
   0.70000E-01  0.751476E+009
   0.72000E-01  0.747195E+009
   0.74000E-01  0.742937E+009
   0.76000E-01  0.738700E+009
   0.78000E-01  0.734486E+009
   0.80000E-01  0.730297E+009

         


       
                      
   0.82000E-01  0.726133E+009
   0.84000E-01  0.721993E+009
   0.86000E-01  0.717879E+009
   0.88000E-01  0.713169E+009
   0.90000E-01  0.708381E+009
   0.92000E-01  0.703626E+009
   0.94000E-01  0.698910E+009
   0.96000E-01  0.694230E+009
   0.98000E-01  0.689584E+009
   0.10000      0.684972E+009
   0.10200      0.679520E+009
   0.10400      0.673871E+009
   0.10600      0.668321E+009
   0.10800      0.662229E+009
   0.11000      0.655341E+009
   0.11200      0.647415E+009
   0.11400      0.639356E+009
   0.11600      0.631570E+009
   0.11800      0.623979E+009
   0.12000      0.616501E+009

         


       
                      
   0.12200      0.609082E+009
   0.12400      0.601274E+009
   0.12600      0.593411E+009
   0.12800      0.585767E+009
   0.13000      0.578254E+009
   0.13200      0.570197E+009
   0.13400      0.562030E+009
   0.13600      0.553721E+009
   0.13800      0.544687E+009
   0.14000      0.534946E+009
   0.14200      0.525318E+009
   0.14400      0.516066E+009
   0.14600      0.507119E+009
   0.14800      0.498153E+009
   0.15000      0.489106E+009
   0.15200      0.480287E+009
   0.15400      0.471514E+009
   0.15600      0.462568E+009
   0.15800      0.453618E+009
   0.16000      0.444250E+009

         


       
                      
   0.16200      0.434201E+009
   0.16400      0.424253E+009
   0.16600      0.414828E+009
   0.16800      0.405773E+009
   0.17000      0.396734E+009
   0.17200      0.387837E+009
   0.17400      0.379103E+009
   0.17600      0.370370E+009
   0.17800      0.361648E+009
   0.18000      0.352413E+009
   0.18200      0.343022E+009
   0.18400      0.333953E+009
   0.18600      0.325435E+009
   0.18800      0.317075E+009
   0.19000      0.308912E+009
   0.19200      0.300916E+009
   0.19400      0.293006E+009
   0.19600      0.285094E+009
   0.19800      0.276651E+009
   0.20000      0.268429E+009

         


       
                      
   0.20200      0.260725E+009
   0.20400      0.253339E+009
   0.20600      0.246170E+009
   0.20800      0.239156E+009
   0.21000      0.232275E+009
   0.21200      0.225283E+009
   0.21400      0.217993E+009
   0.21600      0.211032E+009
   0.21800      0.204510E+009
   0.22000      0.198300E+009
   0.22200      0.192288E+009
   0.22400      0.186376E+009
   0.22600      0.180037E+009
   0.22800      0.173966E+009
   0.23000      0.168308E+009
   0.23200      0.162863E+009
   0.23400      0.157653E+009
   0.23600      0.152570E+009
   0.23800      0.147564E+009
   0.24000      0.142243E+009

         


       
                      
   0.24200      0.137237E+009
   0.24400      0.132562E+009
   0.24600      0.128144E+009
   0.24800      0.123894E+009
   0.25000      0.119726E+009
   0.25200      0.115344E+009
   0.25400      0.111181E+009
   0.25600      0.107301E+009
   0.25800      0.103640E+009
   0.26000      0.100100E+009
   0.26200      0.966756E+008
   0.26400      0.930710E+008
   0.26600      0.896091E+008
   0.26800      0.864618E+008
   0.27000      0.835098E+008
   0.27200      0.806207E+008
   0.27400      0.778385E+008
   0.27600      0.748968E+008
   0.27800      0.721127E+008
   0.28000      0.695435E+008

         


       
                      
   0.28200      0.671335E+008
   0.28400      0.648079E+008
   0.28600      0.625197E+008
   0.28800      0.601945E+008
   0.29000      0.579765E+008
   0.29200      0.559227E+008
   0.29400      0.539916E+008
   0.29600      0.521173E+008
   0.29800      0.502913E+008
   0.30000      0.483489E+008
   0.30200      0.466139E+008
   0.30400      0.449939E+008
   0.30600      0.434249E+008
   0.30800      0.419219E+008
   0.31000      0.404237E+008
   0.31200      0.388939E+008
   0.31400      0.375438E+008
   0.31600      0.362544E+008
   0.31800      0.350048E+008
   0.32000      0.338065E+008

         


       
                      
   0.32200      0.325979E+008
   0.32400      0.313895E+008
   0.32600      0.303098E+008
   0.32800      0.292801E+008
   0.33000      0.282761E+008
   0.33200      0.273120E+008
   0.33400      0.263209E+008
   0.33600      0.253684E+008
   0.33800      0.244996E+008
   0.34000      0.236775E+008
   0.34200      0.228675E+008
   0.34400      0.220843E+008
   0.34600      0.212905E+008
   0.34800      0.205366E+008
   0.35000      0.198316E+008
   0.35200      0.191608E+008
   0.35400      0.185137E+008
   0.35600      0.178858E+008
   0.35800      0.172462E+008
   0.36000      0.166284E+008

         


       
                      
   0.36200      0.160473E+008
   0.36400      0.155283E+008
   0.36600      0.150062E+008
   0.36800      0.145012E+008
   0.37000      0.139872E+008
   0.37200      0.134979E+008
   0.37400      0.130451E+008
   0.37600      0.126177E+008
   0.37800      0.122028E+008
   0.38000      0.118127E+008
   0.38200      0.114097E+008
   0.38400      0.110203E+008
   0.38600      0.106566E+008
   0.38800      0.103115E+008
   0.39000      0.997802E+007
   0.39200      0.966491E+007
   0.39400      0.934251E+007
   0.39600      0.903915E+007
   0.39800      0.874113E+007
   0.40000      0.845792E+007

         


       
                      
   0.40200      0.819327E+007
   0.40400      0.793847E+007
   0.40600      0.769028E+007
   0.40800      0.743502E+007
   0.41000      0.719212E+007
   0.41200      0.696795E+007
   0.41400      0.675039E+007
   0.41600      0.654593E+007
   0.41800      0.634989E+007
   0.42000      0.613338E+007
   0.42200      0.594132E+007
   0.42400      0.576366E+007
   0.42600      0.558163E+007
   0.42800      0.541666E+007
   0.43000      0.525408E+007
   0.43200      0.508664E+007
   0.43400      0.492505E+007
   0.43600      0.478174E+007
   0.43800      0.463833E+007
   0.44000      0.450196E+007

         


       
                      
   0.44200      0.436502E+007
   0.44400      0.423770E+007
   0.44600      0.411029E+007
   0.44800      0.399016E+007
   0.45000      0.387728E+007
   0.45200      0.377154E+007
   0.45400      0.366788E+007
   0.45600      0.356021E+007
   0.45800      0.345870E+007
   0.46000      0.336327E+007
   0.46200      0.327301E+007
   0.46400      0.318873E+007
   0.46600      0.310730E+007
   0.46800      0.302076E+007
   0.47000      0.293893E+007
   0.47200      0.286311E+007
   0.47400      0.278933E+007
   0.47600      0.272271E+007
   0.47800      0.265406E+007
   0.48000      0.258630E+007

         


       
                      
   0.48200      0.252155E+007
   0.48400      0.246073E+007
   0.48600      0.240189E+007
   0.48800      0.234835E+007
   0.48890      0.232446E+007
   0.48980      0.230046E+007
   0.49070      0.227395E+007
   0.49205      0.223864E+007
   0.49405      0.218158E+007
   0.49605      0.213748E+007
   0.49805      0.209244E+007
   0.50005      0.204833E+007
   0.50205      0.200561E+007
   0.50405      0.196108E+007
   0.50605      0.192225E+007
   0.50805      0.188316E+007
   0.51005      0.184692E+007
   0.51205      0.181169E+007
   0.51405      0.178100E+007
   0.51605      0.173994E+007

         


       
                      
   0.51805      0.171223E+007
   0.52005      0.168229E+007
   0.52205      0.165448E+007
   0.52405      0.162633E+007
   0.52495      0.161457E+007
   0.52585      0.160057E+007
   0.52720      0.158351E+007
   0.52920      0.155861E+007
   0.53120      0.153562E+007
   0.53320      0.151216E+007
   0.53520      0.149020E+007
   0.53720      0.147008E+007
   0.53920      0.144854E+007
   0.54120      0.142823E+007
   0.54320      0.141026E+007
   0.54520      0.139290E+007
   0.54720      0.137587E+007
   0.54920      0.135964E+007
   0.55120      0.134377E+007
   0.55320      0.132610E+007

         


       
                      
   0.55520      0.131164E+007
   0.55720      0.129967E+007
   0.55920      0.128695E+007
   0.56120      0.127493E+007
   0.56220      0.126814E+007

