	0		0
   0.10000E-02  0.495115E-004
   0.20000E-02  0.990230E-004
   0.30000E-02  0.148535E-003
   0.40000E-02  0.198046E-003
   0.50000E-02  0.247558E-003
   0.60000E-02  0.297069E-003
   0.70000E-02  0.346581E-003
   0.80000E-02  0.396092E-003
   0.90000E-02  0.445604E-003
   0.10000E-01  0.495115E-003
   0.11000E-01  0.544627E-003
   0.12000E-01  0.594138E-003
   0.13000E-01  0.643650E-003
   0.14000E-01  0.693161E-003
   0.15000E-01  0.742673E-003
   0.16000E-01  0.792184E-003
   0.17000E-01  0.841696E-003
   0.18000E-01  0.891207E-003
   0.19000E-01  0.940719E-003
   0.20000E-01  0.990230E-003
   0.21000E-01  0.103974E-002
   0.22000E-01  0.108925E-002
   0.23000E-01  0.113877E-002
   0.24000E-01  0.118828E-002
   0.25000E-01  0.123779E-002
   0.26000E-01  0.128730E-002
   0.27000E-01  0.133681E-002
   0.28000E-01  0.138632E-002
   0.29000E-01  0.143583E-002
   0.30000E-01  0.148535E-002
   0.31000E-01  0.153486E-002
   0.32000E-01  0.158437E-002
   0.33000E-01  0.163388E-002
   0.34000E-01  0.168339E-002
   0.35000E-01  0.173290E-002
   0.36000E-01  0.178241E-002
   0.37000E-01  0.183193E-002
   0.38000E-01  0.188144E-002
   0.39000E-01  0.193095E-002
   0.40000E-01  0.198046E-002
   0.41000E-01  0.202997E-002
   0.42000E-01  0.207948E-002
   0.43000E-01  0.212900E-002
   0.44000E-01  0.217851E-002
   0.45000E-01  0.222802E-002
   0.46000E-01  0.227753E-002
   0.47000E-01  0.232704E-002
   0.48000E-01  0.237655E-002
   0.49000E-01  0.242606E-002
   0.50000E-01  0.247558E-002
   0.51000E-01  0.252509E-002
   0.52000E-01  0.257460E-002
   0.53000E-01  0.262411E-002
   0.54000E-01  0.267362E-002
   0.55000E-01  0.272313E-002
   0.56000E-01  0.277265E-002
   0.57000E-01  0.282216E-002
   0.58000E-01  0.287167E-002
   0.59000E-01  0.292118E-002
   0.60000E-01  0.297069E-002
   0.61000E-01  0.302020E-002
   0.62000E-01  0.306971E-002
   0.63000E-01  0.311923E-002
   0.64000E-01  0.316874E-002
   0.65000E-01  0.321825E-002
   0.66000E-01  0.326776E-002
   0.67000E-01  0.331727E-002
   0.68000E-01  0.336678E-002
   0.69000E-01  0.341629E-002
   0.70000E-01  0.346581E-002
   0.71000E-01  0.351532E-002
   0.72000E-01  0.356483E-002
   0.73000E-01  0.361434E-002
   0.74000E-01  0.366385E-002
   0.75000E-01  0.371336E-002
   0.76000E-01  0.376288E-002
   0.77000E-01  0.381239E-002
   0.78000E-01  0.386190E-002
   0.79000E-01  0.391141E-002
   0.80000E-01  0.396092E-002
   0.81000E-01  0.401043E-002
   0.82000E-01  0.405994E-002
   0.83000E-01  0.410946E-002
   0.84000E-01  0.415897E-002
   0.85000E-01  0.420848E-002
   0.86000E-01  0.425799E-002
   0.87000E-01  0.430750E-002
   0.88000E-01  0.435701E-002
   0.89000E-01  0.440653E-002
   0.90000E-01  0.445604E-002
   0.91000E-01  0.450555E-002
   0.92000E-01  0.455506E-002
   0.93000E-01  0.460457E-002
   0.94000E-01  0.465408E-002
   0.95000E-01  0.470359E-002
   0.96000E-01  0.475311E-002
   0.97000E-01  0.480262E-002
   0.98000E-01  0.485213E-002
   0.99000E-01  0.490164E-002
   0.10000      0.495115E-002
   0.10100      0.500066E-002
   0.10200      0.505018E-002
   0.10300      0.509969E-002
   0.10400      0.514920E-002
   0.10500      0.519871E-002
   0.10600      0.524822E-002
   0.10700      0.529773E-002
   0.10800      0.534724E-002
   0.10900      0.539676E-002
   0.11000      0.544627E-002
   0.11100      0.549578E-002
   0.11200      0.554529E-002
   0.11300      0.559480E-002
   0.11400      0.564431E-002
   0.11500      0.569382E-002
   0.11600      0.574334E-002
   0.11700      0.579285E-002
   0.11800      0.584236E-002
   0.11900      0.589187E-002
   0.12000      0.594138E-002
   0.12100      0.599089E-002
   0.12200      0.604041E-002
   0.12300      0.608992E-002
   0.12400      0.613943E-002
   0.12500      0.618894E-002
   0.12600      0.623845E-002
   0.12700      0.628796E-002
   0.12800      0.633747E-002
   0.12900      0.638699E-002
   0.13000      0.643650E-002
   0.13100      0.648601E-002
   0.13200      0.653552E-002
   0.13300      0.658503E-002
   0.13400      0.663454E-002
   0.13500      0.668406E-002
   0.13600      0.673357E-002
   0.13700      0.678308E-002
   0.13800      0.683259E-002
   0.13900      0.688210E-002
   0.14000      0.693161E-002
   0.14100      0.698112E-002
   0.14200      0.703064E-002
   0.14300      0.708015E-002
   0.14400      0.712966E-002
   0.14500      0.717917E-002
   0.14600      0.722868E-002
   0.14700      0.727819E-002
   0.14800      0.732771E-002
   0.14900      0.737722E-002
   0.15000      0.742673E-002
   0.15100      0.747624E-002
   0.15200      0.752575E-002
   0.15300      0.757526E-002
   0.15400      0.762477E-002
   0.15500      0.767429E-002
   0.15600      0.772380E-002
   0.15700      0.777331E-002
   0.15800      0.782282E-002
   0.15900      0.787233E-002
   0.16000      0.792184E-002
   0.16100      0.797135E-002
   0.16200      0.802087E-002
   0.16300      0.807038E-002
   0.16400      0.811989E-002
   0.16500      0.816940E-002
   0.16600      0.821891E-002
   0.16700      0.826842E-002
   0.16800      0.831794E-002
   0.16900      0.836745E-002
   0.17000      0.841696E-002
   0.17100      0.846647E-002
   0.17200      0.851598E-002
   0.17300      0.856549E-002
   0.17400      0.861500E-002
   0.17500      0.866452E-002
   0.17600      0.871403E-002
   0.17700      0.876354E-002
   0.17800      0.881305E-002
   0.17900      0.886256E-002
   0.18000      0.891207E-002
   0.18100      0.896159E-002
   0.18200      0.901110E-002
   0.18300      0.906061E-002
   0.18400      0.911012E-002
   0.18500      0.915963E-002
   0.18600      0.920914E-002
   0.18700      0.925865E-002
   0.18800      0.930817E-002
   0.18900      0.935768E-002
   0.19000      0.940719E-002
   0.19100      0.945670E-002
   0.19200      0.951245E-002
   0.19300      0.957336E-002
   0.19400      0.963426E-002
   0.19500      0.969518E-002
   0.19600      0.975609E-002
   0.19700      0.984263E-002
   0.19800      0.992978E-002
   0.19900      0.100174E-001
   0.20000      0.101045E-001
   0.20100      0.101917E-001
   0.20200      0.102789E-001
   0.20300      0.103661E-001
   0.20400      0.104533E-001
   0.20500      0.105404E-001
   0.20600      0.106276E-001
   0.20700      0.107148E-001
   0.20800      0.108019E-001
   0.20900      0.108891E-001
   0.21000      0.109762E-001
   0.21100      0.110634E-001
   0.21200      0.111505E-001
   0.21300      0.112377E-001
   0.21400      0.113248E-001
   0.21500      0.114119E-001
   0.21600      0.114991E-001
   0.21700      0.115862E-001
   0.21800      0.116733E-001
   0.21900      0.117604E-001
   0.22000      0.118476E-001
   0.22100      0.119347E-001
   0.22200      0.120218E-001
   0.22300      0.121089E-001
   0.22400      0.121960E-001
   0.22500      0.122831E-001
   0.22600      0.123702E-001
   0.22700      0.124573E-001
   0.22800      0.125443E-001
   0.22900      0.126314E-001
   0.23000      0.127185E-001
   0.23100      0.128056E-001
   0.23200      0.128927E-001
   0.23300      0.129797E-001
   0.23400      0.130668E-001
   0.23500      0.131538E-001
   0.23600      0.132409E-001
   0.23700      0.133280E-001
   0.23800      0.134150E-001
   0.23900      0.135021E-001
   0.24000      0.135891E-001
   0.24100      0.136761E-001
   0.24200      0.137632E-001
   0.24300      0.138502E-001
   0.24400      0.139373E-001
   0.24500      0.140243E-001
   0.24600      0.141113E-001
   0.24700      0.141983E-001
   0.24800      0.142854E-001
   0.24900      0.143724E-001
   0.25000      0.144594E-001
   0.25100      0.145464E-001
   0.25200      0.146334E-001
   0.25300      0.147204E-001
   0.25400      0.148074E-001
   0.25500      0.148944E-001
   0.25600      0.149814E-001
   0.25700      0.150684E-001
   0.25800      0.151554E-001
   0.25900      0.152529E-001
   0.26000      0.153692E-001
   0.26100      0.154855E-001
   0.26200      0.156018E-001
   0.26300      0.157181E-001
   0.26400      0.158343E-001
   0.26500      0.159506E-001
   0.26600      0.160668E-001
   0.26700      0.161831E-001
   0.26800      0.163088E-001
   0.26900      0.164759E-001
   0.27000      0.166433E-001
   0.27100      0.168118E-001
   0.27200      0.169778E-001
   0.27300      0.171450E-001
   0.27400      0.173122E-001
   0.27500      0.174795E-001
   0.27600      0.176467E-001
   0.27700      0.178139E-001
   0.27800      0.179810E-001
   0.27900      0.181482E-001
   0.28000      0.183153E-001
   0.28100      0.184825E-001
   0.28200      0.186496E-001
   0.28300      0.188167E-001
   0.28400      0.189838E-001
   0.28500      0.191508E-001
   0.28600      0.193179E-001
   0.28700      0.194849E-001
   0.28800      0.196520E-001
   0.28900      0.198190E-001
   0.29000      0.199860E-001
   0.29100      0.201522E-001
   0.29200      0.203100E-001
   0.29300      0.204674E-001
   0.29400      0.206250E-001
   0.29500      0.207826E-001
   0.29600      0.209402E-001
   0.29700      0.210977E-001
   0.29800      0.212553E-001
   0.29900      0.214129E-001
   0.30000      0.215704E-001
   0.30100      0.217279E-001
   0.30200      0.218855E-001
   0.30300      0.220430E-001
   0.30400      0.222005E-001
   0.30500      0.223580E-001
   0.30600      0.225131E-001
   0.30700      0.227086E-001
   0.30800      0.229082E-001
   0.30900      0.232238E-001
   0.31000      0.235588E-001
   0.31100      0.238946E-001
   0.31200      0.242288E-001
   0.31300      0.245628E-001
   0.31400      0.248973E-001
   0.31500      0.252323E-001
   0.31600      0.255677E-001
   0.31700      0.259035E-001
   0.31800      0.262396E-001
   0.31900      0.265761E-001
   0.32000      0.269129E-001
   0.32100      0.272499E-001
   0.32200      0.275871E-001
   0.32300      0.279245E-001
   0.32400      0.282620E-001
   0.32500      0.285997E-001
   0.32600      0.289376E-001
   0.32700      0.292758E-001
   0.32800      0.296137E-001
   0.32900      0.299520E-001
   0.33000      0.302906E-001
   0.33100      0.306289E-001
   0.33200      0.309675E-001
   0.33300      0.313064E-001
   0.33400      0.316451E-001
   0.33500      0.319840E-001
   0.33600      0.323232E-001
   0.33700      0.326621E-001
   0.33800      0.330013E-001
   0.33900      0.333460E-001
   0.34000      0.337109E-001
   0.34100      0.341053E-001
   0.34200      0.344857E-001
   0.34300      0.348658E-001
   0.34400      0.352749E-001
   0.34500      0.357525E-001
   0.34600      0.362012E-001
   0.34700      0.366486E-001
   0.34800      0.370960E-001
   0.34900      0.375438E-001
   0.35000      0.379918E-001
   0.35100      0.384396E-001
   0.35200      0.388874E-001
   0.35300      0.393355E-001
   0.35400      0.397839E-001
   0.35500      0.402319E-001
   0.35600      0.406787E-001
   0.35700      0.411237E-001
   0.35800      0.415745E-001
   0.35900      0.420221E-001
   0.36000      0.424698E-001
   0.36100      0.429174E-001
   0.36200      0.433656E-001
   0.36300      0.438190E-001
   0.36400      0.442895E-001
   0.36500      0.447501E-001
   0.36600      0.452434E-001
   0.36700      0.458083E-001
   0.36800      0.464087E-001
   0.36900      0.469840E-001
   0.37000      0.475714E-001
   0.37100      0.481584E-001
   0.37200      0.487459E-001
   0.37300      0.493331E-001
   0.37400      0.499201E-001
   0.37500      0.505065E-001
   0.37600      0.510928E-001
   0.37700      0.516788E-001
   0.37800      0.522645E-001
   0.37900      0.528500E-001
   0.38000      0.534352E-001
   0.38100      0.540202E-001
   0.38200      0.546048E-001
   0.38300      0.551893E-001
   0.38400      0.557734E-001
   0.38500      0.563573E-001
   0.38600      0.569409E-001
   0.38700      0.575243E-001
   0.38800      0.581350E-001
   0.38900      0.587566E-001
   0.39000      0.593840E-001
   0.39100      0.600633E-001
   0.39200      0.607378E-001
   0.39300      0.614082E-001
   0.39400      0.620871E-001
   0.39500      0.627639E-001
   0.39600      0.634391E-001
   0.39700      0.641139E-001
   0.39800      0.647885E-001
   0.39900      0.654627E-001
   0.40000      0.661364E-001
   0.40100      0.668098E-001
   0.40200      0.674826E-001
   0.40300      0.681551E-001
   0.40400      0.688319E-001
   0.40500      0.695165E-001
   0.40600      0.702184E-001
   0.40700      0.709915E-001
   0.40800      0.718022E-001
   0.40900      0.726258E-001
   0.41000      0.734381E-001
   0.41100      0.742477E-001
   0.41200      0.750565E-001
   0.41300      0.758647E-001
   0.41400      0.766720E-001
   0.41500      0.774786E-001
   0.41600      0.782842E-001
   0.41700      0.790890E-001
   0.41800      0.798929E-001
   0.41900      0.806960E-001
   0.42000      0.814983E-001
   0.42100      0.822997E-001
   0.42200      0.831094E-001
   0.42300      0.839410E-001
   0.42400      0.847987E-001
   0.42500      0.856900E-001
   0.42600      0.865983E-001
   0.42700      0.874931E-001
   0.42800      0.883859E-001
   0.42900      0.892771E-001
   0.43000      0.901675E-001
   0.43100      0.910569E-001
   0.43200      0.919451E-001
   0.43300      0.928323E-001
   0.43400      0.937184E-001
   0.43500      0.946037E-001
   0.43600      0.955182E-001
   0.43700      0.965342E-001
   0.43800      0.975828E-001
   0.43900      0.986161E-001
   0.44000      0.996426E-001
   0.44100      0.100667     
   0.44200      0.101690     
   0.44300      0.102711     
   0.44400      0.103730     
   0.44500      0.104748     
   0.44600      0.105764     
   0.44700      0.106778     
   0.44800      0.107793     
   0.44900      0.108837     
   0.45000      0.109927     
   0.45100      0.111042     
   0.45200      0.112155     
   0.45300      0.113262     
   0.45400      0.114366     
   0.45500      0.115467     
   0.45600      0.116566     
   0.45700      0.117663     
   0.45800      0.118758     
   0.45900      0.119864     
   0.46000      0.121089     
   0.46100      0.122356     
   0.46200      0.123605     
   0.46300      0.124847     
   0.46400      0.126084     
   0.46500      0.127318     
   0.46600      0.128549     
   0.46700      0.129777     
   0.46800      0.131001     
   0.46900      0.132238     
   0.47000      0.133519     
   0.47100      0.134845     
   0.47200      0.136176     
   0.47300      0.137495     
   0.47400      0.138809     
   0.47500      0.140119     
   0.47600      0.141425     
   0.47700      0.142727     
   0.47800      0.144105     
   0.47900      0.145572     
   0.48000      0.147046     
   0.48100      0.148505     
   0.48200      0.149954     
   0.48300      0.151399     
   0.48400      0.152837     
   0.48500      0.154270     
   0.48600      0.155725     
   0.48700      0.157254     
   0.48800      0.158803     
   0.48900      0.160335     
   0.49000      0.161858     
   0.49100      0.163374     
   0.49200      0.164884     
   0.49300      0.166449     
   0.49400      0.168127     
   0.49500      0.169822     
   0.49600      0.171490     
   0.49700      0.173147     
   0.49800      0.174794     
   0.49900      0.176433     
   0.50000      0.178124     
   0.50100      0.179876     
   0.50200      0.181628     
   0.50300      0.183360     
   0.50400      0.185081     
   0.50500      0.186790     
   0.50600      0.188630     
   0.50700      0.190540     
   0.50800      0.192426     
   0.50900      0.194290     
   0.51000      0.196139     
   0.51100      0.197993     
   0.51200      0.199934     
   0.51300      0.201899     
   0.51400      0.203835     
   0.51500      0.205753     
   0.51600      0.207692     
   0.51700      0.209778     
   0.51800      0.211892     
   0.51900      0.213961     
   0.52000      0.216007     
   0.52100      0.218081     
   0.52200      0.220232     
   0.52300      0.222384     
   0.52400      0.224501     
   0.52500      0.226624     
   0.52600      0.228905     
   0.52700      0.231215     
   0.52800      0.233467     
   0.52900      0.235703     
   0.53000      0.238031     
   0.53100      0.240380     
   0.53200      0.242680     
   0.53300      0.245026     
   0.53400      0.247503     
   0.53500      0.249979     
   0.53600      0.252393     
   0.53700      0.254887     
   0.53800      0.257413     
   0.53900      0.259888     
   0.54000      0.262456     
   0.54100      0.265118     
   0.54200      0.267738     
   0.54300      0.270379     
   0.54400      0.273065     
   0.54500      0.275714     
   0.54600      0.278472     
   0.54700      0.281301     
   0.54800      0.284068     
   0.54900      0.286919     
   0.55000      0.289758     
   0.55100      0.292660     
   0.55200      0.295642     
   0.55300      0.298617     
   0.55400      0.301625     
   0.55500      0.304633     
   0.55600      0.307777     
   0.55700      0.310950     
   0.55800      0.314148     
   0.55900      0.317411     
   0.56000      0.320763     
   0.56100      0.324227     
   0.56200      0.327816     
   0.56300      0.331741     
   0.56400      0.336068     
   0.56500      0.342694     
   0.56506      0.342496     
   0.56506      0.342496     
   0.56506      0.342496     

