	0		0
   0.10000E-02  0.850682E-004
   0.20000E-02  0.170136E-003
   0.30000E-02  0.255204E-003
   0.40000E-02  0.340273E-003
   0.50000E-02  0.425341E-003
   0.60000E-02  0.510409E-003
   0.70000E-02  0.595477E-003
   0.80000E-02  0.680545E-003
   0.90000E-02  0.765613E-003
   0.10000E-01  0.850682E-003
   0.11000E-01  0.935750E-003
   0.12000E-01  0.102082E-002
   0.13000E-01  0.110589E-002
   0.14000E-01  0.119095E-002
   0.15000E-01  0.127602E-002
   0.16000E-01  0.136109E-002
   0.17000E-01  0.144616E-002
   0.18000E-01  0.153123E-002
   0.19000E-01  0.161629E-002
   0.20000E-01  0.170136E-002
   0.21000E-01  0.178643E-002
   0.22000E-01  0.187150E-002
   0.23000E-01  0.195657E-002
   0.24000E-01  0.204164E-002
   0.25000E-01  0.212670E-002
   0.26000E-01  0.221177E-002
   0.27000E-01  0.229684E-002
   0.28000E-01  0.238191E-002
   0.29000E-01  0.246698E-002
   0.30000E-01  0.255204E-002
   0.31000E-01  0.263711E-002
   0.32000E-01  0.272218E-002
   0.33000E-01  0.280725E-002
   0.34000E-01  0.289232E-002
   0.35000E-01  0.297739E-002
   0.36000E-01  0.306245E-002
   0.37000E-01  0.314752E-002
   0.38000E-01  0.323259E-002
   0.39000E-01  0.331766E-002
   0.40000E-01  0.340273E-002
   0.41000E-01  0.348779E-002
   0.42000E-01  0.357286E-002
   0.43000E-01  0.365793E-002
   0.44000E-01  0.374300E-002
   0.45000E-01  0.382807E-002
   0.46000E-01  0.391314E-002
   0.47000E-01  0.399820E-002
   0.48000E-01  0.408327E-002
   0.49000E-01  0.416834E-002
   0.50000E-01  0.425341E-002
   0.51000E-01  0.433848E-002
   0.52000E-01  0.442354E-002
   0.53000E-01  0.450861E-002
   0.54000E-01  0.459368E-002
   0.55000E-01  0.467875E-002
   0.56000E-01  0.476382E-002
   0.57000E-01  0.484888E-002
   0.58000E-01  0.493395E-002
   0.59000E-01  0.501902E-002
   0.60000E-01  0.510409E-002
   0.61000E-01  0.518916E-002
   0.62000E-01  0.527423E-002
   0.63000E-01  0.535929E-002
   0.64000E-01  0.544436E-002
   0.65000E-01  0.552943E-002
   0.66000E-01  0.561450E-002
   0.67000E-01  0.569957E-002
   0.68000E-01  0.578463E-002
   0.69000E-01  0.586970E-002
   0.70000E-01  0.595477E-002
   0.71000E-01  0.603984E-002
   0.72000E-01  0.612491E-002
   0.73000E-01  0.620998E-002
   0.74000E-01  0.629504E-002
   0.75000E-01  0.638011E-002
   0.76000E-01  0.646518E-002
   0.77000E-01  0.655025E-002
   0.78000E-01  0.663532E-002
   0.79000E-01  0.672038E-002
   0.80000E-01  0.680545E-002
   0.81000E-01  0.689052E-002
   0.82000E-01  0.697559E-002
   0.83000E-01  0.706066E-002
   0.84000E-01  0.714572E-002
   0.85000E-01  0.723079E-002
   0.86000E-01  0.731586E-002
   0.87000E-01  0.740093E-002
   0.88000E-01  0.748600E-002
   0.89000E-01  0.757107E-002
   0.90000E-01  0.765613E-002
   0.91000E-01  0.774120E-002
   0.92000E-01  0.782627E-002
   0.93000E-01  0.791134E-002
   0.94000E-01  0.799641E-002
   0.95000E-01  0.808147E-002
   0.96000E-01  0.816654E-002
   0.97000E-01  0.825161E-002
   0.98000E-01  0.833668E-002
   0.99000E-01  0.842175E-002
   0.10000      0.850681E-002
   0.10100      0.859188E-002
   0.10200      0.867695E-002
   0.10300      0.876202E-002
   0.10400      0.884709E-002
   0.10500      0.893216E-002
   0.10600      0.901722E-002
   0.10700      0.910229E-002
   0.10800      0.918736E-002
   0.10900      0.927243E-002
   0.11000      0.935750E-002
   0.11100      0.944257E-002
   0.11200      0.952763E-002
   0.11300      0.961270E-002
   0.11400      0.969777E-002
   0.11500      0.978284E-002
   0.11600      0.986791E-002
   0.11700      0.995297E-002
   0.11800      0.100380E-001
   0.11900      0.101231E-001
   0.12000      0.102082E-001
   0.12100      0.102932E-001
   0.12200      0.103783E-001
   0.12300      0.104634E-001
   0.12400      0.105485E-001
   0.12500      0.106335E-001
   0.12600      0.107186E-001
   0.12700      0.108037E-001
   0.12800      0.108887E-001
   0.12900      0.109738E-001
   0.13000      0.110589E-001
   0.13100      0.111439E-001
   0.13200      0.112290E-001
   0.13300      0.113141E-001
   0.13400      0.113991E-001
   0.13500      0.114842E-001
   0.13600      0.115693E-001
   0.13700      0.116543E-001
   0.13800      0.117394E-001
   0.13900      0.118245E-001
   0.14000      0.119095E-001
   0.14100      0.119946E-001
   0.14200      0.120797E-001
   0.14300      0.121647E-001
   0.14400      0.122498E-001
   0.14500      0.123349E-001
   0.14600      0.124200E-001
   0.14700      0.125050E-001
   0.14800      0.125901E-001
   0.14900      0.126752E-001
   0.15000      0.127602E-001
   0.15100      0.128453E-001
   0.15200      0.129304E-001
   0.15300      0.130154E-001
   0.15400      0.131005E-001
   0.15500      0.131856E-001
   0.15600      0.132706E-001
   0.15700      0.133557E-001
   0.15800      0.134408E-001
   0.15900      0.135258E-001
   0.16000      0.136109E-001
   0.16100      0.136960E-001
   0.16200      0.137810E-001
   0.16300      0.138661E-001
   0.16400      0.139512E-001
   0.16500      0.140362E-001
   0.16600      0.141213E-001
   0.16700      0.142064E-001
   0.16800      0.142914E-001
   0.16900      0.143765E-001
   0.17000      0.144616E-001
   0.17100      0.145467E-001
   0.17200      0.146317E-001
   0.17300      0.147168E-001
   0.17400      0.148019E-001
   0.17500      0.148869E-001
   0.17600      0.149720E-001
   0.17700      0.150571E-001
   0.17800      0.151421E-001
   0.17900      0.152272E-001
   0.18000      0.153123E-001
   0.18100      0.153973E-001
   0.18200      0.154824E-001
   0.18300      0.155675E-001
   0.18400      0.156525E-001
   0.18500      0.157376E-001
   0.18600      0.158227E-001
   0.18700      0.159077E-001
   0.18800      0.159928E-001
   0.18900      0.160779E-001
   0.19000      0.161629E-001
   0.19100      0.162480E-001
   0.19200      0.163529E-001
   0.19300      0.164742E-001
   0.19400      0.165956E-001
   0.19500      0.167169E-001
   0.19600      0.168383E-001
   0.19700      0.170345E-001
   0.19800      0.172391E-001
   0.19900      0.174426E-001
   0.20000      0.176441E-001
   0.20100      0.178457E-001
   0.20200      0.180475E-001
   0.20300      0.182494E-001
   0.20400      0.184512E-001
   0.20500      0.186531E-001
   0.20600      0.188550E-001
   0.20700      0.190569E-001
   0.20800      0.192589E-001
   0.20900      0.194608E-001
   0.21000      0.196628E-001
   0.21100      0.198648E-001
   0.21200      0.200668E-001
   0.21300      0.202689E-001
   0.21400      0.204709E-001
   0.21500      0.206730E-001
   0.21600      0.208751E-001
   0.21700      0.210772E-001
   0.21800      0.212793E-001
   0.21900      0.214814E-001
   0.22000      0.216836E-001
   0.22100      0.218857E-001
   0.22200      0.220879E-001
   0.22300      0.222901E-001
   0.22400      0.224923E-001
   0.22500      0.226945E-001
   0.22600      0.228967E-001
   0.22700      0.230990E-001
   0.22800      0.233012E-001
   0.22900      0.235034E-001
   0.23000      0.237057E-001
   0.23100      0.239080E-001
   0.23200      0.241103E-001
   0.23300      0.243125E-001
   0.23400      0.245148E-001
   0.23500      0.247171E-001
   0.23600      0.249194E-001
   0.23700      0.251218E-001
   0.23800      0.253241E-001
   0.23900      0.255264E-001
   0.24000      0.257288E-001
   0.24100      0.259311E-001
   0.24200      0.261335E-001
   0.24300      0.263358E-001
   0.24400      0.265382E-001
   0.24500      0.267406E-001
   0.24600      0.269429E-001
   0.24700      0.271453E-001
   0.24800      0.273477E-001
   0.24900      0.275501E-001
   0.25000      0.277525E-001
   0.25100      0.279549E-001
   0.25200      0.281573E-001
   0.25300      0.283597E-001
   0.25400      0.285621E-001
   0.25500      0.287645E-001
   0.25600      0.289669E-001
   0.25700      0.291694E-001
   0.25800      0.293718E-001
   0.25900      0.295862E-001
   0.26000      0.298218E-001
   0.26100      0.300577E-001
   0.26200      0.302934E-001
   0.26300      0.305291E-001
   0.26400      0.307648E-001
   0.26500      0.310005E-001
   0.26600      0.312362E-001
   0.26700      0.314719E-001
   0.26800      0.317174E-001
   0.26900      0.320081E-001
   0.27000      0.323091E-001
   0.27100      0.326064E-001
   0.27200      0.329006E-001
   0.27300      0.331955E-001
   0.27400      0.334908E-001
   0.27500      0.337862E-001
   0.27600      0.340814E-001
   0.27700      0.343767E-001
   0.27800      0.346719E-001
   0.27900      0.349672E-001
   0.28000      0.352623E-001
   0.28100      0.355575E-001
   0.28200      0.358527E-001
   0.28300      0.361478E-001
   0.28400      0.364429E-001
   0.28500      0.367379E-001
   0.28600      0.370330E-001
   0.28700      0.373280E-001
   0.28800      0.376230E-001
   0.28900      0.379180E-001
   0.29000      0.382130E-001
   0.29100      0.385085E-001
   0.29200      0.388104E-001
   0.29300      0.391121E-001
   0.29400      0.394139E-001
   0.29500      0.397157E-001
   0.29600      0.400175E-001
   0.29700      0.403193E-001
   0.29800      0.406211E-001
   0.29900      0.409229E-001
   0.30000      0.412246E-001
   0.30100      0.415264E-001
   0.30200      0.418282E-001
   0.30300      0.421300E-001
   0.30400      0.424318E-001
   0.30500      0.427336E-001
   0.30600      0.430411E-001
   0.30700      0.433852E-001
   0.30800      0.437325E-001
   0.30900      0.441479E-001
   0.31000      0.445798E-001
   0.31100      0.450095E-001
   0.31200      0.454375E-001
   0.31300      0.458652E-001
   0.31400      0.462929E-001
   0.31500      0.467206E-001
   0.31600      0.471483E-001
   0.31700      0.475758E-001
   0.31800      0.480033E-001
   0.31900      0.484307E-001
   0.32000      0.488580E-001
   0.32100      0.492852E-001
   0.32200      0.497123E-001
   0.32300      0.501393E-001
   0.32400      0.505663E-001
   0.32500      0.509931E-001
   0.32600      0.514199E-001
   0.32700      0.518466E-001
   0.32800      0.522731E-001
   0.32900      0.526995E-001
   0.33000      0.531260E-001
   0.33100      0.535522E-001
   0.33200      0.539783E-001
   0.33300      0.544045E-001
   0.33400      0.548304E-001
   0.33500      0.552563E-001
   0.33600      0.556821E-001
   0.33700      0.561078E-001
   0.33800      0.565333E-001
   0.33900      0.569647E-001
   0.34000      0.574187E-001
   0.34100      0.578808E-001
   0.34200      0.583389E-001
   0.34300      0.587964E-001
   0.34400      0.592942E-001
   0.34500      0.598164E-001
   0.34600      0.603307E-001
   0.34700      0.608438E-001
   0.34800      0.613562E-001
   0.34900      0.618686E-001
   0.35000      0.623811E-001
   0.35100      0.628933E-001
   0.35200      0.634054E-001
   0.35300      0.639174E-001
   0.35400      0.644293E-001
   0.35500      0.649410E-001
   0.35600      0.654540E-001
   0.35700      0.659674E-001
   0.35800      0.664821E-001
   0.35900      0.669958E-001
   0.36000      0.675095E-001
   0.36100      0.680229E-001
   0.36200      0.685379E-001
   0.36300      0.690579E-001
   0.36400      0.695822E-001
   0.36500      0.701038E-001
   0.36600      0.706532E-001
   0.36700      0.712633E-001
   0.36800      0.719040E-001
   0.36900      0.725365E-001
   0.37000      0.731715E-001
   0.37100      0.738047E-001
   0.37200      0.744382E-001
   0.37300      0.750713E-001
   0.37400      0.757041E-001
   0.37500      0.763364E-001
   0.37600      0.769683E-001
   0.37700      0.775999E-001
   0.37800      0.782312E-001
   0.37900      0.788620E-001
   0.38000      0.794925E-001
   0.38100      0.801227E-001
   0.38200      0.807524E-001
   0.38300      0.813819E-001
   0.38400      0.820109E-001
   0.38500      0.826397E-001
   0.38600      0.832680E-001
   0.38700      0.838960E-001
   0.38800      0.845481E-001
   0.38900      0.852091E-001
   0.39000      0.858751E-001
   0.39100      0.865844E-001
   0.39200      0.872990E-001
   0.39300      0.880084E-001
   0.39400      0.887201E-001
   0.39500      0.894302E-001
   0.39600      0.901399E-001
   0.39700      0.908490E-001
   0.39800      0.915577E-001
   0.39900      0.922660E-001
   0.40000      0.929738E-001
   0.40100      0.936811E-001
   0.40200      0.943880E-001
   0.40300      0.950944E-001
   0.40400      0.958045E-001
   0.40500      0.965209E-001
   0.40600      0.972525E-001
   0.40700      0.980524E-001
   0.40800      0.988873E-001
   0.40900      0.997237E-001
   0.41000      0.100555     
   0.41100      0.101384     
   0.41200      0.102212     
   0.41300      0.103040     
   0.41400      0.103867     
   0.41500      0.104693     
   0.41600      0.105518     
   0.41700      0.106342     
   0.41800      0.107165     
   0.41900      0.107988     
   0.42000      0.108809     
   0.42100      0.109630     
   0.42200      0.110459     
   0.42300      0.111308     
   0.42400      0.112182     
   0.42500      0.113086     
   0.42600      0.113997     
   0.42700      0.114902     
   0.42800      0.115805     
   0.42900      0.116706     
   0.43000      0.117607     
   0.43100      0.118507     
   0.43200      0.119406     
   0.43300      0.120303     
   0.43400      0.121200     
   0.43500      0.122095     
   0.43600      0.123019     
   0.43700      0.124037     
   0.43800      0.125078     
   0.43900      0.126107     
   0.44000      0.127131     
   0.44100      0.128153     
   0.44200      0.129174     
   0.44300      0.130193     
   0.44400      0.131210     
   0.44500      0.132226     
   0.44600      0.133239     
   0.44700      0.134252     
   0.44800      0.135265     
   0.44900      0.136305     
   0.45000      0.137387     
   0.45100      0.138491     
   0.45200      0.139592     
   0.45300      0.140688     
   0.45400      0.141782     
   0.45500      0.142873     
   0.45600      0.143963     
   0.45700      0.145050     
   0.45800      0.146135     
   0.45900      0.147231     
   0.46000      0.148438     
   0.46100      0.149678     
   0.46200      0.150902     
   0.46300      0.152121     
   0.46400      0.153336     
   0.46500      0.154548     
   0.46600      0.155758     
   0.46700      0.156964     
   0.46800      0.158167     
   0.46900      0.159381     
   0.47000      0.160636     
   0.47100      0.161933     
   0.47200      0.163231     
   0.47300      0.164520     
   0.47400      0.165804     
   0.47500      0.167085     
   0.47600      0.168362     
   0.47700      0.169635     
   0.47800      0.170979     
   0.47900      0.172403     
   0.48000      0.173832     
   0.48100      0.175248     
   0.48200      0.176656     
   0.48300      0.178059     
   0.48400      0.179457     
   0.48500      0.180849     
   0.48600      0.182262     
   0.48700      0.183743     
   0.48800      0.185240     
   0.48900      0.186722     
   0.49000      0.188197     
   0.49100      0.189665     
   0.49200      0.191127     
   0.49300      0.192641     
   0.49400      0.194257     
   0.49500      0.195886     
   0.49600      0.197493     
   0.49700      0.199089     
   0.49800      0.200676     
   0.49900      0.202256     
   0.50000      0.203884     
   0.50100      0.205567     
   0.50200      0.207249     
   0.50300      0.208913     
   0.50400      0.210567     
   0.50500      0.212211     
   0.50600      0.213975     
   0.50700      0.215800     
   0.50800      0.217604     
   0.50900      0.219388     
   0.51000      0.221159     
   0.51100      0.222934     
   0.51200      0.224789     
   0.51300      0.226664     
   0.51400      0.228513     
   0.51500      0.230346     
   0.51600      0.232199     
   0.51700      0.234186     
   0.51800      0.236196     
   0.51900      0.238166     
   0.52000      0.240115     
   0.52100      0.242090     
   0.52200      0.244135     
   0.52300      0.246180     
   0.52400      0.248193     
   0.52500      0.250212     
   0.52600      0.252375     
   0.52700      0.254563     
   0.52800      0.256699     
   0.52900      0.258819     
   0.53000      0.261024     
   0.53100      0.263247     
   0.53200      0.265426     
   0.53300      0.267646     
   0.53400      0.269986     
   0.53500      0.272322     
   0.53600      0.274604     
   0.53700      0.276959     
   0.53800      0.279341     
   0.53900      0.281677     
   0.54000      0.284098     
   0.54100      0.286603     
   0.54200      0.289069     
   0.54300      0.291554     
   0.54400      0.294081     
   0.54500      0.296573     
   0.54600      0.299163     
   0.54700      0.301817     
   0.54800      0.304415     
   0.54900      0.307089     
   0.55000      0.309750     
   0.55100      0.312468     
   0.55200      0.315259     
   0.55300      0.318041     
   0.55400      0.320854     
   0.55500      0.323664     
   0.55600      0.326598     
   0.55700      0.329556     
   0.55800      0.332536     
   0.55900      0.335573     
   0.56000      0.338689     
   0.56100      0.341904     
   0.56200      0.345230     
   0.56300      0.348851     
   0.56400      0.352829     
   0.56500      0.358834     
   0.56506      0.358661     
   0.56506      0.358661     
   0.56506      0.358661     
   

