	0		0
   0.10000E-02  0.475362E+007
   0.20000E-02  0.950725E+007
   0.30000E-02  0.142609E+008
   0.40000E-02  0.190145E+008
   0.50000E-02  0.237681E+008
   0.60000E-02  0.285217E+008
   0.70000E-02  0.332754E+008
   0.80000E-02  0.380290E+008
   0.90000E-02  0.427826E+008
   0.10000E-01  0.475362E+008
   0.11000E-01  0.522899E+008
   0.12000E-01  0.570435E+008
   0.13000E-01  0.617971E+008
   0.14000E-01  0.665507E+008
   0.15000E-01  0.713044E+008
   0.16000E-01  0.760580E+008
   0.17000E-01  0.808116E+008
   0.18000E-01  0.855652E+008
   0.19000E-01  0.903189E+008
   0.20000E-01  0.950725E+008
   0.21000E-01  0.998261E+008
   0.22000E-01  0.104580E+009
   0.23000E-01  0.109333E+009
   0.24000E-01  0.114087E+009
   0.25000E-01  0.118841E+009
   0.26000E-01  0.123594E+009
   0.27000E-01  0.128348E+009
   0.28000E-01  0.133101E+009
   0.29000E-01  0.137855E+009
   0.30000E-01  0.142609E+009
   0.31000E-01  0.147362E+009
   0.32000E-01  0.152116E+009
   0.33000E-01  0.156870E+009
   0.34000E-01  0.161623E+009
   0.35000E-01  0.166377E+009
   0.36000E-01  0.171130E+009
   0.37000E-01  0.175884E+009
   0.38000E-01  0.180638E+009
   0.39000E-01  0.185391E+009
   0.40000E-01  0.190145E+009
   0.41000E-01  0.194899E+009
   0.42000E-01  0.199652E+009
   0.43000E-01  0.204406E+009
   0.44000E-01  0.209159E+009
   0.45000E-01  0.213913E+009
   0.46000E-01  0.218667E+009
   0.47000E-01  0.223420E+009
   0.48000E-01  0.228174E+009
   0.49000E-01  0.232928E+009
   0.50000E-01  0.237681E+009
   0.51000E-01  0.242435E+009
   0.52000E-01  0.247188E+009
   0.53000E-01  0.251942E+009
   0.54000E-01  0.256696E+009
   0.55000E-01  0.261449E+009
   0.56000E-01  0.266203E+009
   0.57000E-01  0.270957E+009
   0.58000E-01  0.275710E+009
   0.59000E-01  0.280464E+009
   0.60000E-01  0.285217E+009
   0.61000E-01  0.289971E+009
   0.62000E-01  0.294725E+009
   0.63000E-01  0.299478E+009
   0.64000E-01  0.304232E+009
   0.65000E-01  0.308986E+009
   0.66000E-01  0.313739E+009
   0.67000E-01  0.318493E+009
   0.68000E-01  0.323246E+009
   0.69000E-01  0.328000E+009
   0.70000E-01  0.332754E+009
   0.71000E-01  0.337507E+009
   0.72000E-01  0.342261E+009
   0.73000E-01  0.347015E+009
   0.74000E-01  0.351768E+009
   0.75000E-01  0.356522E+009
   0.76000E-01  0.361275E+009
   0.77000E-01  0.366029E+009
   0.78000E-01  0.370783E+009
   0.79000E-01  0.375536E+009
   0.80000E-01  0.380290E+009
   0.81000E-01  0.385044E+009
   0.82000E-01  0.389797E+009
   0.83000E-01  0.394551E+009
   0.84000E-01  0.399304E+009
   0.85000E-01  0.404058E+009
   0.86000E-01  0.408812E+009
   0.87000E-01  0.413565E+009
   0.88000E-01  0.418319E+009
   0.89000E-01  0.423073E+009
   0.90000E-01  0.427826E+009
   0.91000E-01  0.432580E+009
   0.92000E-01  0.437333E+009
   0.93000E-01  0.442087E+009
   0.94000E-01  0.446841E+009
   0.95000E-01  0.451594E+009
   0.96000E-01  0.456348E+009
   0.97000E-01  0.461102E+009
   0.98000E-01  0.465855E+009
   0.99000E-01  0.470609E+009
   0.10000      0.475362E+009
   0.10100      0.480116E+009
   0.10200      0.484870E+009
   0.10300      0.489623E+009
   0.10400      0.494377E+009
   0.10500      0.499131E+009
   0.10600      0.503884E+009
   0.10700      0.508638E+009
   0.10800      0.513391E+009
   0.10900      0.518145E+009
   0.11000      0.522899E+009
   0.11100      0.527652E+009
   0.11200      0.532406E+009
   0.11300      0.537160E+009
   0.11400      0.541913E+009
   0.11500      0.546667E+009
   0.11600      0.551420E+009
   0.11700      0.556174E+009
   0.11800      0.560928E+009
   0.11900      0.565681E+009
   0.12000      0.570435E+009
   0.12100      0.575189E+009
   0.12200      0.579942E+009
   0.12300      0.584696E+009
   0.12400      0.589449E+009
   0.12500      0.594203E+009
   0.12600      0.598957E+009
   0.12700      0.603710E+009
   0.12800      0.608464E+009
   0.12900      0.613218E+009
   0.13000      0.617971E+009
   0.13100      0.622725E+009
   0.13200      0.627478E+009
   0.13300      0.632232E+009
   0.13400      0.636986E+009
   0.13500      0.641739E+009
   0.13600      0.646493E+009
   0.13700      0.651247E+009
   0.13800      0.656000E+009
   0.13900      0.660754E+009
   0.14000      0.665507E+009
   0.14100      0.670261E+009
   0.14200      0.675015E+009
   0.14300      0.679768E+009
   0.14400      0.684522E+009
   0.14500      0.689276E+009
   0.14600      0.694029E+009
   0.14700      0.698783E+009
   0.14800      0.703536E+009
   0.14900      0.708290E+009
   0.15000      0.713044E+009
   0.15100      0.717797E+009
   0.15200      0.722551E+009
   0.15300      0.727305E+009
   0.15400      0.732058E+009
   0.15500      0.736812E+009
   0.15600      0.741565E+009
   0.15700      0.746319E+009
   0.15800      0.751073E+009
   0.15900      0.755826E+009
   0.16000      0.760580E+009
   0.16100      0.765334E+009
   0.16200      0.770087E+009
   0.16300      0.774841E+009
   0.16400      0.779594E+009
   0.16500      0.784348E+009
   0.16600      0.789102E+009
   0.16700      0.793855E+009
   0.16800      0.798609E+009
   0.16900      0.803362E+009
   0.17000      0.808116E+009
   0.17100      0.812870E+009
   0.17200      0.817623E+009
   0.17300      0.822377E+009
   0.17400      0.827131E+009
   0.17500      0.831884E+009
   0.17600      0.836638E+009
   0.17700      0.841391E+009
   0.17800      0.846145E+009
   0.17900      0.850899E+009
   0.18000      0.855652E+009
   0.18100      0.860406E+009
   0.18200      0.865160E+009
   0.18300      0.869913E+009
   0.18400      0.874667E+009
   0.18500      0.879420E+009
   0.18600      0.884174E+009
   0.18700      0.888928E+009
   0.18800      0.893681E+009
   0.18900      0.898435E+009
   0.19000      0.903189E+009
   0.19100      0.907942E+009
   0.19200      0.909925E+009
   0.19300      0.909605E+009
   0.19400      0.909284E+009
   0.19500      0.908964E+009
   0.19600      0.908644E+009
   0.19700      0.908126E+009
   0.19800      0.907588E+009
   0.19900      0.907053E+009
   0.20000      0.906523E+009
   0.20100      0.905993E+009
   0.20200      0.905462E+009
   0.20300      0.904932E+009
   0.20400      0.904403E+009
   0.20500      0.903873E+009
   0.20600      0.903344E+009
   0.20700      0.902815E+009
   0.20800      0.902287E+009
   0.20900      0.901758E+009
   0.21000      0.901230E+009
   0.21100      0.900702E+009
   0.21200      0.900175E+009
   0.21300      0.899647E+009
   0.21400      0.899120E+009
   0.21500      0.898593E+009
   0.21600      0.898067E+009
   0.21700      0.897541E+009
   0.21800      0.897015E+009
   0.21900      0.896489E+009
   0.22000      0.895963E+009
   0.22100      0.895438E+009
   0.22200      0.894913E+009
   0.22300      0.894389E+009
   0.22400      0.893864E+009
   0.22500      0.893340E+009
   0.22600      0.892817E+009
   0.22700      0.892293E+009
   0.22800      0.891770E+009
   0.22900      0.891247E+009
   0.23000      0.890724E+009
   0.23100      0.890202E+009
   0.23200      0.889680E+009
   0.23300      0.889158E+009
   0.23400      0.888637E+009
   0.23500      0.888115E+009
   0.23600      0.887594E+009
   0.23700      0.887074E+009
   0.23800      0.886553E+009
   0.23900      0.886033E+009
   0.24000      0.885514E+009
   0.24100      0.884994E+009
   0.24200      0.884475E+009
   0.24300      0.883956E+009
   0.24400      0.883437E+009
   0.24500      0.882919E+009
   0.24600      0.882401E+009
   0.24700      0.881883E+009
   0.24800      0.881366E+009
   0.24900      0.880849E+009
   0.25000      0.880332E+009
   0.25100      0.879815E+009
   0.25200      0.879299E+009
   0.25300      0.878783E+009
   0.25400      0.878267E+009
   0.25500      0.877752E+009
   0.25600      0.877237E+009
   0.25700      0.876722E+009
   0.25800      0.876208E+009
   0.25900      0.875663E+009
   0.26000      0.875065E+009
   0.26100      0.874467E+009
   0.26200      0.873869E+009
   0.26300      0.873272E+009
   0.26400      0.872676E+009
   0.26500      0.872080E+009
   0.26600      0.871484E+009
   0.26700      0.870889E+009
   0.26800      0.870269E+009
   0.26900      0.869536E+009
   0.27000      0.868778E+009
   0.27100      0.868030E+009
   0.27200      0.867290E+009
   0.27300      0.866549E+009
   0.27400      0.865808E+009
   0.27500      0.865067E+009
   0.27600      0.864327E+009
   0.27700      0.863587E+009
   0.27800      0.862849E+009
   0.27900      0.862111E+009
   0.28000      0.861374E+009
   0.28100      0.860637E+009
   0.28200      0.859901E+009
   0.28300      0.859166E+009
   0.28400      0.858431E+009
   0.28500      0.857698E+009
   0.28600      0.856965E+009
   0.28700      0.856232E+009
   0.28800      0.855500E+009
   0.28900      0.854769E+009
   0.29000      0.854039E+009
   0.29100      0.853308E+009
   0.29200      0.852561E+009
   0.29300      0.851816E+009
   0.29400      0.851071E+009
   0.29500      0.850327E+009
   0.29600      0.849584E+009
   0.29700      0.848841E+009
   0.29800      0.848099E+009
   0.29900      0.847357E+009
   0.30000      0.846616E+009
   0.30100      0.845876E+009
   0.30200      0.845137E+009
   0.30300      0.844398E+009
   0.30400      0.843659E+009
   0.30500      0.842922E+009
   0.30600      0.842171E+009
   0.30700      0.841331E+009
   0.30800      0.840485E+009
   0.30900      0.839474E+009
   0.31000      0.838424E+009
   0.31100      0.837382E+009
   0.31200      0.836344E+009
   0.31300      0.835308E+009
   0.31400      0.834274E+009
   0.31500      0.833241E+009
   0.31600      0.832209E+009
   0.31700      0.831179E+009
   0.31800      0.830151E+009
   0.31900      0.829124E+009
   0.32000      0.828098E+009
   0.32100      0.827074E+009
   0.32200      0.826051E+009
   0.32300      0.825030E+009
   0.32400      0.824010E+009
   0.32500      0.822991E+009
   0.32600      0.821975E+009
   0.32700      0.820959E+009
   0.32800      0.819945E+009
   0.32900      0.818933E+009
   0.33000      0.817922E+009
   0.33100      0.816913E+009
   0.33200      0.815905E+009
   0.33300      0.814898E+009
   0.33400      0.813893E+009
   0.33500      0.812890E+009
   0.33600      0.811887E+009
   0.33700      0.810887E+009
   0.33800      0.809888E+009
   0.33900      0.808876E+009
   0.34000      0.807813E+009
   0.34100      0.806732E+009
   0.34200      0.805662E+009
   0.34300      0.804595E+009
   0.34400      0.803436E+009
   0.34500      0.802222E+009
   0.34600      0.801027E+009
   0.34700      0.799837E+009
   0.34800      0.798651E+009
   0.34900      0.797466E+009
   0.35000      0.796283E+009
   0.35100      0.795102E+009
   0.35200      0.793924E+009
   0.35300      0.792747E+009
   0.35400      0.791572E+009
   0.35500      0.790400E+009
   0.35600      0.789226E+009
   0.35700      0.788053E+009
   0.35800      0.786879E+009
   0.35900      0.785708E+009
   0.36000      0.784540E+009
   0.36100      0.783374E+009
   0.36200      0.782206E+009
   0.36300      0.781029E+009
   0.36400      0.779843E+009
   0.36500      0.778665E+009
   0.36600      0.777427E+009
   0.36700      0.776054E+009
   0.36800      0.774615E+009
   0.36900      0.773197E+009
   0.37000      0.771776E+009
   0.37100      0.770361E+009
   0.37200      0.768949E+009
   0.37300      0.767540E+009
   0.37400      0.766134E+009
   0.37500      0.764732E+009
   0.37600      0.763333E+009
   0.37700      0.761938E+009
   0.37800      0.760546E+009
   0.37900      0.759157E+009
   0.38000      0.757771E+009
   0.38100      0.756389E+009
   0.38200      0.755010E+009
   0.38300      0.753635E+009
   0.38400      0.752263E+009
   0.38500      0.750894E+009
   0.38600      0.749528E+009
   0.38700      0.748166E+009
   0.38800      0.746753E+009
   0.38900      0.745325E+009
   0.39000      0.743888E+009
   0.39100      0.742361E+009
   0.39200      0.740826E+009
   0.39300      0.739305E+009
   0.39400      0.737782E+009
   0.39500      0.736266E+009
   0.39600      0.734753E+009
   0.39700      0.733245E+009
   0.39800      0.731741E+009
   0.39900      0.730241E+009
   0.40000      0.728745E+009
   0.40100      0.727254E+009
   0.40200      0.725766E+009
   0.40300      0.724282E+009
   0.40400      0.722794E+009
   0.40500      0.721295E+009
   0.40600      0.719768E+009
   0.40700      0.718102E+009
   0.40800      0.716367E+009
   0.40900      0.714633E+009
   0.41000      0.712914E+009
   0.41100      0.711204E+009
   0.41200      0.709499E+009
   0.41300      0.707800E+009
   0.41400      0.706107E+009
   0.41500      0.704419E+009
   0.41600      0.702738E+009
   0.41700      0.701062E+009
   0.41800      0.699391E+009
   0.41900      0.697727E+009
   0.42000      0.696068E+009
   0.42100      0.694415E+009
   0.42200      0.692750E+009
   0.42300      0.691046E+009
   0.42400      0.689300E+009
   0.42500      0.687496E+009
   0.42600      0.685684E+009
   0.42700      0.683890E+009
   0.42800      0.682103E+009
   0.42900      0.680323E+009
   0.43000      0.678550E+009
   0.43100      0.676784E+009
   0.43200      0.675024E+009
   0.43300      0.673271E+009
   0.43400      0.671525E+009
   0.43500      0.669785E+009
   0.43600      0.667995E+009
   0.43700      0.666027E+009
   0.43800      0.664022E+009
   0.43900      0.662046E+009
   0.44000      0.660085E+009
   0.44100      0.658133E+009
   0.44200      0.656190E+009
   0.44300      0.654255E+009
   0.44400      0.652330E+009
   0.44500      0.650413E+009
   0.44600      0.648506E+009
   0.44700      0.646607E+009
   0.44800      0.644711E+009
   0.44900      0.642772E+009
   0.45000      0.640759E+009
   0.45100      0.638714E+009
   0.45200      0.636680E+009
   0.45300      0.634661E+009
   0.45400      0.632654E+009
   0.45500      0.630657E+009
   0.45600      0.628670E+009
   0.45700      0.626693E+009
   0.45800      0.624725E+009
   0.45900      0.622745E+009
   0.46000      0.620572E+009
   0.46100      0.618347E+009
   0.46200      0.616157E+009
   0.46300      0.613985E+009
   0.46400      0.611828E+009
   0.46500      0.609683E+009
   0.46600      0.607551E+009
   0.46700      0.605432E+009
   0.46800      0.603326E+009
   0.46900      0.601208E+009
   0.47000      0.599025E+009
   0.47100      0.596780E+009
   0.47200      0.594540E+009
   0.47300      0.592324E+009
   0.47400      0.590124E+009
   0.47500      0.587939E+009
   0.47600      0.585768E+009
   0.47700      0.583612E+009
   0.47800      0.581344E+009
   0.47900      0.578950E+009
   0.48000      0.576558E+009
   0.48100      0.574199E+009
   0.48200      0.571862E+009
   0.48300      0.569543E+009
   0.48400      0.567241E+009
   0.48500      0.564957E+009
   0.48600      0.562650E+009
   0.48700      0.560242E+009
   0.48800      0.557818E+009
   0.48900      0.555428E+009
   0.49000      0.553060E+009
   0.49100      0.550714E+009
   0.49200      0.548386E+009
   0.49300      0.545986E+009
   0.49400      0.543436E+009
   0.49500      0.540878E+009
   0.49600      0.538367E+009
   0.49700      0.535883E+009
   0.49800      0.533425E+009
   0.49900      0.530989E+009
   0.50000      0.528492E+009
   0.50100      0.525922E+009
   0.50200      0.523366E+009
   0.50300      0.520849E+009
   0.50400      0.518360E+009
   0.50500      0.515897E+009
   0.50600      0.513268E+009
   0.50700      0.510562E+009
   0.50800      0.507902E+009
   0.50900      0.505284E+009
   0.51000      0.502699E+009
   0.51100      0.500121E+009
   0.51200      0.497441E+009
   0.51300      0.494747E+009
   0.51400      0.492104E+009
   0.51500      0.489498E+009
   0.51600      0.486879E+009
   0.51700      0.484084E+009
   0.51800      0.481275E+009
   0.51900      0.478537E+009
   0.52000      0.475842E+009
   0.52100      0.473129E+009
   0.52200      0.470335E+009
   0.52300      0.467558E+009
   0.52400      0.464840E+009
   0.52500      0.462130E+009
   0.52600      0.459243E+009
   0.52700      0.456343E+009
   0.52800      0.453529E+009
   0.52900      0.450753E+009
   0.53000      0.447883E+009
   0.53100      0.445010E+009
   0.53200      0.442210E+009
   0.53300      0.439376E+009
   0.53400      0.436409E+009
   0.53500      0.433466E+009
   0.53600      0.430612E+009
   0.53700      0.427685E+009
   0.53800      0.424745E+009
   0.53900      0.421881E+009
   0.54000      0.418934E+009
   0.54100      0.415906E+009
   0.54200      0.412946E+009
   0.54300      0.409986E+009
   0.54400      0.406997E+009
   0.54500      0.404071E+009
   0.54600      0.401051E+009
   0.54700      0.397981E+009
   0.54800      0.394999E+009
   0.54900      0.391952E+009
   0.55000      0.388944E+009
   0.55100      0.385894E+009
   0.55200      0.382789E+009
   0.55300      0.379718E+009
   0.55400      0.376638E+009
   0.55500      0.373586E+009
   0.55600      0.370426E+009
   0.55700      0.367267E+009
   0.55800      0.364112E+009
   0.55900      0.360925E+009
   0.56000      0.357684E+009
   0.56100      0.354370E+009
   0.56200      0.350974E+009
   0.56300      0.347314E+009
   0.56400      0.343337E+009
   0.56500      0.337420E+009
   0.56506      0.337257E+009
   0.56506      0.337257E+009
   0.56506      0.337257E+009
  

