	0		0   
   0.10000E-02  0.276677E+007
   0.20000E-02  0.553353E+007
   0.30000E-02  0.830030E+007
   0.40000E-02  0.110671E+008
   0.50000E-02  0.138338E+008
   0.60000E-02  0.166006E+008
   0.70000E-02  0.193674E+008
   0.80000E-02  0.221341E+008
   0.90000E-02  0.249009E+008
   0.10000E-01  0.276677E+008
   0.11000E-01  0.304344E+008
   0.12000E-01  0.332012E+008
   0.13000E-01  0.359680E+008
   0.14000E-01  0.387347E+008
   0.15000E-01  0.415015E+008
   0.16000E-01  0.442683E+008
   0.17000E-01  0.470350E+008
   0.18000E-01  0.498018E+008
   0.19000E-01  0.525686E+008
   0.20000E-01  0.553353E+008
   0.21000E-01  0.581021E+008
   0.22000E-01  0.608689E+008
   0.23000E-01  0.636356E+008
   0.24000E-01  0.664024E+008
   0.25000E-01  0.691692E+008
   0.26000E-01  0.719359E+008
   0.27000E-01  0.747027E+008
   0.28000E-01  0.774694E+008
   0.29000E-01  0.802362E+008
   0.30000E-01  0.830030E+008
   0.31000E-01  0.857697E+008
   0.32000E-01  0.885365E+008
   0.33000E-01  0.913033E+008
   0.34000E-01  0.940700E+008
   0.35000E-01  0.968368E+008
   0.36000E-01  0.996036E+008
   0.37000E-01  0.102370E+009
   0.38000E-01  0.105137E+009
   0.39000E-01  0.107904E+009
   0.40000E-01  0.110671E+009
   0.41000E-01  0.113437E+009
   0.42000E-01  0.116204E+009
   0.43000E-01  0.118971E+009
   0.44000E-01  0.121738E+009
   0.45000E-01  0.124504E+009
   0.46000E-01  0.127271E+009
   0.47000E-01  0.130038E+009
   0.48000E-01  0.132805E+009
   0.49000E-01  0.135572E+009
   0.50000E-01  0.138338E+009
   0.51000E-01  0.141105E+009
   0.52000E-01  0.143872E+009
   0.53000E-01  0.146639E+009
   0.54000E-01  0.149405E+009
   0.55000E-01  0.152172E+009
   0.56000E-01  0.154939E+009
   0.57000E-01  0.157706E+009
   0.58000E-01  0.160472E+009
   0.59000E-01  0.163239E+009
   0.60000E-01  0.166006E+009
   0.61000E-01  0.168773E+009
   0.62000E-01  0.171539E+009
   0.63000E-01  0.174306E+009
   0.64000E-01  0.177073E+009
   0.65000E-01  0.179840E+009
   0.66000E-01  0.182607E+009
   0.67000E-01  0.185373E+009
   0.68000E-01  0.188140E+009
   0.69000E-01  0.190907E+009
   0.70000E-01  0.193674E+009
   0.71000E-01  0.196440E+009
   0.72000E-01  0.199207E+009
   0.73000E-01  0.201974E+009
   0.74000E-01  0.204741E+009
   0.75000E-01  0.207507E+009
   0.76000E-01  0.210274E+009
   0.77000E-01  0.213041E+009
   0.78000E-01  0.215808E+009
   0.79000E-01  0.218575E+009
   0.80000E-01  0.221341E+009
   0.81000E-01  0.224108E+009
   0.82000E-01  0.226875E+009
   0.83000E-01  0.229642E+009
   0.84000E-01  0.232408E+009
   0.85000E-01  0.235175E+009
   0.86000E-01  0.237942E+009
   0.87000E-01  0.240709E+009
   0.88000E-01  0.243475E+009
   0.89000E-01  0.246242E+009
   0.90000E-01  0.249009E+009
   0.91000E-01  0.251776E+009
   0.92000E-01  0.254542E+009
   0.93000E-01  0.257309E+009
   0.94000E-01  0.260076E+009
   0.95000E-01  0.262843E+009
   0.96000E-01  0.265610E+009
   0.97000E-01  0.268376E+009
   0.98000E-01  0.271143E+009
   0.99000E-01  0.273910E+009
   0.10000      0.276677E+009
   0.10100      0.279443E+009
   0.10200      0.282210E+009
   0.10300      0.284977E+009
   0.10400      0.287744E+009
   0.10500      0.290510E+009
   0.10600      0.293277E+009
   0.10700      0.296044E+009
   0.10800      0.298811E+009
   0.10900      0.301578E+009
   0.11000      0.304344E+009
   0.11100      0.307111E+009
   0.11200      0.309878E+009
   0.11300      0.312645E+009
   0.11400      0.315411E+009
   0.11500      0.318178E+009
   0.11600      0.320945E+009
   0.11700      0.323712E+009
   0.11800      0.326478E+009
   0.11900      0.329245E+009
   0.12000      0.332012E+009
   0.12100      0.334779E+009
   0.12200      0.337545E+009
   0.12300      0.340312E+009
   0.12400      0.343079E+009
   0.12500      0.345846E+009
   0.12600      0.348613E+009
   0.12700      0.351379E+009
   0.12800      0.354146E+009
   0.12900      0.356913E+009
   0.13000      0.359680E+009
   0.13100      0.362446E+009
   0.13200      0.365213E+009
   0.13300      0.367980E+009
   0.13400      0.370747E+009
   0.13500      0.373513E+009
   0.13600      0.376280E+009
   0.13700      0.379047E+009
   0.13800      0.381814E+009
   0.13900      0.384580E+009
   0.14000      0.387347E+009
   0.14100      0.390114E+009
   0.14200      0.392881E+009
   0.14300      0.395648E+009
   0.14400      0.398414E+009
   0.14500      0.401181E+009
   0.14600      0.403948E+009
   0.14700      0.406715E+009
   0.14800      0.409481E+009
   0.14900      0.412248E+009
   0.15000      0.415015E+009
   0.15100      0.417782E+009
   0.15200      0.420548E+009
   0.15300      0.423315E+009
   0.15400      0.426082E+009
   0.15500      0.428849E+009
   0.15600      0.431615E+009
   0.15700      0.434382E+009
   0.15800      0.437149E+009
   0.15900      0.439916E+009
   0.16000      0.442683E+009
   0.16100      0.445449E+009
   0.16200      0.448216E+009
   0.16300      0.450983E+009
   0.16400      0.453750E+009
   0.16500      0.456516E+009
   0.16600      0.459283E+009
   0.16700      0.462050E+009
   0.16800      0.464817E+009
   0.16900      0.467583E+009
   0.17000      0.470350E+009
   0.17100      0.473117E+009
   0.17200      0.475884E+009
   0.17300      0.478651E+009
   0.17400      0.481417E+009
   0.17500      0.484184E+009
   0.17600      0.486951E+009
   0.17700      0.489718E+009
   0.17800      0.492484E+009
   0.17900      0.495251E+009
   0.18000      0.498018E+009
   0.18100      0.500785E+009
   0.18200      0.503551E+009
   0.18300      0.506318E+009
   0.18400      0.509085E+009
   0.18500      0.511852E+009
   0.18600      0.514618E+009
   0.18700      0.517385E+009
   0.18800      0.520152E+009
   0.18900      0.522919E+009
   0.19000      0.525686E+009
   0.19100      0.528452E+009
   0.19200      0.531568E+009
   0.19300      0.534973E+009
   0.19400      0.538378E+009
   0.19500      0.541783E+009
   0.19600      0.545188E+009
   0.19700      0.550028E+009
   0.19800      0.554906E+009
   0.19900      0.559810E+009
   0.20000      0.564683E+009
   0.20100      0.569560E+009
   0.20200      0.574438E+009
   0.20300      0.579316E+009
   0.20400      0.584194E+009
   0.20500      0.589071E+009
   0.20600      0.593948E+009
   0.20700      0.598825E+009
   0.20800      0.603702E+009
   0.20900      0.608579E+009
   0.21000      0.613455E+009
   0.21100      0.618331E+009
   0.21200      0.623207E+009
   0.21300      0.628083E+009
   0.21400      0.632958E+009
   0.21500      0.637834E+009
   0.21600      0.642709E+009
   0.21700      0.647584E+009
   0.21800      0.652459E+009
   0.21900      0.657333E+009
   0.22000      0.662208E+009
   0.22100      0.667082E+009
   0.22200      0.671956E+009
   0.22300      0.676830E+009
   0.22400      0.681704E+009
   0.22500      0.686577E+009
   0.22600      0.691450E+009
   0.22700      0.696323E+009
   0.22800      0.701196E+009
   0.22900      0.706069E+009
   0.23000      0.710942E+009
   0.23100      0.715814E+009
   0.23200      0.720686E+009
   0.23300      0.725559E+009
   0.23400      0.730430E+009
   0.23500      0.735302E+009
   0.23600      0.740174E+009
   0.23700      0.745045E+009
   0.23800      0.749916E+009
   0.23900      0.754787E+009
   0.24000      0.759658E+009
   0.24100      0.764529E+009
   0.24200      0.769400E+009
   0.24300      0.774270E+009
   0.24400      0.779140E+009
   0.24500      0.784010E+009
   0.24600      0.788880E+009
   0.24700      0.793750E+009
   0.24800      0.798619E+009
   0.24900      0.803489E+009
   0.25000      0.808358E+009
   0.25100      0.813227E+009
   0.25200      0.818096E+009
   0.25300      0.822965E+009
   0.25400      0.827834E+009
   0.25500      0.832702E+009
   0.25600      0.837570E+009
   0.25700      0.842439E+009
   0.25800      0.847307E+009
   0.25900      0.852764E+009
   0.26000      0.859267E+009
   0.26100      0.865774E+009
   0.26200      0.872278E+009
   0.26300      0.878781E+009
   0.26400      0.885284E+009
   0.26500      0.891786E+009
   0.26600      0.898288E+009
   0.26700      0.904790E+009
   0.26800      0.910019E+009
   0.26900      0.909577E+009
   0.27000      0.909135E+009
   0.27100      0.908690E+009
   0.27200      0.908252E+009
   0.27300      0.907811E+009
   0.27400      0.907371E+009
   0.27500      0.906930E+009
   0.27600      0.906490E+009
   0.27700      0.906050E+009
   0.27800      0.905610E+009
   0.27900      0.905171E+009
   0.28000      0.904732E+009
   0.28100      0.904293E+009
   0.28200      0.903854E+009
   0.28300      0.903415E+009
   0.28400      0.902977E+009
   0.28500      0.902539E+009
   0.28600      0.902101E+009
   0.28700      0.901664E+009
   0.28800      0.901227E+009
   0.28900      0.900790E+009
   0.29000      0.900353E+009
   0.29100      0.899918E+009
   0.29200      0.899506E+009
   0.29300      0.899095E+009
   0.29400      0.898683E+009
   0.29500      0.898272E+009
   0.29600      0.897861E+009
   0.29700      0.897450E+009
   0.29800      0.897040E+009
   0.29900      0.896629E+009
   0.30000      0.896219E+009
   0.30100      0.895809E+009
   0.30200      0.895399E+009
   0.30300      0.894990E+009
   0.30400      0.894581E+009
   0.30500      0.894171E+009
   0.30600      0.893769E+009
   0.30700      0.893261E+009
   0.30800      0.892744E+009
   0.30900      0.891927E+009
   0.31000      0.891060E+009
   0.31100      0.890192E+009
   0.31200      0.889330E+009
   0.31300      0.888468E+009
   0.31400      0.887606E+009
   0.31500      0.886744E+009
   0.31600      0.885881E+009
   0.31700      0.885019E+009
   0.31800      0.884156E+009
   0.31900      0.883293E+009
   0.32000      0.882430E+009
   0.32100      0.881568E+009
   0.32200      0.880706E+009
   0.32300      0.879844E+009
   0.32400      0.878983E+009
   0.32500      0.878122E+009
   0.32600      0.877262E+009
   0.32700      0.876401E+009
   0.32800      0.875542E+009
   0.32900      0.874684E+009
   0.33000      0.873825E+009
   0.33100      0.872967E+009
   0.33200      0.872110E+009
   0.33300      0.871253E+009
   0.33400      0.870398E+009
   0.33500      0.869542E+009
   0.33600      0.868687E+009
   0.33700      0.867833E+009
   0.33800      0.866979E+009
   0.33900      0.866113E+009
   0.34000      0.865196E+009
   0.34100      0.864207E+009
   0.34200      0.863254E+009
   0.34300      0.862303E+009
   0.34400      0.861280E+009
   0.34500      0.860088E+009
   0.34600      0.858969E+009
   0.34700      0.857855E+009
   0.34800      0.856742E+009
   0.34900      0.855630E+009
   0.35000      0.854519E+009
   0.35100      0.853410E+009
   0.35200      0.852302E+009
   0.35300      0.851195E+009
   0.35400      0.850089E+009
   0.35500      0.848985E+009
   0.35600      0.847885E+009
   0.35700      0.846791E+009
   0.35800      0.845685E+009
   0.35900      0.844588E+009
   0.36000      0.843492E+009
   0.36100      0.842398E+009
   0.36200      0.841303E+009
   0.36300      0.840197E+009
   0.36400      0.839052E+009
   0.36500      0.837932E+009
   0.36600      0.836733E+009
   0.36700      0.835364E+009
   0.36800      0.833910E+009
   0.36900      0.832520E+009
   0.37000      0.831103E+009
   0.37100      0.829689E+009
   0.37200      0.828277E+009
   0.37300      0.826868E+009
   0.37400      0.825461E+009
   0.37500      0.824059E+009
   0.37600      0.822659E+009
   0.37700      0.821262E+009
   0.37800      0.819868E+009
   0.37900      0.818477E+009
   0.38000      0.817089E+009
   0.38100      0.815704E+009
   0.38200      0.814322E+009
   0.38300      0.812943E+009
   0.38400      0.811567E+009
   0.38500      0.810194E+009
   0.38600      0.808824E+009
   0.38700      0.807457E+009
   0.38800      0.806028E+009
   0.38900      0.804576E+009
   0.39000      0.803114E+009
   0.39100      0.801533E+009
   0.39200      0.799967E+009
   0.39300      0.798413E+009
   0.39400      0.796843E+009
   0.39500      0.795281E+009
   0.39600      0.793725E+009
   0.39700      0.792173E+009
   0.39800      0.790625E+009
   0.39900      0.789081E+009
   0.40000      0.787540E+009
   0.40100      0.786004E+009
   0.40200      0.784472E+009
   0.40300      0.782944E+009
   0.40400      0.781409E+009
   0.40500      0.779859E+009
   0.40600      0.778273E+009
   0.40700      0.776530E+009
   0.40800      0.774707E+009
   0.40900      0.772859E+009
   0.41000      0.771041E+009
   0.41100      0.769233E+009
   0.41200      0.767431E+009
   0.41300      0.765634E+009
   0.41400      0.763844E+009
   0.41500      0.762059E+009
   0.41600      0.760281E+009
   0.41700      0.758509E+009
   0.41800      0.756743E+009
   0.41900      0.754983E+009
   0.42000      0.753228E+009
   0.42100      0.751480E+009
   0.42200      0.749718E+009
   0.42300      0.747912E+009
   0.42400      0.746054E+009
   0.42500      0.744128E+009
   0.42600      0.742171E+009
   0.42700      0.740248E+009
   0.42800      0.738334E+009
   0.42900      0.736428E+009
   0.43000      0.734529E+009
   0.43100      0.732638E+009
   0.43200      0.730753E+009
   0.43300      0.728876E+009
   0.43400      0.727005E+009
   0.43500      0.725141E+009
   0.43600      0.723221E+009
   0.43700      0.721093E+009
   0.43800      0.718904E+009
   0.43900      0.716754E+009
   0.44000      0.714623E+009
   0.44100      0.712504E+009
   0.44200      0.710394E+009
   0.44300      0.708293E+009
   0.44400      0.706203E+009
   0.44500      0.704122E+009
   0.44600      0.702051E+009
   0.44700      0.699990E+009
   0.44800      0.697932E+009
   0.44900      0.695824E+009
   0.45000      0.693628E+009
   0.45100      0.691389E+009
   0.45200      0.689160E+009
   0.45300      0.686952E+009
   0.45400      0.684758E+009
   0.45500      0.682574E+009
   0.45600      0.680402E+009
   0.45700      0.678242E+009
   0.45800      0.676092E+009
   0.45900      0.673926E+009
   0.46000      0.671538E+009
   0.46100      0.669076E+009
   0.46200      0.666656E+009
   0.46300      0.664260E+009
   0.46400      0.661882E+009
   0.46500      0.659518E+009
   0.46600      0.657168E+009
   0.46700      0.654832E+009
   0.46800      0.652512E+009
   0.46900      0.650177E+009
   0.47000      0.647766E+009
   0.47100      0.645279E+009
   0.47200      0.642795E+009
   0.47300      0.640341E+009
   0.47400      0.637906E+009
   0.47500      0.635488E+009
   0.47600      0.633087E+009
   0.47700      0.630701E+009
   0.47800      0.628186E+009
   0.47900      0.625519E+009
   0.48000      0.622851E+009
   0.48100      0.620223E+009
   0.48200      0.617621E+009
   0.48300      0.615040E+009
   0.48400      0.612480E+009
   0.48500      0.609940E+009
   0.48600      0.607373E+009
   0.48700      0.604688E+009
   0.48800      0.601978E+009
   0.48900      0.599310E+009
   0.49000      0.596669E+009
   0.49100      0.594052E+009
   0.49200      0.591457E+009
   0.49300      0.588778E+009
   0.49400      0.585922E+009
   0.49500      0.583050E+009
   0.49600      0.580237E+009
   0.49700      0.577456E+009
   0.49800      0.574704E+009
   0.49900      0.571980E+009
   0.50000      0.569183E+009
   0.50100      0.566298E+009
   0.50200      0.563429E+009
   0.50300      0.560607E+009
   0.50400      0.557818E+009
   0.50500      0.555060E+009
   0.50600      0.552106E+009
   0.50700      0.549058E+009
   0.50800      0.546064E+009
   0.50900      0.543121E+009
   0.51000      0.540218E+009
   0.51100      0.537322E+009
   0.51200      0.534306E+009
   0.51300      0.531271E+009
   0.51400      0.528298E+009
   0.51500      0.525369E+009
   0.51600      0.522423E+009
   0.51700      0.519273E+009
   0.51800      0.516100E+009
   0.51900      0.513015E+009
   0.52000      0.509980E+009
   0.52100      0.506924E+009
   0.52200      0.503771E+009
   0.52300      0.500638E+009
   0.52400      0.497576E+009
   0.52500      0.494523E+009
   0.52600      0.491263E+009
   0.52700      0.487984E+009
   0.52800      0.484809E+009
   0.52900      0.481677E+009
   0.53000      0.478437E+009
   0.53100      0.475191E+009
   0.53200      0.472032E+009
   0.53300      0.468833E+009
   0.53400      0.465478E+009
   0.53500      0.462150E+009
   0.53600      0.458928E+009
   0.53700      0.455621E+009
   0.53800      0.452297E+009
   0.53900      0.449063E+009
   0.54000      0.445733E+009
   0.54100      0.442307E+009
   0.54200      0.438960E+009
   0.54300      0.435614E+009
   0.54400      0.432235E+009
   0.54500      0.428928E+009
   0.54600      0.425514E+009
   0.54700      0.422038E+009
   0.54800      0.418666E+009
   0.54900      0.415221E+009
   0.55000      0.411818E+009
   0.55100      0.408369E+009
   0.55200      0.404854E+009
   0.55300      0.401379E+009
   0.55400      0.397894E+009
   0.55500      0.394441E+009
   0.55600      0.390862E+009
   0.55700      0.387284E+009
   0.55800      0.383711E+009
   0.55900      0.380100E+009
   0.56000      0.376425E+009
   0.56100      0.372665E+009
   0.56200      0.368808E+009
   0.56300      0.364638E+009
   0.56400      0.360093E+009
   0.56500      0.353245E+009
   0.56506      0.353040E+009
   0.56506      0.353040E+009
   0.56506      0.353040E+009


