
          


        
        0		0           
   0.20000E-01  0.100000E-004
   0.40000E-01  0.200000E-004
   0.60000E-01  0.300000E-004
   0.80000E-01  0.400000E-004
   0.10000      0.500000E-004
   0.12000      0.600000E-004
   0.14000      0.700000E-004
   0.16000      0.800000E-004
   0.18000      0.900000E-004
   0.20000      0.100000E-003
   0.22000      0.110000E-003
   0.24000      0.120000E-003
   0.26000      0.130000E-003
   0.28000      0.140000E-003
   0.30000      0.150000E-003
   0.32000      0.160000E-003
   0.34000      0.170000E-003
   0.36000      0.180000E-003
   0.38000      0.190000E-003
   0.40000      0.200000E-003

          


        
                   
   0.42000      0.210000E-003
   0.44000      0.220000E-003
   0.46000      0.230000E-003
   0.48000      0.240000E-003
   0.50000      0.250000E-003
   0.52000      0.260000E-003
   0.54000      0.270000E-003
   0.56000      0.280000E-003
   0.58000      0.290000E-003
   0.60000      0.300000E-003
   0.62000      0.310000E-003
   0.64000      0.320000E-003
   0.66000      0.330000E-003
   0.68000      0.340000E-003
   0.70000      0.350000E-003
   0.72000      0.360000E-003
   0.74000      0.370000E-003
   0.76000      0.380000E-003
   0.78000      0.390000E-003
   0.80000      0.400000E-003

          


        
                   
   0.82000      0.410000E-003
   0.84000      0.420000E-003
   0.84900      0.424500E-003
   0.85800      0.429000E-003
   0.85837      0.429185E-003


