	0	    0  
   0.10000E-02   16.1330     
   0.20000E-02   32.2660     
   0.30000E-02   48.3989     
   0.40000E-02   64.5319     
   0.50000E-02   80.6649     
   0.60000E-02   96.7979     
   0.70000E-02   112.931     
   0.80000E-02   129.064     
   0.90000E-02   145.197     
   0.10000E-01   161.330     
   0.11000E-01   177.463     
   0.12000E-01   193.596     
   0.13000E-01   209.729     
   0.14000E-01   225.862     
   0.15000E-01   241.995     
   0.16000E-01   258.128     
   0.17000E-01   274.261     
   0.18000E-01   290.394     
   0.19000E-01   306.527     
   0.20000E-01   322.660     
   0.21000E-01   338.792     
   0.22000E-01   354.925     
   0.23000E-01   371.058     
   0.24000E-01   387.191     
   0.25000E-01   403.324     
   0.26000E-01   419.457     
   0.27000E-01   435.590     
   0.28000E-01   451.723     
   0.29000E-01   467.856     
   0.30000E-01   483.989     
   0.31000E-01   500.122     
   0.32000E-01   516.255     
   0.33000E-01   532.388     
   0.34000E-01   548.521     
   0.35000E-01   564.654     
   0.36000E-01   580.787     
   0.37000E-01   596.920     
   0.38000E-01   613.053     
   0.39000E-01   629.186     
   0.40000E-01   645.319     
   0.41000E-01   661.452     
   0.42000E-01   677.585     
   0.43000E-01   693.718     
   0.44000E-01   709.851     
   0.45000E-01   725.984     
   0.46000E-01   742.117     
   0.47000E-01   758.250     
   0.48000E-01   774.383     
   0.49000E-01   790.516     
   0.50000E-01   806.649     
   0.51000E-01   822.782     
   0.52000E-01   838.915     
   0.53000E-01   855.048     
   0.54000E-01   871.181     
   0.55000E-01   887.314     
   0.56000E-01   903.447     
   0.57000E-01   919.580     
   0.58000E-01   935.713     
   0.59000E-01   951.846     
   0.60000E-01   967.979     
   0.61000E-01   984.111     
   0.62000E-01   1000.24     
   0.63000E-01   1016.38     
   0.64000E-01   1032.51     
   0.65000E-01   1048.64     
   0.66000E-01   1064.78     
   0.67000E-01   1080.91     
   0.68000E-01   1097.04     
   0.69000E-01   1113.18     
   0.70000E-01   1129.31     
   0.71000E-01   1145.44     
   0.72000E-01   1161.57     
   0.73000E-01   1177.71     
   0.74000E-01   1193.84     
   0.75000E-01   1209.97     
   0.76000E-01   1226.11     
   0.77000E-01   1242.24     
   0.78000E-01   1258.37     
   0.79000E-01   1274.51     
   0.80000E-01   1290.64     
   0.81000E-01   1306.77     
   0.82000E-01   1322.90     
   0.83000E-01   1339.04     
   0.84000E-01   1355.17     
   0.85000E-01   1371.30     
   0.86000E-01   1387.44     
   0.87000E-01   1403.57     
   0.88000E-01   1419.70     
   0.89000E-01   1435.83     
   0.90000E-01   1451.97     
   0.91000E-01   1468.10     
   0.92000E-01   1484.23     
   0.93000E-01   1500.37     
   0.94000E-01   1516.50     
   0.95000E-01   1532.63     
   0.96000E-01   1548.77     
   0.97000E-01   1564.90     
   0.98000E-01   1581.03     
   0.99000E-01   1597.16     
   0.10000       1613.30     
   0.10100       1629.43     
   0.10200       1645.56     
   0.10300       1661.70     
   0.10400       1677.83     
   0.10500       1693.96     
   0.10600       1710.10     
   0.10700       1726.23     
   0.10800       1742.36     
   0.10900       1758.49     
   0.11000       1774.63     
   0.11100       1790.76     
   0.11200       1806.89     
   0.11300       1823.03     
   0.11400       1839.16     
   0.11500       1855.29     
   0.11600       1871.43     
   0.11700       1887.56     
   0.11800       1903.69     
   0.11900       1919.82     
   0.12000       1935.96     
   0.12100       1952.09     
   0.12200       1968.22     
   0.12300       1984.36     
   0.12400       2000.49     
   0.12500       2016.62     
   0.12600       2032.75     
   0.12700       2048.89     
   0.12800       2065.02     
   0.12900       2081.15     
   0.13000       2097.29     
   0.13100       2113.42     
   0.13200       2129.55     
   0.13300       2145.69     
   0.13400       2161.82     
   0.13500       2177.95     
   0.13600       2194.08     
   0.13700       2210.22     
   0.13800       2226.35     
   0.13900       2242.48     
   0.14000       2258.62     
   0.14100       2274.75     
   0.14200       2290.88     
   0.14300       2307.02     
   0.14400       2323.15     
   0.14500       2339.28     
   0.14600       2355.41     
   0.14700       2371.55     
   0.14800       2387.68     
   0.14900       2403.81     
   0.15000       2419.95     
   0.15100       2436.08     
   0.15200       2452.21     
   0.15300       2468.35     
   0.15400       2484.48     
   0.15500       2500.61     
   0.15600       2516.74     
   0.15700       2532.88     
   0.15800       2549.01     
   0.15900       2565.14     
   0.16000       2581.28     
   0.16100       2597.41     
   0.16200       2613.54     
   0.16300       2629.67     
   0.16400       2645.81     
   0.16500       2661.94     
   0.16600       2678.07     
   0.16700       2694.21     
   0.16800       2710.34     
   0.16900       2726.47     
   0.17000       2742.61     
   0.17100       2758.74     
   0.17200       2774.87     
   0.17300       2791.00     
   0.17400       2807.14     
   0.17500       2823.27     
   0.17600       2839.40     
   0.17700       2855.54     
   0.17800       2871.67     
   0.17900       2887.80     
   0.18000       2903.94     
   0.18100       2920.07     
   0.18200       2936.20     
   0.18300       2952.33     
   0.18400       2968.47     
   0.18500       2984.60     
   0.18600       3000.73     
   0.18700       3016.87     
   0.18800       3033.00     
   0.18900       3049.13     
   0.19000       3065.27     
   0.19100       3081.40     
   0.19200       3097.49     
   0.19300       3113.55     
   0.19400       3129.60     
   0.19500       3145.66     
   0.19600       3161.71     
   0.19700       3177.61     
   0.19800       3193.49     
   0.19900       3209.37     
   0.20000       3225.26     
   0.20100       3241.14     
   0.20200       3257.03     
   0.20300       3272.91     
   0.20400       3288.79     
   0.20500       3304.68     
   0.20600       3320.56     
   0.20700       3336.45     
   0.20800       3352.33     
   0.20900       3368.22     
   0.21000       3384.10     
   0.21100       3399.99     
   0.21200       3415.87     
   0.21300       3431.75     
   0.21400       3447.64     
   0.21500       3463.52     
   0.21600       3479.41     
   0.21700       3495.29     
   0.21800       3511.18     
   0.21900       3527.06     
   0.22000       3542.94     
   0.22100       3558.83     
   0.22200       3574.71     
   0.22300       3590.60     
   0.22400       3606.48     
   0.22500       3622.36     
   0.22600       3638.25     
   0.22700       3654.13     
   0.22800       3670.02     
   0.22900       3685.90     
   0.23000       3701.78     
   0.23100       3717.67     
   0.23200       3733.55     
   0.23300       3749.43     
   0.23400       3765.32     
   0.23500       3781.20     
   0.23600       3797.09     
   0.23700       3812.97     
   0.23800       3828.85     
   0.23900       3844.74     
   0.24000       3860.62     
   0.24100       3876.50     
   0.24200       3892.39     
   0.24300       3908.27     
   0.24400       3924.16     
   0.24500       3940.04     
   0.24600       3955.92     
   0.24700       3971.81     
   0.24800       3987.69     
   0.24900       4003.57     
   0.25000       4019.46     
   0.25100       4035.34     
   0.25200       4051.22     
   0.25300       4067.11     
   0.25400       4082.99     
   0.25500       4098.88     
   0.25600       4114.76     
   0.25700       4130.64     
   0.25800       4146.53     
   0.25900       4162.38     
   0.26000       4178.17     
   0.26100       4193.96     
   0.26200       4209.76     
   0.26300       4225.55     
   0.26400       4241.34     
   0.26500       4257.14     
   0.26600       4272.93     
   0.26700       4288.73     
   0.26800       4304.49     
   0.26900       4320.13     
   0.27000       4335.75     
   0.27100       4351.38     
   0.27200       4367.02     
   0.27300       4382.65     
   0.27400       4398.28     
   0.27500       4413.92     
   0.27600       4429.55     
   0.27700       4445.18     
   0.27800       4460.81     
   0.27900       4476.45     
   0.28000       4492.08     
   0.28100       4507.71     
   0.28200       4523.35     
   0.28300       4538.98     
   0.28400       4554.61     
   0.28500       4570.25     
   0.28600       4585.88     
   0.28700       4601.51     
   0.28800       4617.14     
   0.28900       4632.78     
   0.29000       4648.41     
   0.29100       4664.04     
   0.29200       4679.65     
   0.29300       4695.25     
   0.29400       4710.85     
   0.29500       4726.46     
   0.29600       4742.06     
   0.29700       4757.67     
   0.29800       4773.27     
   0.29900       4788.87     
   0.30000       4804.48     
   0.30100       4820.08     
   0.30200       4835.69     
   0.30300       4851.29     
   0.30400       4866.89     
   0.30500       4882.50     
   0.30600       4898.08     
   0.30700       4913.53     
   0.30800       4928.98     
   0.30900       4944.20     
   0.31000       4959.38     
   0.31100       4974.56     
   0.31200       4989.74     
   0.31300       5004.93     
   0.31400       5020.12     
   0.31500       5035.30     
   0.31600       5050.49     
   0.31700       5065.67     
   0.31800       5080.86     
   0.31900       5096.05     
   0.32000       5111.23     
   0.32100       5126.42     
   0.32200       5141.61     
   0.32300       5156.79     
   0.32400       5171.98     
   0.32500       5187.16     
   0.32600       5202.35     
   0.32700       5217.54     
   0.32800       5232.72     
   0.32900       5247.91     
   0.33000       5263.10     
   0.33100       5278.29     
   0.33200       5293.47     
   0.33300       5308.66     
   0.33400       5323.85     
   0.33500       5339.04     
   0.33600       5354.22     
   0.33700       5369.41     
   0.33800       5384.60     
   0.33900       5399.76     
   0.34000       5414.83     
   0.34100       5429.87     
   0.34200       5444.92     
   0.34300       5459.98     
   0.34400       5474.86     
   0.34500       5489.65     
   0.34600       5504.47     
   0.34700       5519.30     
   0.34800       5534.12     
   0.34900       5548.95     
   0.35000       5563.77     
   0.35100       5578.60     
   0.35200       5593.42     
   0.35300       5608.25     
   0.35400       5623.08     
   0.35500       5637.90     
   0.35600       5652.72     
   0.35700       5667.54     
   0.35800       5682.35     
   0.35900       5697.16     
   0.36000       5711.97     
   0.36100       5726.79     
   0.36200       5741.59     
   0.36300       5756.37     
   0.36400       5771.14     
   0.36500       5785.92     
   0.36600       5800.55     
   0.36700       5814.89     
   0.36800       5829.08     
   0.36900       5843.30     
   0.37000       5857.51     
   0.37100       5871.73     
   0.37200       5885.95     
   0.37300       5900.16     
   0.37400       5914.38     
   0.37500       5928.60     
   0.37600       5942.82     
   0.37700       5957.04     
   0.37800       5971.26     
   0.37900       5985.48     
   0.38000       5999.70     
   0.38100       6013.93     
   0.38200       6028.15     
   0.38300       6042.38     
   0.38400       6056.60     
   0.38500       6070.83     
   0.38600       6085.06     
   0.38700       6099.29     
   0.38800       6113.37     
   0.38900       6127.42     
   0.39000       6141.43     
   0.39100       6155.20     
   0.39200       6168.93     
   0.39300       6182.68     
   0.39400       6196.43     
   0.39500       6210.19     
   0.39600       6223.94     
   0.39700       6237.70     
   0.39800       6251.45     
   0.39900       6265.21     
   0.40000       6278.97     
   0.40100       6292.73     
   0.40200       6306.50     
   0.40300       6320.26     
   0.40400       6334.00     
   0.40500       6347.70     
   0.40600       6361.30     
   0.40700       6374.45     
   0.40800       6387.40     
   0.40900       6400.34     
   0.41000       6413.30     
   0.41100       6426.28     
   0.41200       6439.25     
   0.41300       6452.23     
   0.41400       6465.20     
   0.41500       6478.19     
   0.41600       6491.17     
   0.41700       6504.16     
   0.41800       6517.15     
   0.41900       6530.14     
   0.42000       6543.14     
   0.42100       6556.14     
   0.42200       6569.08     
   0.42300       6581.87     
   0.42400       6594.49     
   0.42500       6606.89     
   0.42600       6619.25     
   0.42700       6631.65     
   0.42800       6644.05     
   0.42900       6656.46     
   0.43000       6668.87     
   0.43100       6681.29     
   0.43200       6693.71     
   0.43300       6706.13     
   0.43400       6718.56     
   0.43500       6730.99     
   0.43600       6743.20     
   0.43700       6754.66     
   0.43800       6766.00     
   0.43900       6777.41     
   0.44000       6788.84     
   0.44100       6800.27     
   0.44200       6811.72     
   0.44300       6823.17     
   0.44400       6834.62     
   0.44500       6846.09     
   0.44600       6857.57     
   0.44700       6869.05     
   0.44800       6880.51     
   0.44900       6891.75     
   0.45000       6902.62     
   0.45100       6913.33     
   0.45200       6924.05     
   0.45300       6934.80     
   0.45400       6945.56     
   0.45500       6956.33     
   0.45600       6967.11     
   0.45700       6977.90     
   0.45800       6988.71     
   0.45900       6999.40     
   0.46000       7009.08     
   0.46100       7018.51     
   0.46200       7028.05     
   0.46300       7037.61     
   0.46400       7047.20     
   0.46500       7056.81     
   0.46600       7066.43     
   0.46700       7076.07     
   0.46800       7085.73     
   0.46900       7095.26     
   0.47000       7104.39     
   0.47100       7113.11     
   0.47200       7121.82     
   0.47300       7130.60     
   0.47400       7139.40     
   0.47500       7148.22     
   0.47600       7157.06     
   0.47700       7165.93     
   0.47800       7174.04     
   0.47900       7181.33     
   0.48000       7188.59     
   0.48100       7195.94     
   0.48200       7203.34     
   0.48300       7210.78     
   0.48400       7218.25     
   0.48500       7225.75     
   0.48600       7233.01     
   0.48700       7239.49     
   0.48800       7245.82     
   0.48900       7252.26     
   0.49000       7258.75     
   0.49100       7265.29     
   0.49200       7271.88     
   0.49300       7277.81     
   0.49400       7282.54     
   0.49500       7287.15     
   0.49600       7291.95     
   0.49700       7296.83     
   0.49800       7301.77     
   0.49900       7306.78     
   0.50000       7311.13     
   0.50100       7314.79     
   0.50200       7318.45     
   0.50300       7322.26     
   0.50400       7326.16     
   0.50500       7330.13     
   0.50600       7332.44     
   0.50700       7334.01     
   0.50800       7335.79     
   0.50900       7337.73     
   0.51000       7339.80     
   0.51100       7341.74     
   0.51200       7342.48     
   0.51300       7342.97     
   0.51400       7343.71     
   0.51500       7344.60     
   0.51600       7345.11     
   0.51700       7343.54     
   0.51800       7341.71     
   0.51900       7340.30     
   0.52000       7339.09     
   0.52100       7337.37     
   0.52200       7334.46     
   0.52300       7331.54     
   0.52400       7328.96     
   0.52500       7326.14     
   0.52600       7320.78     
   0.52700       7315.12     
   0.52800       7310.05     
   0.52900       7305.09     
   0.53000       7298.44     
   0.53100       7291.51     
   0.53200       7285.10     
   0.53300       7277.70     
   0.53400       7267.98     
   0.53500       7258.27     
   0.53600       7249.28     
   0.53700       7238.56     
   0.53800       7227.26     
   0.53900       7216.58     
   0.54000       7203.79     
   0.54100       7189.21     
   0.54200       7175.18     
   0.54300       7160.26     
   0.54400       7144.20     
   0.54500       7128.65     
   0.54600       7110.25     
   0.54700       7090.36     
   0.54800       7071.29     
   0.54900       7049.71     
   0.55000       7028.36     
   0.55100       7004.66     
   0.55200       6978.90     
   0.55300       6952.79     
   0.55400       6925.01     
   0.55500       6896.79     
   0.55600       6864.08     
   0.55700       6830.47     
   0.55800       6794.93     
   0.55900       6756.68     
   0.56000       6715.03     
   0.56100       6668.94     
   0.56200       6617.83     
   0.56300       6555.82     
   0.56400       6478.30     
   0.56500       6326.50     
   0.56506       6364.87     
   0.56506       6368.32     
   0.56506       6369.87     
   

