	0		0
   0.10000E-02  0.312219E-003
   0.20000E-02  0.624438E-003
   0.30000E-02  0.936657E-003
   0.40000E-02  0.124888E-002
   0.50000E-02  0.156109E-002
   0.60000E-02  0.187331E-002
   0.70000E-02  0.218553E-002
   0.80000E-02  0.249775E-002
   0.90000E-02  0.280997E-002
   0.10000E-01  0.312219E-002
   0.11000E-01  0.343441E-002
   0.12000E-01  0.374663E-002
   0.13000E-01  0.405885E-002
   0.14000E-01  0.437106E-002
   0.15000E-01  0.468328E-002
   0.16000E-01  0.499550E-002
   0.17000E-01  0.530772E-002
   0.18000E-01  0.561994E-002
   0.19000E-01  0.593216E-002
   0.20000E-01  0.624438E-002

   0.21000E-01  0.655660E-002
   0.22000E-01  0.686882E-002
   0.23000E-01  0.718103E-002
   0.24000E-01  0.749325E-002
   0.25000E-01  0.780547E-002
   0.26000E-01  0.811769E-002
   0.27000E-01  0.842991E-002
   0.28000E-01  0.874213E-002
   0.29000E-01  0.905435E-002
   0.30000E-01  0.936657E-002
   0.31000E-01  0.967878E-002
   0.32000E-01  0.999100E-002
   0.33000E-01  0.103032E-001
   0.34000E-01  0.106154E-001
   0.35000E-01  0.109277E-001
   0.36000E-01  0.112399E-001
   0.37000E-01  0.115521E-001
   0.38000E-01  0.118643E-001
   0.39000E-01  0.121765E-001
   0.40000E-01  0.124888E-001

   0.41000E-01  0.128010E-001
   0.42000E-01  0.131132E-001
   0.43000E-01  0.134295E-001
   0.44000E-01  0.138893E-001
   0.45000E-01  0.143493E-001
   0.46000E-01  0.148091E-001
   0.47000E-01  0.152690E-001
   0.48000E-01  0.157884E-001
   0.49000E-01  0.164757E-001
   0.50000E-01  0.171795E-001
   0.51000E-01  0.178791E-001
   0.52000E-01  0.185740E-001
   0.53000E-01  0.192693E-001
   0.54000E-01  0.199652E-001
   0.55000E-01  0.206613E-001
   0.56000E-01  0.213575E-001
   0.57000E-01  0.220537E-001
   0.58000E-01  0.227501E-001
   0.59000E-01  0.234465E-001
   0.60000E-01  0.241430E-001

   0.61000E-01  0.248396E-001
   0.62000E-01  0.255362E-001
   0.63000E-01  0.262329E-001
   0.64000E-01  0.270274E-001
   0.65000E-01  0.278495E-001
   0.66000E-01  0.286724E-001
   0.67000E-01  0.294947E-001
   0.68000E-01  0.303164E-001
   0.69000E-01  0.311382E-001
   0.70000E-01  0.319811E-001
   0.71000E-01  0.328334E-001
   0.72000E-01  0.336856E-001
   0.73000E-01  0.345378E-001
   0.74000E-01  0.353900E-001
   0.75000E-01  0.362533E-001
   0.76000E-01  0.371479E-001
   0.77000E-01  0.381444E-001
   0.78000E-01  0.391603E-001
   0.79000E-01  0.402932E-001
   0.80000E-01  0.414697E-001

   0.81000E-01  0.427341E-001
   0.82000E-01  0.441487E-001
   0.83000E-01  0.455921E-001
   0.84000E-01  0.470206E-001
   0.85000E-01  0.484381E-001
   0.86000E-01  0.498529E-001
   0.87000E-01  0.512693E-001
   0.88000E-01  0.526844E-001
   0.89000E-01  0.541375E-001
   0.90000E-01  0.556768E-001
   0.91000E-01  0.572196E-001
   0.92000E-01  0.587461E-001
   0.93000E-01  0.602717E-001
   0.94000E-01  0.618124E-001
   0.95000E-01  0.633928E-001
   0.96000E-01  0.650581E-001
   0.97000E-01  0.667091E-001
   0.98000E-01  0.684651E-001
   0.99000E-01  0.703106E-001
   0.10000      0.723317E-001

   0.10100      0.743308E-001
   0.10200      0.763561E-001
   0.10300      0.783671E-001
   0.10400      0.803812E-001
   0.10500      0.823822E-001
   0.10600      0.844312E-001
   0.10700      0.865421E-001
   0.10800      0.886376E-001
   0.10900      0.907415E-001
   0.11000      0.928593E-001
   0.11100      0.949911E-001
   0.11200      0.971974E-001
   0.11300      0.994659E-001
   0.11400      0.101827     
   0.11500      0.104330     
   0.11600      0.106857     
   0.11700      0.109418     
   0.11800      0.111951     
   0.11900      0.114486     
   0.12000      0.117032     

   0.12100      0.119643     
   0.12200      0.122277     
   0.12300      0.124898     
   0.12400      0.127530     
   0.12500      0.130220     
   0.12600      0.132949     
   0.12700      0.135807     
   0.12800      0.138807     
   0.12900      0.141837     
   0.13000      0.144898     
   0.13100      0.147923     
   0.13200      0.150949     
   0.13300      0.154023     
   0.13400      0.157145     
   0.13500      0.160238     
   0.13600      0.163360     
   0.13700      0.166535     
   0.13800      0.169756     
   0.13900      0.173077     
   0.14000      0.176586     

   0.14100      0.180118     
   0.14200      0.183633     
   0.14300      0.187126     
   0.14400      0.190642     
   0.14500      0.194209     
   0.14600      0.197766     
   0.14700      0.201336     
   0.14800      0.204971     
   0.14900      0.208651     
   0.15000      0.212468     
   0.15100      0.216435     
   0.15200      0.220391     
   0.15300      0.224336     
   0.15400      0.228250     
   0.15500      0.232229     
   0.15600      0.236236     
   0.15700      0.240210     
   0.15800      0.244237     
   0.15900      0.248324     
   0.16000      0.252534     

   0.16100      0.256922     
   0.16200      0.261277     
   0.16300      0.265630     
   0.16400      0.269957     
   0.16500      0.274331     
   0.16600      0.278716     
   0.16700      0.283076     
   0.16800      0.287505     
   0.16900      0.292032     
   0.17000      0.296685     
   0.17100      0.301489     
   0.17200      0.306178     
   0.17300      0.310873     
   0.17400      0.315583     
   0.17500      0.320328     
   0.17600      0.325029     
   0.17700      0.329807     
   0.17800      0.334651     
   0.17900      0.339639     
   0.18000      0.344767     

   0.18100      0.349792     
   0.18200      0.354806     
   0.18300      0.359842     
   0.18400      0.364894     
   0.18500      0.369926     
   0.18600      0.375006     
   0.18700      0.380196     
   0.18800      0.385553     
   0.18900      0.390992     
   0.19000      0.396283     
   0.19100      0.401624     
   0.19200      0.406937     
   0.19300      0.412239     
   0.19400      0.417589     
   0.19500      0.423041     
   0.19600      0.428658     
   0.19700      0.434353     
   0.19800      0.439924     
   0.19900      0.445528     
   0.20000      0.451101     

   0.20100      0.456665     
   0.20200      0.462279     
   0.20300      0.468050     
   0.20400      0.473948     
   0.20500      0.479842     
   0.20600      0.485651     
   0.20700      0.491480     
   0.20800      0.497295     
   0.20900      0.503132     
   0.21000      0.509032     
   0.21100      0.515112     
   0.21200      0.521298     
   0.21300      0.527334     
   0.21400      0.533413     
   0.21500      0.539428     
   0.21600      0.545483     
   0.21700      0.551596     
   0.21800      0.557886     
   0.21900      0.564288     
   0.22000      0.570509     

   0.22100      0.576791     
   0.22200      0.583010     
   0.22300      0.589263     
   0.22400      0.595582     
   0.22500      0.602113     
   0.22600      0.608689     
   0.22700      0.615121     
   0.22800      0.621558     
   0.22900      0.627946     
   0.23000      0.634377     
   0.23100      0.641010     
   0.23200      0.647751     
   0.23300      0.654390     
   0.23400      0.660999     
   0.23500      0.667563     
   0.23600      0.674138     
   0.23700      0.680772     
   0.23800      0.687617     
   0.23900      0.694511     
   0.24000      0.701250     

   0.24100      0.707987     
   0.24200      0.714673     
   0.24300      0.721398     
   0.24400      0.728276     
   0.24500      0.735303     
   0.24600      0.742183     
   0.24700      0.749038     
   0.24800      0.755800     
   0.24900      0.762603     
   0.25000      0.769564     
   0.25100      0.776617     
   0.25200      0.783625     
   0.25300      0.790549     
   0.25400      0.797426     
   0.25500      0.804286     
   0.25600      0.811185     
   0.25700      0.818248     
   0.25800      0.825441     
   0.25900      0.832413     
   0.26000      0.839367     

   0.26100      0.846276     
   0.26200      0.853192     
   0.26300      0.860260     
   0.26400      0.867502     
   0.26500      0.874560     
   0.26600      0.881570     
   0.26700      0.888530     
   0.26800      0.895491     
   0.26900      0.902583     
   0.27000      0.909874     
   0.27100      0.916980     
   0.27200      0.924027     
   0.27300      0.931018     
   0.27400      0.938010     
   0.27500      0.945129     
   0.27600      0.952409     
   0.27700      0.959616     
   0.27800      0.966735     
   0.27900      0.973738     
   0.28000      0.980761     

   0.28100      0.987934     
   0.28200      0.995222     
   0.28300       1.00249     
   0.28400       1.00964     
   0.28500       1.01667     
   0.28600       1.02372     
   0.28700       1.03089     
   0.28800       1.03823     
   0.28900       1.04552     
   0.29000       1.05271     
   0.29100       1.05978     
   0.29200       1.06683     
   0.29300       1.07404     
   0.29400       1.08138     
   0.29500       1.08869     
   0.29600       1.09590     
   0.29700       1.10295     
   0.29800       1.11001     
   0.29900       1.11722     
   0.30000       1.12456     

   0.30100       1.13187     
   0.30200       1.13909     
   0.30300       1.14614     
   0.30400       1.15319     
   0.30500       1.16037     
   0.30600       1.16766     
   0.30700       1.17498     
   0.30800       1.18218     
   0.30900       1.18921     
   0.31000       1.19624     
   0.31100       1.20339     
   0.31200       1.21061     
   0.31300       1.21794     
   0.31400       1.22510     
   0.31500       1.23215     
   0.31600       1.23917     
   0.31700       1.24618     
   0.31800       1.25334     
   0.31900       1.26067     
   0.32000       1.26779     

   0.32100       1.27485     
   0.32200       1.28186     
   0.32300       1.28887     
   0.32400       1.29587     
   0.32500       1.30319     
   0.32600       1.31028     
   0.32700       1.31731     
   0.32800       1.32429     
   0.32900       1.33126     
   0.33000       1.33828     
   0.33100       1.34548     
   0.33200       1.35266     
   0.33300       1.35974     
   0.33400       1.36666     
   0.33500       1.37357     
   0.33600       1.38062     
   0.33700       1.38769     
   0.33800       1.39495     
   0.33900       1.40201     
   0.34000       1.40900     

   0.34100       1.41597     
   0.34200       1.42292     
   0.34300       1.42993     
   0.34400       1.43727     
   0.34500       1.44433     
   0.34600       1.45135     
   0.34700       1.45835     
   0.34800       1.46535     
   0.34900       1.47232     
   0.35000       1.47969     
   0.35100       1.48678     
   0.35200       1.49382     
   0.35300       1.50086     
   0.35400       1.50789     
   0.35500       1.51486     
   0.35600       1.52227     
   0.35700       1.52939     
   0.35800       1.53643     
   0.35900       1.54347     
   0.36000       1.55041     

   0.36100       1.55773     
   0.36200       1.56505     
   0.36300       1.57219     
   0.36400       1.57923     
   0.36500       1.58622     
   0.36600       1.59324     
   0.36700       1.60065     
   0.36800       1.60789     
   0.36900       1.61507     
   0.37000       1.62213     
   0.37100       1.62919     
   0.37200       1.63612     
   0.37300       1.64366     
   0.37400       1.65081     
   0.37500       1.65788     
   0.37600       1.66495     
   0.37700       1.67201     
   0.37800       1.67911     
   0.37900       1.68657     
   0.38000       1.69374     

   0.38100       1.70088     
   0.38200       1.70798     
   0.38300       1.71501     
   0.38400       1.72192     
   0.38500       1.72945     
   0.38600       1.73658     
   0.38700       1.74366     
   0.38800       1.75073     
   0.38900       1.75782     
   0.39000       1.76475     
   0.39100       1.77222     
   0.39200       1.77932     
   0.39300       1.78641     
   0.39400       1.79351     
   0.39500       1.80051     
   0.39600       1.80737     
   0.39700       1.81490     
   0.39800       1.82199     
   0.39900       1.82908     
   0.40000       1.83618     

   0.40100       1.84315     
   0.40200       1.85002     
   0.40300       1.85753     
   0.40400       1.86463     
   0.40500       1.87174     
   0.40600       1.87882     
   0.40700       1.88578     
   0.40800       1.89264     
   0.40900       1.90017     
   0.41000       1.90728     
   0.41100       1.91436     
   0.41200       1.92148     
   0.41300       1.92841     
   0.41400       1.93532     
   0.41500       1.94284     
   0.41600       1.94997     
   0.41700       1.95705     
   0.41800       1.96414     
   0.41900       1.97136     
   0.42000       1.97864     

   0.42100       1.98554     
   0.42200       1.99258     
   0.42300       1.99959     
   0.42400       2.00659     
   0.42500       2.01374     
   0.42600       2.02075     
   0.42700       2.02822     
   0.42800       2.03535     
   0.42900       2.04243     
   0.43000       2.04948     
   0.43100       2.05680     
   0.43200       2.06388     
   0.43300       2.07088     
   0.43400       2.07783     
   0.43500       2.08489     
   0.43600       2.09186     
   0.43700       2.09896     
   0.43800       2.10578     
   0.43900       2.11333     
   0.44000       2.12038     

   0.44100       2.12746     
   0.44200       2.13451     
   0.44300       2.14135     
   0.44400       2.14822     
   0.44500       2.15561     
   0.44600       2.16263     
   0.44700       2.16965     
   0.44800       2.17670     
   0.44900       2.18351     
   0.45000       2.19037     
   0.45100       2.19764     
   0.45200       2.20470     
   0.45300       2.21180     
   0.45400       2.21862     
   0.45500       2.22540     
   0.45600       2.23247     
   0.45700       2.23958     
   0.45800       2.24674     
   0.45900       2.25360     
   0.46000       2.26044     

   0.46100       2.26730     
   0.46200       2.27427     
   0.46300       2.28078     
   0.46400       2.28841     
   0.46500       2.29535     
   0.46600       2.30218     
   0.46700       2.30918     
   0.46800       2.31622     
   0.46900       2.32343     
   0.47000       2.33032     
   0.47100       2.33726     
   0.47200       2.34424     
   0.47300       2.35112     
   0.47400       2.35809     
   0.47500       2.36496     
   0.47600       2.37202     
   0.47700       2.37922     
   0.47800       2.38609     
   0.47900       2.39290     
   0.48000       2.39987     

   0.48100       2.40680     
   0.48200       2.41370     
   0.48300       2.42116     
   0.48400       2.42820     
   0.48500       2.43526     
   0.48600       2.44244     
   0.48700       2.44901     
   0.48800       2.45625     
   0.48900       2.46361     
   0.49000       2.47054     
   0.49100       2.47738     
   0.49200       2.48449     
   0.49300       2.49157     
   0.49400       2.49892     
   0.49500       2.50604     
   0.49600       2.51341     
   0.49700       2.52001     
   0.49800       2.52719     
   0.49900       2.53434     
   0.50000       2.54168     

   0.50100       2.54889     
   0.50200       2.55606     
   0.50300       2.56317     
   0.50400       2.57003     
   0.50500       2.57699     
   0.50600       2.58460     
   0.50700       2.59185     
   0.50800       2.59910     
   0.50900       2.60645     
   0.51000       2.61321     
   0.51100       2.62060     
   0.51200       2.62800     
   0.51300       2.63505     
   0.51400       2.64173     
   0.51500       2.64922     
   0.51600       2.65645     
   0.51700       2.66375     
   0.51800       2.67106     
   0.51900       2.67823     
   0.52000       2.68548     

   0.52100       2.69236     
   0.52200       2.69934     
   0.52300       2.70680     
   0.52400       2.71406     
   0.52500       2.72154     
   0.52600       2.72782     
   0.52700       2.73549     
   0.52800       2.74276     
   0.52900       2.75038     
   0.53000       2.75712     
   0.53100       2.76416     
   0.53200       2.77104     
   0.53300       2.77846     
   0.53400       2.78555     
   0.53500       2.79309     
   0.53600       2.80040     
   0.53700       2.80761     
   0.53800       2.81464     
   0.53900       2.82173     
   0.54000       2.82925     

   0.54100       2.83624     
   0.54200       2.84323     
   0.54300       2.85036     
   0.54400       2.85754     
   0.54500       2.86541     
   0.54501       2.86411     

