	0		0
   0.10000E-02  0.174555E+008
   0.20000E-02  0.349111E+008
   0.30000E-02  0.523666E+008
   0.40000E-02  0.698221E+008
   0.50000E-02  0.872777E+008
   0.60000E-02  0.104733E+009
   0.70000E-02  0.122189E+009
   0.80000E-02  0.139644E+009
   0.90000E-02  0.157100E+009
   0.10000E-01  0.174555E+009
   0.11000E-01  0.192011E+009
   0.12000E-01  0.209466E+009
   0.13000E-01  0.226922E+009
   0.14000E-01  0.244377E+009
   0.15000E-01  0.261833E+009
   0.16000E-01  0.279289E+009
   0.17000E-01  0.296744E+009
   0.18000E-01  0.314200E+009
   0.19000E-01  0.331655E+009
   0.20000E-01  0.349111E+009

   0.21000E-01  0.366566E+009
   0.22000E-01  0.384022E+009
   0.23000E-01  0.401477E+009
   0.24000E-01  0.418933E+009
   0.25000E-01  0.436388E+009
   0.26000E-01  0.453844E+009
   0.27000E-01  0.471299E+009
   0.28000E-01  0.488755E+009
   0.29000E-01  0.506210E+009
   0.30000E-01  0.523666E+009
   0.31000E-01  0.541122E+009
   0.32000E-01  0.558577E+009
   0.33000E-01  0.576033E+009
   0.34000E-01  0.593488E+009
   0.35000E-01  0.610944E+009
   0.36000E-01  0.628399E+009
   0.37000E-01  0.645855E+009
   0.38000E-01  0.663310E+009
   0.39000E-01  0.680766E+009
   0.40000E-01  0.698221E+009

   0.41000E-01  0.715677E+009
   0.42000E-01  0.733132E+009
   0.43000E-01  0.750078E+009
   0.44000E-01  0.749272E+009
   0.45000E-01  0.748468E+009
   0.46000E-01  0.747665E+009
   0.47000E-01  0.746863E+009
   0.48000E-01  0.745958E+009
   0.49000E-01  0.744762E+009
   0.50000E-01  0.743541E+009
   0.51000E-01  0.742328E+009
   0.52000E-01  0.741126E+009
   0.53000E-01  0.739925E+009
   0.54000E-01  0.738725E+009
   0.55000E-01  0.737526E+009
   0.56000E-01  0.736330E+009
   0.57000E-01  0.735135E+009
   0.58000E-01  0.733942E+009
   0.59000E-01  0.732750E+009
   0.60000E-01  0.731561E+009

   0.61000E-01  0.730373E+009
   0.62000E-01  0.729187E+009
   0.63000E-01  0.728003E+009
   0.64000E-01  0.726656E+009
   0.65000E-01  0.725264E+009
   0.66000E-01  0.723874E+009
   0.67000E-01  0.722488E+009
   0.68000E-01  0.721105E+009
   0.69000E-01  0.719724E+009
   0.70000E-01  0.718311E+009
   0.71000E-01  0.716885E+009
   0.72000E-01  0.715462E+009
   0.73000E-01  0.714041E+009
   0.74000E-01  0.712624E+009
   0.75000E-01  0.711191E+009
   0.76000E-01  0.709708E+009
   0.77000E-01  0.708061E+009
   0.78000E-01  0.706387E+009
   0.79000E-01  0.704524E+009
   0.80000E-01  0.702596E+009

   0.81000E-01  0.700529E+009
   0.82000E-01  0.698224E+009
   0.83000E-01  0.695881E+009
   0.84000E-01  0.693569E+009
   0.85000E-01  0.691283E+009
   0.86000E-01  0.689008E+009
   0.87000E-01  0.686738E+009
   0.88000E-01  0.684478E+009
   0.89000E-01  0.682165E+009
   0.90000E-01  0.679723E+009
   0.91000E-01  0.677284E+009
   0.92000E-01  0.674880E+009
   0.93000E-01  0.672486E+009
   0.94000E-01  0.670076E+009
   0.95000E-01  0.667614E+009
   0.96000E-01  0.665029E+009
   0.97000E-01  0.662476E+009
   0.98000E-01  0.659771E+009
   0.99000E-01  0.656940E+009
   0.10000      0.653854E+009

   0.10100      0.650816E+009
   0.10200      0.647752E+009
   0.10300      0.644724E+009
   0.10400      0.641706E+009
   0.10500      0.638721E+009
   0.10600      0.635679E+009
   0.10700      0.632560E+009
   0.10800      0.629480E+009
   0.10900      0.626401E+009
   0.11000      0.623318E+009
   0.11100      0.620230E+009
   0.11200      0.617050E+009
   0.11300      0.613797E+009
   0.11400      0.610430E+009
   0.11500      0.606879E+009
   0.11600      0.603317E+009
   0.11700      0.599729E+009
   0.11800      0.596199E+009
   0.11900      0.592688E+009
   0.12000      0.589183E+009

   0.12100      0.585609E+009
   0.12200      0.582027E+009
   0.12300      0.578484E+009
   0.12400      0.574948E+009
   0.12500      0.571355E+009
   0.12600      0.567734E+009
   0.12700      0.563965E+009
   0.12800      0.560038E+009
   0.12900      0.556098E+009
   0.13000      0.552147E+009
   0.13100      0.548268E+009
   0.13200      0.544417E+009
   0.13300      0.540531E+009
   0.13400      0.536614E+009
   0.13500      0.532762E+009
   0.13600      0.528901E+009
   0.13700      0.525003E+009
   0.13800      0.521079E+009
   0.13900      0.517063E+009
   0.14000      0.512853E+009

   0.14100      0.508650E+009
   0.14200      0.504502E+009
   0.14300      0.500413E+009
   0.14400      0.496332E+009
   0.14500      0.492225E+009
   0.14600      0.488163E+009
   0.14700      0.484119E+009
   0.14800      0.480038E+009
   0.14900      0.475940E+009
   0.15000      0.471728E+009
   0.15100      0.467389E+009
   0.15200      0.463101E+009
   0.15300      0.458865E+009
   0.15400      0.454701E+009
   0.15500      0.450506E+009
   0.15600      0.446321E+009
   0.15700      0.442209E+009
   0.15800      0.438080E+009
   0.15900      0.433929E+009
   0.16000      0.429696E+009

   0.16100      0.425326E+009
   0.16200      0.421034E+009
   0.16300      0.416787E+009
   0.16400      0.412609E+009
   0.16500      0.408426E+009
   0.16600      0.404277E+009
   0.16700      0.400193E+009
   0.16800      0.396086E+009
   0.16900      0.391932E+009
   0.17000      0.387708E+009
   0.17100      0.383395E+009
   0.17200      0.379231E+009
   0.17300      0.375108E+009
   0.17400      0.371017E+009
   0.17500      0.366940E+009
   0.17600      0.362945E+009
   0.17700      0.358930E+009
   0.17800      0.354904E+009
   0.17900      0.350806E+009
   0.18000      0.346643E+009

   0.18100      0.342611E+009
   0.18200      0.338635E+009
   0.18300      0.334688E+009
   0.18400      0.330775E+009
   0.18500      0.326922E+009
   0.18600      0.323079E+009
   0.18700      0.319199E+009
   0.18800      0.315243E+009
   0.18900      0.311277E+009
   0.19000      0.307467E+009
   0.19100      0.303668E+009
   0.19200      0.299936E+009
   0.19300      0.296258E+009
   0.19400      0.292591E+009
   0.19500      0.288902E+009
   0.19600      0.285150E+009
   0.19700      0.281396E+009
   0.19800      0.277771E+009
   0.19900      0.274172E+009
   0.20000      0.270640E+009

   0.20100      0.267159E+009
   0.20200      0.263692E+009
   0.20300      0.260175E+009
   0.20400      0.256629E+009
   0.20500      0.253134E+009
   0.20600      0.249736E+009
   0.20700      0.246372E+009
   0.20800      0.243062E+009
   0.20900      0.239784E+009
   0.21000      0.236516E+009
   0.21100      0.233195E+009
   0.21200      0.229864E+009
   0.21300      0.226659E+009
   0.21400      0.223478E+009
   0.21500      0.220374E+009
   0.21600      0.217292E+009
   0.21700      0.214225E+009
   0.21800      0.211115E+009
   0.21900      0.207996E+009
   0.22000      0.205010E+009

   0.22100      0.202037E+009
   0.22200      0.199138E+009
   0.22300      0.196264E+009
   0.22400      0.193403E+009
   0.22500      0.190489E+009
   0.22600      0.187600E+009
   0.22700      0.184817E+009
   0.22800      0.182073E+009
   0.22900      0.179390E+009
   0.23000      0.176730E+009
   0.23100      0.174028E+009
   0.23200      0.171324E+009
   0.23300      0.168702E+009
   0.23400      0.166132E+009
   0.23500      0.163618E+009
   0.23600      0.161139E+009
   0.23700      0.158676E+009
   0.23800      0.156173E+009
   0.23900      0.153694E+009
   0.24000      0.151308E+009

   0.24100      0.148960E+009
   0.24200      0.146666E+009
   0.24300      0.144395E+009
   0.24400      0.142108E+009
   0.24500      0.139810E+009
   0.24600      0.137596E+009
   0.24700      0.135425E+009
   0.24800      0.133317E+009
   0.24900      0.131230E+009
   0.25000      0.129128E+009
   0.25100      0.127033E+009
   0.25200      0.124986E+009
   0.25300      0.122995E+009
   0.25400      0.121050E+009
   0.25500      0.119140E+009
   0.25600      0.117250E+009
   0.25700      0.115347E+009
   0.25800      0.113440E+009
   0.25900      0.111622E+009
   0.26000      0.109838E+009

   0.26100      0.108094E+009
   0.26200      0.106377E+009
   0.26300      0.104650E+009
   0.26400      0.102909E+009
   0.26500      0.101241E+009
   0.26600      0.996120E+008
   0.26700      0.980202E+008
   0.26800      0.964540E+008
   0.26900      0.948844E+008
   0.27000      0.932976E+008
   0.27100      0.917767E+008
   0.27200      0.902934E+008
   0.27300      0.888457E+008
   0.27400      0.874214E+008
   0.27500      0.859947E+008
   0.27600      0.845603E+008
   0.27700      0.831642E+008
   0.27800      0.818079E+008
   0.27900      0.804956E+008
   0.28000      0.792009E+008

   0.28100      0.779004E+008
   0.28200      0.766011E+008
   0.28300      0.753274E+008
   0.28400      0.740945E+008
   0.28500      0.729033E+008
   0.28600      0.717285E+008
   0.28700      0.705525E+008
   0.28800      0.693697E+008
   0.28900      0.682135E+008
   0.29000      0.670930E+008
   0.29100      0.660108E+008
   0.29200      0.649471E+008
   0.29300      0.638782E+008
   0.29400      0.628098E+008
   0.29500      0.617626E+008
   0.29600      0.607461E+008
   0.29700      0.597701E+008
   0.29800      0.588083E+008
   0.29900      0.578418E+008
   0.30000      0.568748E+008

   0.30100      0.559284E+008
   0.30200      0.550102E+008
   0.30300      0.541271E+008
   0.30400      0.532596E+008
   0.30500      0.523891E+008
   0.30600      0.515211E+008
   0.30700      0.506650E+008
   0.30800      0.498362E+008
   0.30900      0.490403E+008
   0.31000      0.482584E+008
   0.31100      0.474754E+008
   0.31200      0.466982E+008
   0.31300      0.459223E+008
   0.31400      0.451775E+008
   0.31500      0.444561E+008
   0.31600      0.437490E+008
   0.31700      0.430550E+008
   0.31800      0.423574E+008
   0.31900      0.416559E+008
   0.32000      0.409858E+008

   0.32100      0.403318E+008
   0.32200      0.396932E+008
   0.32300      0.390657E+008
   0.32400      0.384487E+008
   0.32500      0.378140E+008
   0.32600      0.372100E+008
   0.32700      0.366214E+008
   0.32800      0.360454E+008
   0.32900      0.354804E+008
   0.33000      0.349203E+008
   0.33100      0.343557E+008
   0.33200      0.338013E+008
   0.33300      0.332646E+008
   0.33400      0.327481E+008
   0.33500      0.322409E+008
   0.33600      0.317316E+008
   0.33700      0.312291E+008
   0.33800      0.307220E+008
   0.33900      0.302370E+008
   0.34000      0.297650E+008

   0.34100      0.293017E+008
   0.34200      0.288472E+008
   0.34300      0.283963E+008
   0.34400      0.279322E+008
   0.34500      0.274932E+008
   0.34600      0.270640E+008
   0.34700      0.266429E+008
   0.34800      0.262284E+008
   0.34900      0.258230E+008
   0.35000      0.254010E+008
   0.35100      0.250023E+008
   0.35200      0.246123E+008
   0.35300      0.242294E+008
   0.35400      0.238528E+008
   0.35500      0.234860E+008
   0.35600      0.231021E+008
   0.35700      0.227399E+008
   0.35800      0.223872E+008
   0.35900      0.220407E+008
   0.36000      0.217046E+008

   0.36100      0.213560E+008
   0.36200      0.210135E+008
   0.36300      0.206853E+008
   0.36400      0.203667E+008
   0.36500      0.200554E+008
   0.36600      0.197483E+008
   0.36700      0.194292E+008
   0.36800      0.191231E+008
   0.36900      0.188244E+008
   0.37000      0.185360E+008
   0.37100      0.182517E+008
   0.37200      0.179780E+008
   0.37300      0.176848E+008
   0.37400      0.174114E+008
   0.37500      0.171458E+008
   0.37600      0.168847E+008
   0.37700      0.166281E+008
   0.37800      0.163745E+008
   0.37900      0.161123E+008
   0.38000      0.158649E+008

   0.38100      0.156226E+008
   0.38200      0.153855E+008
   0.38300      0.151548E+008
   0.38400      0.149317E+008
   0.38500      0.146927E+008
   0.38600      0.144707E+008
   0.38700      0.142535E+008
   0.38800      0.140402E+008
   0.38900      0.138302E+008
   0.39000      0.136281E+008
   0.39100      0.134140E+008
   0.39200      0.132138E+008
   0.39300      0.130176E+008
   0.39400      0.128242E+008
   0.39500      0.126367E+008
   0.39600      0.124558E+008
   0.39700      0.122610E+008
   0.39800      0.120804E+008
   0.39900      0.119030E+008
   0.40000      0.117284E+008

   0.40100      0.115598E+008
   0.40200      0.113963E+008
   0.40300      0.112205E+008
   0.40400      0.110573E+008
   0.40500      0.108967E+008
   0.40600      0.107393E+008
   0.40700      0.105872E+008
   0.40800      0.104398E+008
   0.40900      0.102807E+008
   0.41000      0.101331E+008
   0.41100      0.998854E+007
   0.41200      0.984571E+007
   0.41300      0.970891E+007
   0.41400      0.957493E+007
   0.41500      0.943152E+007
   0.41600      0.929792E+007
   0.41700      0.916741E+007
   0.41800      0.903899E+007
   0.41900      0.891044E+007
   0.42000      0.878314E+007

   0.42100      0.866434E+007
   0.42200      0.854528E+007
   0.42300      0.842870E+007
   0.42400      0.831433E+007
   0.42500      0.819944E+007
   0.42600      0.808865E+007
   0.42700      0.797252E+007
   0.42800      0.786376E+007
   0.42900      0.775770E+007
   0.43000      0.765367E+007
   0.43100      0.754762E+007
   0.43200      0.744680E+007
   0.43300      0.734888E+007
   0.43400      0.725320E+007
   0.43500      0.715773E+007
   0.43600      0.706492E+007
   0.43700      0.697209E+007
   0.43800      0.688446E+007
   0.43900      0.678901E+007
   0.44000      0.670157E+007

   0.44100      0.661522E+007
   0.44200      0.653061E+007
   0.44300      0.644999E+007
   0.44400      0.637040E+007
   0.44500      0.628616E+007
   0.44600      0.620762E+007
   0.44700      0.613035E+007
   0.44800      0.605410E+007
   0.44900      0.598175E+007
   0.45000      0.590993E+007
   0.45100      0.583530E+007
   0.45200      0.576396E+007
   0.45300      0.569350E+007
   0.45400      0.562699E+007
   0.45500      0.556196E+007
   0.45600      0.549530E+007
   0.45700      0.542946E+007
   0.45800      0.536429E+007
   0.45900      0.530288E+007
   0.46000      0.524277E+007

   0.46100      0.518345E+007
   0.46200      0.512422E+007
   0.46300      0.506978E+007
   0.46400      0.500708E+007
   0.46500      0.495117E+007
   0.46600      0.489700E+007
   0.46700      0.484244E+007
   0.46800      0.478856E+007
   0.46900      0.473432E+007
   0.47000      0.468341E+007
   0.47100      0.463303E+007
   0.47200      0.458318E+007
   0.47300      0.453498E+007
   0.47400      0.448696E+007
   0.47500      0.444040E+007
   0.47600      0.439344E+007
   0.47700      0.434637E+007
   0.47800      0.430226E+007
   0.47900      0.425929E+007
   0.48000      0.421609E+007

   0.48100      0.417386E+007
   0.48200      0.413257E+007
   0.48300      0.408873E+007
   0.48400      0.404810E+007
   0.48500      0.400812E+007
   0.48600      0.396816E+007
   0.48700      0.393228E+007
   0.48800      0.389340E+007
   0.48900      0.385460E+007
   0.49000      0.381875E+007
   0.49100      0.378399E+007
   0.49200      0.374852E+007
   0.49300      0.371381E+007
   0.49400      0.367849E+007
   0.49500      0.364488E+007
   0.49600      0.361074E+007
   0.49700      0.358076E+007
   0.49800      0.354871E+007
   0.49900      0.351737E+007
   0.50000      0.348582E+007

   0.50100      0.345541E+007
   0.50200      0.342574E+007
   0.50300      0.339687E+007
   0.50400      0.336951E+007
   0.50500      0.334228E+007
   0.50600      0.331306E+007
   0.50700      0.328580E+007
   0.50800      0.325903E+007
   0.50900      0.323244E+007
   0.51000      0.320843E+007
   0.51100      0.318270E+007
   0.51200      0.315743E+007
   0.51300      0.313385E+007
   0.51400      0.311190E+007
   0.51500      0.308777E+007
   0.51600      0.306491E+007
   0.51700      0.304231E+007
   0.51800      0.302015E+007
   0.51900      0.299882E+007
   0.52000      0.297769E+007

   0.52100      0.295804E+007
   0.52200      0.293847E+007
   0.52300      0.291796E+007
   0.52400      0.289843E+007
   0.52500      0.287872E+007
   0.52600      0.286249E+007
   0.52700      0.284304E+007
   0.52800      0.282500E+007
   0.52900      0.280651E+007
   0.53000      0.279046E+007
   0.53100      0.277406E+007
   0.53200      0.275833E+007
   0.53300      0.274172E+007
   0.53400      0.272618E+007
   0.53500      0.271000E+007
   0.53600      0.269467E+007
   0.53700      0.267987E+007
   0.53800      0.266572E+007
   0.53900      0.265175E+007
   0.54000      0.263727E+007

   0.54100      0.262411E+007
   0.54200      0.261120E+007
   0.54300      0.259832E+007
   0.54400      0.258564E+007
   0.54500      0.257207E+007
   0.54501      0.257091E+007


