
          ***** ANSYS POST26 VARIABLE LISTING *****


    TIME          2 EPELX   
                  EPELX_5 
   0.10000E-02  0.739484E-004
   0.20000E-02  0.147897E-003
   0.30000E-02  0.221845E-003
   0.40000E-02  0.295794E-003
   0.50000E-02  0.369742E-003
   0.60000E-02  0.443690E-003
   0.70000E-02  0.517639E-003
   0.80000E-02  0.591587E-003
   0.90000E-02  0.665536E-003
   0.10000E-01  0.739484E-003
   0.11000E-01  0.813433E-003
   0.12000E-01  0.887381E-003
   0.13000E-01  0.961329E-003
   0.14000E-01  0.103528E-002
   0.15000E-01  0.110923E-002
   0.16000E-01  0.118317E-002
   0.17000E-01  0.125712E-002
   0.18000E-01  0.133107E-002
   0.19000E-01  0.140502E-002
   0.20000E-01  0.147897E-002

          ***** ANSYS POST26 VARIABLE LISTING *****


    TIME          2 EPELX   
                  EPELX_5 
   0.21000E-01  0.155292E-002
   0.22000E-01  0.162687E-002
   0.23000E-01  0.170081E-002
   0.24000E-01  0.177476E-002
   0.25000E-01  0.184871E-002
   0.26000E-01  0.192266E-002
   0.27000E-01  0.199661E-002
   0.28000E-01  0.207056E-002
   0.29000E-01  0.214450E-002
   0.30000E-01  0.221845E-002
   0.31000E-01  0.229240E-002
   0.32000E-01  0.236635E-002
   0.33000E-01  0.244030E-002
   0.34000E-01  0.251425E-002
   0.35000E-01  0.258819E-002
   0.36000E-01  0.266214E-002
   0.37000E-01  0.273609E-002
   0.38000E-01  0.281004E-002
   0.39000E-01  0.288399E-002
   0.40000E-01  0.295794E-002

          ***** ANSYS POST26 VARIABLE LISTING *****


    TIME          2 EPELX   
                  EPELX_5 
   0.41000E-01  0.303188E-002
   0.42000E-01  0.310583E-002
   0.43000E-01  0.317978E-002
   0.44000E-01  0.325373E-002
   0.45000E-01  0.332768E-002
   0.46000E-01  0.340163E-002
   0.47000E-01  0.347558E-002
   0.48000E-01  0.354952E-002
   0.49000E-01  0.362347E-002
   0.50000E-01  0.369742E-002
   0.51000E-01  0.377137E-002
   0.52000E-01  0.384532E-002
   0.53000E-01  0.391927E-002
   0.54000E-01  0.399321E-002
   0.55000E-01  0.406716E-002
   0.56000E-01  0.414111E-002
   0.57000E-01  0.421506E-002
   0.58000E-01  0.428901E-002
   0.59000E-01  0.436296E-002
   0.60000E-01  0.443690E-002

          ***** ANSYS POST26 VARIABLE LISTING *****


    TIME          2 EPELX   
                  EPELX_5 
   0.61000E-01  0.451085E-002
   0.62000E-01  0.458480E-002
   0.63000E-01  0.465875E-002
   0.64000E-01  0.473270E-002
   0.65000E-01  0.480665E-002
   0.66000E-01  0.488060E-002
   0.67000E-01  0.495454E-002
   0.68000E-01  0.502849E-002
   0.69000E-01  0.510244E-002
   0.70000E-01  0.517639E-002
   0.71000E-01  0.525034E-002
   0.72000E-01  0.532429E-002
   0.73000E-01  0.539823E-002
   0.74000E-01  0.547218E-002
   0.75000E-01  0.554613E-002
   0.76000E-01  0.562008E-002
   0.77000E-01  0.569403E-002
   0.78000E-01  0.576798E-002
   0.79000E-01  0.584192E-002
   0.80000E-01  0.591587E-002

          ***** ANSYS POST26 VARIABLE LISTING *****


    TIME          2 EPELX   
                  EPELX_5 
   0.81000E-01  0.598982E-002
   0.82000E-01  0.606377E-002
   0.83000E-01  0.613772E-002
   0.84000E-01  0.621167E-002
   0.85000E-01  0.628561E-002
   0.86000E-01  0.635956E-002
   0.87000E-01  0.643351E-002
   0.88000E-01  0.650746E-002
   0.89000E-01  0.658141E-002
   0.90000E-01  0.665536E-002
   0.91000E-01  0.672931E-002
   0.92000E-01  0.680325E-002
   0.93000E-01  0.687720E-002
   0.94000E-01  0.695115E-002
   0.95000E-01  0.702510E-002
   0.96000E-01  0.709905E-002
   0.97000E-01  0.717300E-002
   0.98000E-01  0.724694E-002
   0.99000E-01  0.732089E-002
   0.10000      0.739484E-002

          ***** ANSYS POST26 VARIABLE LISTING *****


    TIME          2 EPELX   
                  EPELX_5 
   0.10100      0.746879E-002
   0.10200      0.754274E-002
   0.10300      0.761669E-002
   0.10400      0.769063E-002
   0.10500      0.776458E-002
   0.10600      0.783853E-002
   0.10700      0.791248E-002
   0.10800      0.798643E-002
   0.10900      0.806038E-002
   0.11000      0.813433E-002
   0.11100      0.820827E-002
   0.11200      0.828222E-002
   0.11300      0.835617E-002
   0.11400      0.843012E-002
   0.11500      0.850407E-002
   0.11600      0.857802E-002
   0.11700      0.865196E-002
   0.11800      0.872591E-002
   0.11900      0.879986E-002
   0.12000      0.887381E-002

          ***** ANSYS POST26 VARIABLE LISTING *****


    TIME          2 EPELX   
                  EPELX_5 
   0.12100      0.894776E-002
   0.12200      0.902171E-002
   0.12300      0.909565E-002
   0.12400      0.916960E-002
   0.12500      0.924355E-002
   0.12600      0.931750E-002
   0.12700      0.939145E-002
   0.12800      0.946540E-002
   0.12900      0.953934E-002
   0.13000      0.961329E-002
   0.13100      0.968724E-002
   0.13200      0.976119E-002
   0.13300      0.983514E-002
   0.13400      0.990909E-002
   0.13500      0.998303E-002
   0.13600      0.100570E-001
   0.13700      0.101309E-001
   0.13800      0.102049E-001
   0.13900      0.102788E-001
   0.14000      0.103528E-001

          ***** ANSYS POST26 VARIABLE LISTING *****


    TIME          2 EPELX   
                  EPELX_5 
   0.14100      0.104267E-001
   0.14200      0.105007E-001
   0.14300      0.105746E-001
   0.14400      0.106486E-001
   0.14500      0.107225E-001
   0.14600      0.107965E-001
   0.14700      0.108704E-001
   0.14800      0.109444E-001
   0.14900      0.110183E-001
   0.15000      0.110923E-001
   0.15100      0.111662E-001
   0.15200      0.112402E-001
   0.15300      0.113141E-001
   0.15400      0.113881E-001
   0.15500      0.114620E-001
   0.15600      0.115360E-001
   0.15700      0.116099E-001
   0.15800      0.116838E-001
   0.15900      0.117578E-001
   0.16000      0.118317E-001

          ***** ANSYS POST26 VARIABLE LISTING *****


    TIME          2 EPELX   
                  EPELX_5 
   0.16100      0.119057E-001
   0.16200      0.119796E-001
   0.16300      0.120536E-001
   0.16400      0.121275E-001
   0.16500      0.122015E-001
   0.16600      0.122754E-001
   0.16700      0.123494E-001
   0.16800      0.124233E-001
   0.16900      0.124973E-001
   0.17000      0.125712E-001
   0.17100      0.126452E-001
   0.17200      0.127191E-001
   0.17300      0.127931E-001
   0.17400      0.128670E-001
   0.17500      0.129410E-001
   0.17600      0.130149E-001
   0.17700      0.130889E-001
   0.17800      0.131628E-001
   0.17900      0.132368E-001
   0.18000      0.133107E-001

          ***** ANSYS POST26 VARIABLE LISTING *****


    TIME          2 EPELX   
                  EPELX_5 
   0.18100      0.133847E-001
   0.18200      0.134586E-001
   0.18300      0.135326E-001
   0.18400      0.136065E-001
   0.18500      0.136805E-001
   0.18600      0.137544E-001
   0.18700      0.138284E-001
   0.18800      0.139023E-001
   0.18900      0.139762E-001
   0.19000      0.140502E-001
   0.19100      0.141241E-001
   0.19200      0.141981E-001
   0.19300      0.142720E-001
   0.19400      0.143460E-001
   0.19500      0.144199E-001
   0.19600      0.144939E-001
   0.19700      0.145678E-001
   0.19800      0.146418E-001
   0.19900      0.147157E-001
   0.20000      0.147897E-001

          ***** ANSYS POST26 VARIABLE LISTING *****


    TIME          2 EPELX   
                  EPELX_5 
   0.20100      0.148636E-001
   0.20200      0.149376E-001
   0.20300      0.150115E-001
   0.20400      0.150855E-001
   0.20500      0.151594E-001
   0.20600      0.152334E-001
   0.20700      0.153073E-001
   0.20800      0.153813E-001
   0.20900      0.154552E-001
   0.21000      0.155292E-001
   0.21100      0.156031E-001
   0.21200      0.156771E-001
   0.21300      0.157510E-001
   0.21400      0.158250E-001
   0.21500      0.158989E-001
   0.21600      0.159729E-001
   0.21700      0.160468E-001
   0.21800      0.161208E-001
   0.21900      0.161947E-001
   0.22000      0.162687E-001

          ***** ANSYS POST26 VARIABLE LISTING *****


    TIME          2 EPELX   
                  EPELX_5 
   0.22100      0.164112E-001
   0.22200      0.165689E-001
   0.22300      0.167260E-001
   0.22400      0.168821E-001
   0.22500      0.170374E-001
   0.22600      0.171919E-001
   0.22700      0.173457E-001
   0.22800      0.174987E-001
   0.22900      0.182111E-001
   0.23000      0.193316E-001
   0.23100      0.203568E-001
   0.23200      0.211552E-001
   0.23300      0.217497E-001
   0.23400      0.222502E-001
   0.23500      0.227308E-001
   0.23600      0.232075E-001
   0.23700      0.236633E-001
   0.23800      0.240952E-001
   0.23900      0.245050E-001
   0.24000      0.248985E-001

          ***** ANSYS POST26 VARIABLE LISTING *****


    TIME          2 EPELX   
                  EPELX_5 
   0.24100      0.252784E-001
   0.24200      0.256465E-001
   0.24300      0.260036E-001
   0.24400      0.263509E-001
   0.24500      0.266892E-001
   0.24600      0.270194E-001
   0.24700      0.273421E-001
   0.24800      0.276581E-001
   0.24900      0.279678E-001
   0.25000      0.282716E-001
   0.25100      0.285700E-001
   0.25200      0.288633E-001
   0.25300      0.291520E-001
   0.25400      0.294361E-001
   0.25500      0.297161E-001
   0.25600      0.299922E-001
   0.25700      0.302645E-001
   0.25800      0.305333E-001
   0.25900      0.307988E-001
   0.26000      0.310611E-001

          ***** ANSYS POST26 VARIABLE LISTING *****


    TIME          2 EPELX   
                  EPELX_5 
   0.26100      0.313205E-001
   0.26200      0.315769E-001
   0.26300      0.318306E-001
   0.26400      0.320817E-001
   0.26500      0.323303E-001
   0.26600      0.326797E-001
   0.26700      0.331044E-001
   0.26800      0.335178E-001
   0.26900      0.339162E-001
   0.27000      0.343026E-001
   0.27100      0.346791E-001
   0.27200      0.350469E-001
   0.27300      0.354066E-001
   0.27400      0.357589E-001
   0.27500      0.361042E-001
   0.27600      0.364430E-001
   0.27700      0.367760E-001
   0.27800      0.371034E-001
   0.27845      0.385327E-001
   0.27890      0.391325E-001

          ***** ANSYS POST26 VARIABLE LISTING *****


    TIME          2 EPELX   
                  EPELX_5 
   0.27935      0.403012E-001
   0.28003      0.402248E-001
   0.28103      0.409472E-001
   0.28203      0.418001E-001
   0.28303      0.424531E-001
   0.28403      0.430730E-001
   0.28503      0.436572E-001
   0.28603      0.441993E-001
   0.28703      0.444887E-001
   0.28803      0.453596E-001
   0.28903      0.456535E-001
   0.28928      0.758690E-001
   0.28930      0.768661E-001
   0.28930      0.769141E-001
   0.28931      0.769381E-001
    1.0000      0.769532E-001

