
          ***** ANSYS POST26 VARIABLE LISTING *****


    TIME         10 EPELX   
                  EPELX_7 
   0.10000E-02  0.360189E-004
   0.20000E-02  0.720378E-004
   0.30000E-02  0.108057E-003
   0.40000E-02  0.144076E-003
   0.50000E-02  0.180094E-003
   0.60000E-02  0.216113E-003
   0.70000E-02  0.252132E-003
   0.80000E-02  0.288151E-003
   0.90000E-02  0.324170E-003
   0.10000E-01  0.360189E-003
   0.11000E-01  0.396208E-003
   0.12000E-01  0.432227E-003
   0.13000E-01  0.468245E-003
   0.14000E-01  0.504264E-003
   0.15000E-01  0.540283E-003
   0.16000E-01  0.576302E-003
   0.17000E-01  0.612321E-003
   0.18000E-01  0.648340E-003
   0.19000E-01  0.684359E-003
   0.20000E-01  0.720378E-003

          ***** ANSYS POST26 VARIABLE LISTING *****


    TIME         10 EPELX   
                  EPELX_7 
   0.21000E-01  0.756396E-003
   0.22000E-01  0.792415E-003
   0.23000E-01  0.828434E-003
   0.24000E-01  0.864453E-003
   0.25000E-01  0.900472E-003
   0.26000E-01  0.936491E-003
   0.27000E-01  0.972510E-003
   0.28000E-01  0.100853E-002
   0.29000E-01  0.104455E-002
   0.30000E-01  0.108057E-002
   0.31000E-01  0.111659E-002
   0.32000E-01  0.115260E-002
   0.33000E-01  0.118862E-002
   0.34000E-01  0.122464E-002
   0.35000E-01  0.126066E-002
   0.36000E-01  0.129668E-002
   0.37000E-01  0.133270E-002
   0.38000E-01  0.136872E-002
   0.39000E-01  0.140474E-002
   0.40000E-01  0.144076E-002

          ***** ANSYS POST26 VARIABLE LISTING *****


    TIME         10 EPELX   
                  EPELX_7 
   0.41000E-01  0.147677E-002
   0.42000E-01  0.151279E-002
   0.43000E-01  0.154881E-002
   0.44000E-01  0.158483E-002
   0.45000E-01  0.162085E-002
   0.46000E-01  0.165687E-002
   0.47000E-01  0.169289E-002
   0.48000E-01  0.172891E-002
   0.49000E-01  0.176493E-002
   0.50000E-01  0.180094E-002
   0.51000E-01  0.183696E-002
   0.52000E-01  0.187298E-002
   0.53000E-01  0.190900E-002
   0.54000E-01  0.194502E-002
   0.55000E-01  0.198104E-002
   0.56000E-01  0.201706E-002
   0.57000E-01  0.205308E-002
   0.58000E-01  0.208910E-002
   0.59000E-01  0.212511E-002
   0.60000E-01  0.216113E-002

          ***** ANSYS POST26 VARIABLE LISTING *****


    TIME         10 EPELX   
                  EPELX_7 
   0.61000E-01  0.219715E-002
   0.62000E-01  0.223317E-002
   0.63000E-01  0.226919E-002
   0.64000E-01  0.230521E-002
   0.65000E-01  0.234123E-002
   0.66000E-01  0.237725E-002
   0.67000E-01  0.241326E-002
   0.68000E-01  0.244928E-002
   0.69000E-01  0.248530E-002
   0.70000E-01  0.252132E-002
   0.71000E-01  0.255734E-002
   0.72000E-01  0.259336E-002
   0.73000E-01  0.262938E-002
   0.74000E-01  0.266540E-002
   0.75000E-01  0.270142E-002
   0.76000E-01  0.273743E-002
   0.77000E-01  0.277345E-002
   0.78000E-01  0.280947E-002
   0.79000E-01  0.284549E-002
   0.80000E-01  0.288151E-002

          ***** ANSYS POST26 VARIABLE LISTING *****


    TIME         10 EPELX   
                  EPELX_7 
   0.81000E-01  0.291753E-002
   0.82000E-01  0.295355E-002
   0.83000E-01  0.298957E-002
   0.84000E-01  0.302559E-002
   0.85000E-01  0.306160E-002
   0.86000E-01  0.309762E-002
   0.87000E-01  0.313364E-002
   0.88000E-01  0.316966E-002
   0.89000E-01  0.320568E-002
   0.90000E-01  0.324170E-002
   0.91000E-01  0.327772E-002
   0.92000E-01  0.331374E-002
   0.93000E-01  0.334976E-002
   0.94000E-01  0.338577E-002
   0.95000E-01  0.342179E-002
   0.96000E-01  0.345781E-002
   0.97000E-01  0.349383E-002
   0.98000E-01  0.352985E-002
   0.99000E-01  0.356587E-002
   0.10000      0.360189E-002

          ***** ANSYS POST26 VARIABLE LISTING *****


    TIME         10 EPELX   
                  EPELX_7 
   0.10100      0.363791E-002
   0.10200      0.367393E-002
   0.10300      0.370994E-002
   0.10400      0.374596E-002
   0.10500      0.378198E-002
   0.10600      0.381800E-002
   0.10700      0.385402E-002
   0.10800      0.389004E-002
   0.10900      0.392606E-002
   0.11000      0.396208E-002
   0.11100      0.399810E-002
   0.11200      0.403411E-002
   0.11300      0.407013E-002
   0.11400      0.410615E-002
   0.11500      0.414217E-002
   0.11600      0.417819E-002
   0.11700      0.421421E-002
   0.11800      0.425023E-002
   0.11900      0.428625E-002
   0.12000      0.432227E-002

          ***** ANSYS POST26 VARIABLE LISTING *****


    TIME         10 EPELX   
                  EPELX_7 
   0.12100      0.435828E-002
   0.12200      0.439430E-002
   0.12300      0.443032E-002
   0.12400      0.446634E-002
   0.12500      0.450236E-002
   0.12600      0.453838E-002
   0.12700      0.457440E-002
   0.12800      0.461042E-002
   0.12900      0.464644E-002
   0.13000      0.468245E-002
   0.13100      0.471847E-002
   0.13200      0.475449E-002
   0.13300      0.479051E-002
   0.13400      0.482653E-002
   0.13500      0.486255E-002
   0.13600      0.489857E-002
   0.13700      0.493459E-002
   0.13800      0.497061E-002
   0.13900      0.500662E-002
   0.14000      0.504264E-002

          ***** ANSYS POST26 VARIABLE LISTING *****


    TIME         10 EPELX   
                  EPELX_7 
   0.14100      0.507866E-002
   0.14200      0.511468E-002
   0.14300      0.515070E-002
   0.14400      0.518672E-002
   0.14500      0.522274E-002
   0.14600      0.525876E-002
   0.14700      0.529478E-002
   0.14800      0.533079E-002
   0.14900      0.536681E-002
   0.15000      0.540283E-002
   0.15100      0.543885E-002
   0.15200      0.547487E-002
   0.15300      0.551089E-002
   0.15400      0.554691E-002
   0.15500      0.558293E-002
   0.15600      0.561895E-002
   0.15700      0.565496E-002
   0.15800      0.569098E-002
   0.15900      0.572700E-002
   0.16000      0.576302E-002

          ***** ANSYS POST26 VARIABLE LISTING *****


    TIME         10 EPELX   
                  EPELX_7 
   0.16100      0.579904E-002
   0.16200      0.583506E-002
   0.16300      0.587108E-002
   0.16400      0.590710E-002
   0.16500      0.594311E-002
   0.16600      0.597913E-002
   0.16700      0.601515E-002
   0.16800      0.605117E-002
   0.16900      0.608719E-002
   0.17000      0.612321E-002
   0.17100      0.615923E-002
   0.17200      0.619525E-002
   0.17300      0.623127E-002
   0.17400      0.626728E-002
   0.17500      0.630330E-002
   0.17600      0.633932E-002
   0.17700      0.637534E-002
   0.17800      0.641136E-002
   0.17900      0.644738E-002
   0.18000      0.648340E-002

          ***** ANSYS POST26 VARIABLE LISTING *****


    TIME         10 EPELX   
                  EPELX_7 
   0.18100      0.651942E-002
   0.18200      0.655544E-002
   0.18300      0.659146E-002
   0.18400      0.662747E-002
   0.18500      0.666349E-002
   0.18600      0.669951E-002
   0.18700      0.673553E-002
   0.18800      0.677155E-002
   0.18900      0.680757E-002
   0.19000      0.684359E-002
   0.19100      0.687961E-002
   0.19200      0.691562E-002
   0.19300      0.695164E-002
   0.19400      0.698766E-002
   0.19500      0.702368E-002
   0.19600      0.705970E-002
   0.19700      0.709572E-002
   0.19800      0.713174E-002
   0.19900      0.716776E-002
   0.20000      0.720378E-002

          ***** ANSYS POST26 VARIABLE LISTING *****


    TIME         10 EPELX   
                  EPELX_7 
   0.20100      0.723979E-002
   0.20200      0.727581E-002
   0.20300      0.731183E-002
   0.20400      0.734785E-002
   0.20500      0.738387E-002
   0.20600      0.741989E-002
   0.20700      0.745591E-002
   0.20800      0.749193E-002
   0.20900      0.752795E-002
   0.21000      0.756396E-002
   0.21100      0.759998E-002
   0.21200      0.763600E-002
   0.21300      0.767202E-002
   0.21400      0.770804E-002
   0.21500      0.774406E-002
   0.21600      0.778008E-002
   0.21700      0.781610E-002
   0.21800      0.785212E-002
   0.21900      0.788813E-002
   0.22000      0.792415E-002

          ***** ANSYS POST26 VARIABLE LISTING *****


    TIME         10 EPELX   
                  EPELX_7 
   0.22100      0.798129E-002
   0.22200      0.804294E-002
   0.22300      0.810442E-002
   0.22400      0.816563E-002
   0.22500      0.822660E-002
   0.22600      0.828732E-002
   0.22700      0.834781E-002
   0.22800      0.840807E-002
   0.22900      0.866055E-002
   0.23000      0.905678E-002
   0.23100      0.939887E-002
   0.23200      0.967059E-002
   0.23300      0.988106E-002
   0.23400      0.100622E-001
   0.23500      0.102360E-001
   0.23600      0.104062E-001
   0.23700      0.105687E-001
   0.23800      0.107237E-001
   0.23900      0.108714E-001
   0.24000      0.110137E-001

          ***** ANSYS POST26 VARIABLE LISTING *****


    TIME         10 EPELX   
                  EPELX_7 
   0.24100      0.111514E-001
   0.24200      0.112851E-001
   0.24300      0.114152E-001
   0.24400      0.115419E-001
   0.24500      0.116656E-001
   0.24600      0.117866E-001
   0.24700      0.119051E-001
   0.24800      0.120214E-001
   0.24900      0.121355E-001
   0.25000      0.122477E-001
   0.25100      0.123581E-001
   0.25200      0.124667E-001
   0.25300      0.125738E-001
   0.25400      0.126795E-001
   0.25500      0.127837E-001
   0.25600      0.128866E-001
   0.25700      0.129883E-001
   0.25800      0.130888E-001
   0.25900      0.131882E-001
   0.26000      0.132865E-001

          ***** ANSYS POST26 VARIABLE LISTING *****


    TIME         10 EPELX   
                  EPELX_7 
   0.26100      0.133839E-001
   0.26200      0.134802E-001
   0.26300      0.135757E-001
   0.26400      0.136703E-001
   0.26500      0.137641E-001
   0.26600      0.139316E-001
   0.26700      0.141543E-001
   0.26800      0.143706E-001
   0.26900      0.145792E-001
   0.27000      0.147814E-001
   0.27100      0.149783E-001
   0.27200      0.151705E-001
   0.27300      0.153584E-001
   0.27400      0.155422E-001
   0.27500      0.157223E-001
   0.27600      0.158989E-001
   0.27700      0.160723E-001
   0.27800      0.162427E-001
   0.27845      0.171911E-001
   0.27890      0.178741E-001

          ***** ANSYS POST26 VARIABLE LISTING *****


    TIME         10 EPELX   
                  EPELX_7 
   0.27935      0.189164E-001
   0.28003      0.184609E-001
   0.28103      0.189797E-001
   0.28203      0.197284E-001
   0.28303      0.202111E-001
   0.28403      0.206568E-001
   0.28503      0.210772E-001
   0.28603      0.214606E-001
   0.28703      0.215571E-001
   0.28803      0.224333E-001
   0.28903      0.223739E-001
   0.28928      0.616708E-001
   0.28930      0.629570E-001
   0.28930      0.630077E-001
   0.28931      0.630331E-001
    1.0000      0.630491E-001

