
          ***** ANSYS POST26 VARIABLE LISTING *****


    TIME          2 S   X   
                  SX_4    
   0.10000E-02  0.413327E+007
   0.20000E-02  0.826654E+007
   0.30000E-02  0.123998E+008
   0.40000E-02  0.165331E+008
   0.50000E-02  0.206664E+008
   0.60000E-02  0.247996E+008
   0.70000E-02  0.289329E+008
   0.80000E-02  0.330662E+008
   0.90000E-02  0.371994E+008
   0.10000E-01  0.413327E+008
   0.11000E-01  0.454660E+008
   0.12000E-01  0.495992E+008
   0.13000E-01  0.537325E+008
   0.14000E-01  0.578658E+008
   0.15000E-01  0.619991E+008
   0.16000E-01  0.661323E+008
   0.17000E-01  0.702656E+008
   0.18000E-01  0.743989E+008
   0.19000E-01  0.785321E+008
   0.20000E-01  0.826654E+008

          ***** ANSYS POST26 VARIABLE LISTING *****


    TIME          2 S   X   
                  SX_4    
   0.21000E-01  0.867987E+008
   0.22000E-01  0.909320E+008
   0.23000E-01  0.950652E+008
   0.24000E-01  0.991985E+008
   0.25000E-01  0.103332E+009
   0.26000E-01  0.107465E+009
   0.27000E-01  0.111598E+009
   0.28000E-01  0.115732E+009
   0.29000E-01  0.119865E+009
   0.30000E-01  0.123998E+009
   0.31000E-01  0.128131E+009
   0.32000E-01  0.132265E+009
   0.33000E-01  0.136398E+009
   0.34000E-01  0.140531E+009
   0.35000E-01  0.144664E+009
   0.36000E-01  0.148798E+009
   0.37000E-01  0.152931E+009
   0.38000E-01  0.157064E+009
   0.39000E-01  0.161198E+009
   0.40000E-01  0.165331E+009

          ***** ANSYS POST26 VARIABLE LISTING *****


    TIME          2 S   X   
                  SX_4    
   0.41000E-01  0.169464E+009
   0.42000E-01  0.173597E+009
   0.43000E-01  0.177731E+009
   0.44000E-01  0.181864E+009
   0.45000E-01  0.185997E+009
   0.46000E-01  0.190130E+009
   0.47000E-01  0.194264E+009
   0.48000E-01  0.198397E+009
   0.49000E-01  0.202530E+009
   0.50000E-01  0.206664E+009
   0.51000E-01  0.210797E+009
   0.52000E-01  0.214930E+009
   0.53000E-01  0.219063E+009
   0.54000E-01  0.223197E+009
   0.55000E-01  0.227330E+009
   0.56000E-01  0.231463E+009
   0.57000E-01  0.235596E+009
   0.58000E-01  0.239730E+009
   0.59000E-01  0.243863E+009
   0.60000E-01  0.247996E+009

          ***** ANSYS POST26 VARIABLE LISTING *****


    TIME          2 S   X   
                  SX_4    
   0.61000E-01  0.252129E+009
   0.62000E-01  0.256263E+009
   0.63000E-01  0.260396E+009
   0.64000E-01  0.264529E+009
   0.65000E-01  0.268663E+009
   0.66000E-01  0.272796E+009
   0.67000E-01  0.276929E+009
   0.68000E-01  0.281062E+009
   0.69000E-01  0.285196E+009
   0.70000E-01  0.289329E+009
   0.71000E-01  0.293462E+009
   0.72000E-01  0.297595E+009
   0.73000E-01  0.301729E+009
   0.74000E-01  0.305862E+009
   0.75000E-01  0.309995E+009
   0.76000E-01  0.314129E+009
   0.77000E-01  0.318262E+009
   0.78000E-01  0.322395E+009
   0.79000E-01  0.326528E+009
   0.80000E-01  0.330662E+009

          ***** ANSYS POST26 VARIABLE LISTING *****


    TIME          2 S   X   
                  SX_4    
   0.81000E-01  0.334795E+009
   0.82000E-01  0.338928E+009
   0.83000E-01  0.343061E+009
   0.84000E-01  0.347195E+009
   0.85000E-01  0.351328E+009
   0.86000E-01  0.355461E+009
   0.87000E-01  0.359595E+009
   0.88000E-01  0.363728E+009
   0.89000E-01  0.367861E+009
   0.90000E-01  0.371994E+009
   0.91000E-01  0.376128E+009
   0.92000E-01  0.380261E+009
   0.93000E-01  0.384394E+009
   0.94000E-01  0.388527E+009
   0.95000E-01  0.392661E+009
   0.96000E-01  0.396794E+009
   0.97000E-01  0.400927E+009
   0.98000E-01  0.405061E+009
   0.99000E-01  0.409194E+009
   0.10000      0.413327E+009

          ***** ANSYS POST26 VARIABLE LISTING *****


    TIME          2 S   X   
                  SX_4    
   0.10100      0.417460E+009
   0.10200      0.421594E+009
   0.10300      0.425727E+009
   0.10400      0.429860E+009
   0.10500      0.433993E+009
   0.10600      0.438127E+009
   0.10700      0.442260E+009
   0.10800      0.446393E+009
   0.10900      0.450526E+009
   0.11000      0.454660E+009
   0.11100      0.458793E+009
   0.11200      0.462926E+009
   0.11300      0.467060E+009
   0.11400      0.471193E+009
   0.11500      0.475326E+009
   0.11600      0.479459E+009
   0.11700      0.483593E+009
   0.11800      0.487726E+009
   0.11900      0.491859E+009
   0.12000      0.495992E+009

          ***** ANSYS POST26 VARIABLE LISTING *****


    TIME          2 S   X   
                  SX_4    
   0.12100      0.500126E+009
   0.12200      0.504259E+009
   0.12300      0.508392E+009
   0.12400      0.512526E+009
   0.12500      0.516659E+009
   0.12600      0.520792E+009
   0.12700      0.524925E+009
   0.12800      0.529059E+009
   0.12900      0.533192E+009
   0.13000      0.537325E+009
   0.13100      0.541458E+009
   0.13200      0.545592E+009
   0.13300      0.549725E+009
   0.13400      0.553858E+009
   0.13500      0.557991E+009
   0.13600      0.562125E+009
   0.13700      0.566258E+009
   0.13800      0.570391E+009
   0.13900      0.574525E+009
   0.14000      0.578658E+009

          ***** ANSYS POST26 VARIABLE LISTING *****


    TIME          2 S   X   
                  SX_4    
   0.14100      0.582791E+009
   0.14200      0.586924E+009
   0.14300      0.591058E+009
   0.14400      0.595191E+009
   0.14500      0.599324E+009
   0.14600      0.603457E+009
   0.14700      0.607591E+009
   0.14800      0.611724E+009
   0.14900      0.615857E+009
   0.15000      0.619991E+009
   0.15100      0.624124E+009
   0.15200      0.628257E+009
   0.15300      0.632390E+009
   0.15400      0.636524E+009
   0.15500      0.640657E+009
   0.15600      0.644790E+009
   0.15700      0.648923E+009
   0.15800      0.653057E+009
   0.15900      0.657190E+009
   0.16000      0.661323E+009

          ***** ANSYS POST26 VARIABLE LISTING *****


    TIME          2 S   X   
                  SX_4    
   0.16100      0.665457E+009
   0.16200      0.669590E+009
   0.16300      0.673723E+009
   0.16400      0.677856E+009
   0.16500      0.681990E+009
   0.16600      0.686123E+009
   0.16700      0.690256E+009
   0.16800      0.694389E+009
   0.16900      0.698523E+009
   0.17000      0.702656E+009
   0.17100      0.706789E+009
   0.17200      0.710922E+009
   0.17300      0.715056E+009
   0.17400      0.719189E+009
   0.17500      0.723322E+009
   0.17600      0.727456E+009
   0.17700      0.731589E+009
   0.17800      0.735722E+009
   0.17900      0.739855E+009
   0.18000      0.743989E+009

          ***** ANSYS POST26 VARIABLE LISTING *****


    TIME          2 S   X   
                  SX_4    
   0.18100      0.748122E+009
   0.18200      0.752255E+009
   0.18300      0.756388E+009
   0.18400      0.760522E+009
   0.18500      0.764655E+009
   0.18600      0.768788E+009
   0.18700      0.772922E+009
   0.18800      0.777055E+009
   0.18900      0.781188E+009
   0.19000      0.785321E+009
   0.19100      0.789455E+009
   0.19200      0.793588E+009
   0.19300      0.797721E+009
   0.19400      0.801854E+009
   0.19500      0.805988E+009
   0.19600      0.810121E+009
   0.19700      0.814254E+009
   0.19800      0.818388E+009
   0.19900      0.822521E+009
   0.20000      0.826654E+009

          ***** ANSYS POST26 VARIABLE LISTING *****


    TIME          2 S   X   
                  SX_4    
   0.20100      0.830787E+009
   0.20200      0.834921E+009
   0.20300      0.839054E+009
   0.20400      0.843187E+009
   0.20500      0.847320E+009
   0.20600      0.851454E+009
   0.20700      0.855587E+009
   0.20800      0.859720E+009
   0.20900      0.863854E+009
   0.21000      0.867987E+009
   0.21100      0.872120E+009
   0.21200      0.876253E+009
   0.21300      0.880387E+009
   0.21400      0.884520E+009
   0.21500      0.888653E+009
   0.21600      0.892786E+009
   0.21700      0.896920E+009
   0.21800      0.901053E+009
   0.21900      0.905186E+009
   0.22000      0.909319E+009

          ***** ANSYS POST26 VARIABLE LISTING *****


    TIME          2 S   X   
                  SX_4    
   0.22100      0.902935E+009
   0.22200      0.894240E+009
   0.22300      0.885661E+009
   0.22400      0.877213E+009
   0.22500      0.868890E+009
   0.22600      0.860686E+009
   0.22700      0.852600E+009
   0.22800      0.844629E+009
   0.22900      0.808503E+009
   0.23000      0.754776E+009
   0.23100      0.708878E+009
   0.23200      0.675060E+009
   0.23300      0.650902E+009
   0.23400      0.631218E+009
   0.23500      0.612883E+009
   0.23600      0.595233E+009
   0.23700      0.578836E+009
   0.23800      0.563712E+009
   0.23900      0.549732E+009
   0.24000      0.536630E+009

          ***** ANSYS POST26 VARIABLE LISTING *****


    TIME          2 S   X   
                  SX_4    
   0.24100      0.524277E+009
   0.24200      0.512581E+009
   0.24300      0.501482E+009
   0.24400      0.490920E+009
   0.24500      0.480845E+009
   0.24600      0.471211E+009
   0.24700      0.461979E+009
   0.24800      0.453118E+009
   0.24900      0.444598E+009
   0.25000      0.436395E+009
   0.25100      0.428485E+009
   0.25200      0.420849E+009
   0.25300      0.413470E+009
   0.25400      0.406330E+009
   0.25500      0.399415E+009
   0.25600      0.392713E+009
   0.25700      0.386212E+009
   0.25800      0.379900E+009
   0.25900      0.373767E+009
   0.26000      0.367805E+009

          ***** ANSYS POST26 VARIABLE LISTING *****


    TIME          2 S   X   
                  SX_4    
   0.26100      0.362004E+009
   0.26200      0.356358E+009
   0.26300      0.350858E+009
   0.26400      0.345499E+009
   0.26500      0.340273E+009
   0.26600      0.333065E+009
   0.26700      0.324510E+009
   0.26800      0.316394E+009
   0.26900      0.308763E+009
   0.27000      0.301539E+009
   0.27100      0.294661E+009
   0.27200      0.288094E+009
   0.27300      0.281812E+009
   0.27400      0.275795E+009
   0.27500      0.270020E+009
   0.27600      0.264470E+009
   0.27700      0.259128E+009
   0.27800      0.253981E+009
   0.27845      0.232591E+009
   0.27890      0.224300E+009

          ***** ANSYS POST26 VARIABLE LISTING *****


    TIME          2 S   X   
                  SX_4    
   0.27935      0.208768E+009
   0.28003      0.208337E+009
   0.28103      0.200752E+009
   0.28203      0.190510E+009
   0.28303      0.183038E+009
   0.28403      0.176219E+009
   0.28503      0.170025E+009
   0.28603      0.164473E+009
   0.28703      0.161592E+009
   0.28803      0.153164E+009
   0.28903      0.150480E+009
   0.28928      0.236169E+008
   0.28930      0.222204E+008
   0.28930      0.221542E+008
   0.28931      0.221211E+008
    1.0000      0.221003E+008

