
          ***** ANSYS POST26 VARIABLE LISTING *****


    TIME         10 S   X   
                  SX_6    
   0.10000E-02  0.201480E+007
   0.20000E-02  0.402961E+007
   0.30000E-02  0.604441E+007
   0.40000E-02  0.805921E+007
   0.50000E-02  0.100740E+008
   0.60000E-02  0.120888E+008
   0.70000E-02  0.141036E+008
   0.80000E-02  0.161184E+008
   0.90000E-02  0.181332E+008
   0.10000E-01  0.201480E+008
   0.11000E-01  0.221628E+008
   0.12000E-01  0.241776E+008
   0.13000E-01  0.261924E+008
   0.14000E-01  0.282072E+008
   0.15000E-01  0.302221E+008
   0.16000E-01  0.322369E+008
   0.17000E-01  0.342517E+008
   0.18000E-01  0.362665E+008
   0.19000E-01  0.382813E+008
   0.20000E-01  0.402961E+008

          ***** ANSYS POST26 VARIABLE LISTING *****


    TIME         10 S   X   
                  SX_6    
   0.21000E-01  0.423109E+008
   0.22000E-01  0.443257E+008
   0.23000E-01  0.463405E+008
   0.24000E-01  0.483553E+008
   0.25000E-01  0.503701E+008
   0.26000E-01  0.523849E+008
   0.27000E-01  0.543997E+008
   0.28000E-01  0.564145E+008
   0.29000E-01  0.584293E+008
   0.30000E-01  0.604441E+008
   0.31000E-01  0.624589E+008
   0.32000E-01  0.644737E+008
   0.33000E-01  0.664885E+008
   0.34000E-01  0.685033E+008
   0.35000E-01  0.705181E+008
   0.36000E-01  0.725329E+008
   0.37000E-01  0.745477E+008
   0.38000E-01  0.765625E+008
   0.39000E-01  0.785773E+008
   0.40000E-01  0.805921E+008

          ***** ANSYS POST26 VARIABLE LISTING *****


    TIME         10 S   X   
                  SX_6    
   0.41000E-01  0.826069E+008
   0.42000E-01  0.846217E+008
   0.43000E-01  0.866366E+008
   0.44000E-01  0.886514E+008
   0.45000E-01  0.906662E+008
   0.46000E-01  0.926810E+008
   0.47000E-01  0.946958E+008
   0.48000E-01  0.967106E+008
   0.49000E-01  0.987254E+008
   0.50000E-01  0.100740E+009
   0.51000E-01  0.102755E+009
   0.52000E-01  0.104770E+009
   0.53000E-01  0.106785E+009
   0.54000E-01  0.108799E+009
   0.55000E-01  0.110814E+009
   0.56000E-01  0.112829E+009
   0.57000E-01  0.114844E+009
   0.58000E-01  0.116859E+009
   0.59000E-01  0.118873E+009
   0.60000E-01  0.120888E+009

          ***** ANSYS POST26 VARIABLE LISTING *****


    TIME         10 S   X   
                  SX_6    
   0.61000E-01  0.122903E+009
   0.62000E-01  0.124918E+009
   0.63000E-01  0.126933E+009
   0.64000E-01  0.128947E+009
   0.65000E-01  0.130962E+009
   0.66000E-01  0.132977E+009
   0.67000E-01  0.134992E+009
   0.68000E-01  0.137007E+009
   0.69000E-01  0.139021E+009
   0.70000E-01  0.141036E+009
   0.71000E-01  0.143051E+009
   0.72000E-01  0.145066E+009
   0.73000E-01  0.147081E+009
   0.74000E-01  0.149095E+009
   0.75000E-01  0.151110E+009
   0.76000E-01  0.153125E+009
   0.77000E-01  0.155140E+009
   0.78000E-01  0.157155E+009
   0.79000E-01  0.159169E+009
   0.80000E-01  0.161184E+009

          ***** ANSYS POST26 VARIABLE LISTING *****


    TIME         10 S   X   
                  SX_6    
   0.81000E-01  0.163199E+009
   0.82000E-01  0.165214E+009
   0.83000E-01  0.167229E+009
   0.84000E-01  0.169243E+009
   0.85000E-01  0.171258E+009
   0.86000E-01  0.173273E+009
   0.87000E-01  0.175288E+009
   0.88000E-01  0.177303E+009
   0.89000E-01  0.179318E+009
   0.90000E-01  0.181332E+009
   0.91000E-01  0.183347E+009
   0.92000E-01  0.185362E+009
   0.93000E-01  0.187377E+009
   0.94000E-01  0.189392E+009
   0.95000E-01  0.191406E+009
   0.96000E-01  0.193421E+009
   0.97000E-01  0.195436E+009
   0.98000E-01  0.197451E+009
   0.99000E-01  0.199466E+009
   0.10000      0.201480E+009

          ***** ANSYS POST26 VARIABLE LISTING *****


    TIME         10 S   X   
                  SX_6    
   0.10100      0.203495E+009
   0.10200      0.205510E+009
   0.10300      0.207525E+009
   0.10400      0.209540E+009
   0.10500      0.211554E+009
   0.10600      0.213569E+009
   0.10700      0.215584E+009
   0.10800      0.217599E+009
   0.10900      0.219614E+009
   0.11000      0.221628E+009
   0.11100      0.223643E+009
   0.11200      0.225658E+009
   0.11300      0.227673E+009
   0.11400      0.229688E+009
   0.11500      0.231702E+009
   0.11600      0.233717E+009
   0.11700      0.235732E+009
   0.11800      0.237747E+009
   0.11900      0.239762E+009
   0.12000      0.241776E+009

          ***** ANSYS POST26 VARIABLE LISTING *****


    TIME         10 S   X   
                  SX_6    
   0.12100      0.243791E+009
   0.12200      0.245806E+009
   0.12300      0.247821E+009
   0.12400      0.249836E+009
   0.12500      0.251850E+009
   0.12600      0.253865E+009
   0.12700      0.255880E+009
   0.12800      0.257895E+009
   0.12900      0.259910E+009
   0.13000      0.261924E+009
   0.13100      0.263939E+009
   0.13200      0.265954E+009
   0.13300      0.267969E+009
   0.13400      0.269984E+009
   0.13500      0.271998E+009
   0.13600      0.274013E+009
   0.13700      0.276028E+009
   0.13800      0.278043E+009
   0.13900      0.280058E+009
   0.14000      0.282072E+009

          ***** ANSYS POST26 VARIABLE LISTING *****


    TIME         10 S   X   
                  SX_6    
   0.14100      0.284087E+009
   0.14200      0.286102E+009
   0.14300      0.288117E+009
   0.14400      0.290132E+009
   0.14500      0.292146E+009
   0.14600      0.294161E+009
   0.14700      0.296176E+009
   0.14800      0.298191E+009
   0.14900      0.300206E+009
   0.15000      0.302221E+009
   0.15100      0.304235E+009
   0.15200      0.306250E+009
   0.15300      0.308265E+009
   0.15400      0.310280E+009
   0.15500      0.312295E+009
   0.15600      0.314309E+009
   0.15700      0.316324E+009
   0.15800      0.318339E+009
   0.15900      0.320354E+009
   0.16000      0.322369E+009

          ***** ANSYS POST26 VARIABLE LISTING *****


    TIME         10 S   X   
                  SX_6    
   0.16100      0.324383E+009
   0.16200      0.326398E+009
   0.16300      0.328413E+009
   0.16400      0.330428E+009
   0.16500      0.332443E+009
   0.16600      0.334457E+009
   0.16700      0.336472E+009
   0.16800      0.338487E+009
   0.16900      0.340502E+009
   0.17000      0.342517E+009
   0.17100      0.344531E+009
   0.17200      0.346546E+009
   0.17300      0.348561E+009
   0.17400      0.350576E+009
   0.17500      0.352591E+009
   0.17600      0.354605E+009
   0.17700      0.356620E+009
   0.17800      0.358635E+009
   0.17900      0.360650E+009
   0.18000      0.362665E+009

          ***** ANSYS POST26 VARIABLE LISTING *****


    TIME         10 S   X   
                  SX_6    
   0.18100      0.364679E+009
   0.18200      0.366694E+009
   0.18300      0.368709E+009
   0.18400      0.370724E+009
   0.18500      0.372739E+009
   0.18600      0.374753E+009
   0.18700      0.376768E+009
   0.18800      0.378783E+009
   0.18900      0.380798E+009
   0.19000      0.382813E+009
   0.19100      0.384827E+009
   0.19200      0.386842E+009
   0.19300      0.388857E+009
   0.19400      0.390872E+009
   0.19500      0.392887E+009
   0.19600      0.394901E+009
   0.19700      0.396916E+009
   0.19800      0.398931E+009
   0.19900      0.400946E+009
   0.20000      0.402961E+009

          ***** ANSYS POST26 VARIABLE LISTING *****


    TIME         10 S   X   
                  SX_6    
   0.20100      0.404975E+009
   0.20200      0.406990E+009
   0.20300      0.409005E+009
   0.20400      0.411020E+009
   0.20500      0.413035E+009
   0.20600      0.415050E+009
   0.20700      0.417064E+009
   0.20800      0.419079E+009
   0.20900      0.421094E+009
   0.21000      0.423109E+009
   0.21100      0.425124E+009
   0.21200      0.427138E+009
   0.21300      0.429153E+009
   0.21400      0.431168E+009
   0.21500      0.433183E+009
   0.21600      0.435198E+009
   0.21700      0.437212E+009
   0.21800      0.439227E+009
   0.21900      0.441242E+009
   0.22000      0.443257E+009

          ***** ANSYS POST26 VARIABLE LISTING *****


    TIME         10 S   X   
                  SX_6    
   0.22100      0.446454E+009
   0.22200      0.449905E+009
   0.22300      0.453347E+009
   0.22400      0.456773E+009
   0.22500      0.460185E+009
   0.22600      0.463584E+009
   0.22700      0.466970E+009
   0.22800      0.470343E+009
   0.22900      0.484489E+009
   0.23000      0.506688E+009
   0.23100      0.525895E+009
   0.23200      0.541147E+009
   0.23300      0.552947E+009
   0.23400      0.563096E+009
   0.23500      0.572839E+009
   0.23600      0.582382E+009
   0.23700      0.591495E+009
   0.23800      0.600187E+009
   0.23900      0.608467E+009
   0.24000      0.616448E+009

          ***** ANSYS POST26 VARIABLE LISTING *****


    TIME         10 S   X   
                  SX_6    
   0.24100      0.624169E+009
   0.24200      0.631666E+009
   0.24300      0.638957E+009
   0.24400      0.646062E+009
   0.24500      0.652998E+009
   0.24600      0.659783E+009
   0.24700      0.666428E+009
   0.24800      0.672946E+009
   0.24900      0.679345E+009
   0.25000      0.685635E+009
   0.25100      0.691823E+009
   0.25200      0.697917E+009
   0.25300      0.703921E+009
   0.25400      0.709843E+009
   0.25500      0.715686E+009
   0.25600      0.721456E+009
   0.25700      0.727156E+009
   0.25800      0.732791E+009
   0.25900      0.738363E+009
   0.26000      0.743876E+009

          ***** ANSYS POST26 VARIABLE LISTING *****


    TIME         10 S   X   
                  SX_6    
   0.26100      0.749333E+009
   0.26200      0.754736E+009
   0.26300      0.760089E+009
   0.26400      0.765392E+009
   0.26500      0.770649E+009
   0.26600      0.780025E+009
   0.26700      0.792487E+009
   0.26800      0.804593E+009
   0.26900      0.816263E+009
   0.27000      0.827578E+009
   0.27100      0.838596E+009
   0.27200      0.849351E+009
   0.27300      0.859861E+009
   0.27400      0.870146E+009
   0.27500      0.880221E+009
   0.27600      0.890104E+009
   0.27700      0.899807E+009
   0.27800      0.909342E+009
   0.27845      0.859333E+009
   0.27890      0.824080E+009

          ***** ANSYS POST26 VARIABLE LISTING *****


    TIME         10 S   X   
                  SX_6    
   0.27935      0.773008E+009
   0.28003      0.754429E+009
   0.28103      0.770011E+009
   0.28203      0.735421E+009
   0.28303      0.713952E+009
   0.28403      0.694682E+009
   0.28503      0.676983E+009
   0.28603      0.661236E+009
   0.28703      0.657324E+009
   0.28803      0.622904E+009
   0.28903      0.621235E+009
   0.28928      0.562395E+008
   0.28930      0.519742E+008
   0.28930      0.518119E+008
   0.28931      0.517309E+008
    1.0000      0.516798E+008

