
          


       
          0	    0          
   0.10000E-02   49.8929     
   0.20000E-02   99.7858     
   0.30000E-02   149.679     
   0.40000E-02   199.572     
   0.50000E-02   249.465     
   0.60000E-02   299.358     
   0.70000E-02   349.250     
   0.80000E-02   399.143     
   0.90000E-02   449.036     
   0.10000E-01   498.929     
   0.11000E-01   548.822     
   0.12000E-01   598.715     
   0.13000E-01   648.608     
   0.14000E-01   698.501     
   0.15000E-01   748.394     
   0.16000E-01   798.287     
   0.17000E-01   848.180     
   0.18000E-01   898.073     
   0.19000E-01   947.966     
   0.20000E-01   997.858     

          


       
                    
   0.21000E-01   1047.75     
   0.22000E-01   1097.64     
   0.23000E-01   1147.54     
   0.24000E-01   1197.43     
   0.25000E-01   1247.32     
   0.26000E-01   1297.22     
   0.27000E-01   1347.11     
   0.28000E-01   1397.00     
   0.29000E-01   1446.89     
   0.30000E-01   1496.79     
   0.31000E-01   1546.68     
   0.32000E-01   1596.57     
   0.33000E-01   1646.47     
   0.34000E-01   1696.36     
   0.35000E-01   1746.25     
   0.36000E-01   1796.15     
   0.37000E-01   1846.04     
   0.38000E-01   1895.93     
   0.39000E-01   1945.82     
   0.40000E-01   1995.72     

          


       
                    
   0.41000E-01   2045.61     
   0.42000E-01   2095.50     
   0.43000E-01   2145.40     
   0.44000E-01   2195.29     
   0.45000E-01   2245.18     
   0.46000E-01   2295.07     
   0.47000E-01   2344.82     
   0.48000E-01   2394.47     
   0.49000E-01   2444.12     
   0.50000E-01   2493.76     
   0.51000E-01   2543.41     
   0.52000E-01   2592.88     
   0.53000E-01   2642.12     
   0.54000E-01   2691.34     
   0.55000E-01   2740.58     
   0.56000E-01   2789.81     
   0.57000E-01   2839.05     
   0.58000E-01   2888.29     
   0.59000E-01   2937.52     
   0.60000E-01   2986.76     

          


       
                    
   0.61000E-01   3036.00     
   0.62000E-01   3085.23     
   0.63000E-01   3134.47     
   0.64000E-01   3183.70     
   0.65000E-01   3232.94     
   0.66000E-01   3282.17     
   0.67000E-01   3331.41     
   0.68000E-01   3380.64     
   0.69000E-01   3429.67     
   0.70000E-01   3478.65     
   0.71000E-01   3527.63     
   0.72000E-01   3576.61     
   0.73000E-01   3625.59     
   0.74000E-01   3674.57     
   0.75000E-01   3723.52     
   0.76000E-01   3772.40     
   0.77000E-01   3821.28     
   0.78000E-01   3870.15     
   0.79000E-01   3919.03     
   0.80000E-01   3967.90     

          


       
                    
   0.81000E-01   4016.72     
   0.82000E-01   4065.41     
   0.83000E-01   4113.93     
   0.84000E-01   4162.41     
   0.85000E-01   4210.63     
   0.86000E-01   4258.75     
   0.87000E-01   4306.75     
   0.88000E-01   4354.33     
   0.89000E-01   4401.80     
   0.90000E-01   4449.30     
   0.91000E-01   4496.84     
   0.92000E-01   4544.38     
   0.93000E-01   4591.91     
   0.94000E-01   4639.44     
   0.95000E-01   4686.98     
   0.96000E-01   4734.30     
   0.97000E-01   4781.41     
   0.98000E-01   4828.59     
   0.99000E-01   4875.77     
   0.10000       4922.96     

          


       
                    
   0.10100       4970.09     
   0.10200       5017.11     
   0.10300       5063.91     
   0.10400       5110.64     
   0.10500       5157.11     
   0.10600       5203.23     
   0.10700       5248.96     
   0.10800       5294.27     
   0.10900       5339.66     
   0.11000       5385.01     
   0.11100       5430.41     
   0.11200       5475.80     
   0.11300       5521.20     
   0.11400       5566.32     
   0.11500       5611.22     
   0.11600       5656.21     
   0.11700       5701.16     
   0.11800       5746.04     
   0.11900       5790.88     
   0.12000       5835.36     

          


       
                    
   0.12100       5879.60     
   0.12200       5923.37     
   0.12300       5966.63     
   0.12400       6009.47     
   0.12500       6052.22     
   0.12600       6095.07     
   0.12700       6137.94     
   0.12800       6180.82     
   0.12900       6223.37     
   0.13000       6265.67     
   0.13100       6308.10     
   0.13200       6350.43     
   0.13300       6392.68     
   0.13400       6434.47     
   0.13500       6476.06     
   0.13600       6517.09     
   0.13700       6557.13     
   0.13800       6596.99     
   0.13900       6636.89     
   0.14000       6676.92     

          


       
                    
   0.14100       6716.98     
   0.14200       6756.63     
   0.14300       6796.03     
   0.14400       6835.60     
   0.14500       6875.00     
   0.14600       6914.04     
   0.14700       6952.84     
   0.14800       6990.98     
   0.14900       7027.78     
   0.15000       7064.62     
   0.15100       7101.27     
   0.15200       7138.30     
   0.15300       7175.05     
   0.15400       7211.50     
   0.15500       7247.89     
   0.15600       7284.29     
   0.15700       7320.30     
   0.15800       7356.06     
   0.15900       7391.01     
   0.16000       7424.49     

          


       
                    
   0.16100       7457.80     
   0.16200       7491.32     
   0.16300       7525.01     
   0.16400       7558.39     
   0.16500       7591.49     
   0.16600       7624.77     
   0.16700       7657.78     
   0.16800       7690.35     
   0.16900       7722.05     
   0.17000       7752.43     
   0.17100       7782.28     
   0.17200       7812.44     
   0.17300       7842.78     
   0.17400       7872.80     
   0.17500       7902.62     
   0.17600       7932.62     
   0.17700       7962.20     
   0.17800       7991.25     
   0.17900       8019.15     
   0.18000       8045.58     

          


       
                    
   0.18100       8072.24     
   0.18200       8099.07     
   0.18300       8125.97     
   0.18400       8152.56     
   0.18500       8179.39     
   0.18600       8205.80     
   0.18700       8231.56     
   0.18800       8256.41     
   0.18900       8279.29     
   0.19000       8302.76     
   0.19100       8326.34     
   0.19200       8349.93     
   0.19300       8373.38     
   0.19400       8397.03     
   0.19500       8420.03     
   0.19600       8442.27     
   0.19700       8463.06     
   0.19800       8482.44     
   0.19900       8503.06     
   0.20000       8523.59     

          


       
                    
   0.20100       8543.97     
   0.20200       8564.56     
   0.20300       8584.66     
   0.20400       8604.01     
   0.20500       8621.73     
   0.20600       8637.93     
   0.20700       8655.36     
   0.20800       8672.71     
   0.20900       8690.18     
   0.21000       8707.86     
   0.21100       8724.99     
   0.21200       8740.95     
   0.21300       8754.79     
   0.21400       8767.85     
   0.21500       8782.66     
   0.21600       8796.87     
   0.21700       8811.62     
   0.21800       8825.69     
   0.21900       8839.09     
   0.22000       8850.56     

          


       
                    
   0.22100       8860.46     
   0.22200       8872.42     
   0.22300       8883.77     
   0.22400       8895.55     
   0.22500       8906.88     
   0.22600       8917.56     
   0.22700       8925.74     
   0.22800       8932.87     
   0.22900       8941.69     
   0.23000       8950.38     
   0.23100       8959.67     
   0.23200       8968.22     
   0.23300       8974.07     
   0.23400       8979.16     
   0.23500       8985.09     
   0.23600       8991.13     
   0.23700       8997.61     
   0.23800       9004.04     
   0.23900       9009.85     
   0.24000       9013.15     

          


       
                    
   0.24100       9014.95     
   0.24200       9018.72     
   0.24300       9022.77     
   0.24400       9027.33     
   0.24500       9031.42     
   0.24600       9033.45     
   0.24700       9033.19     
   0.24800       9034.46     
   0.24900       9036.33     
   0.25000       9039.15     
   0.25100       9041.42     
   0.25200       9041.47     
   0.25300       9040.10     
   0.25400       9039.46     
   0.25500       9039.67     
   0.25600       9040.34     
   0.25700       9041.06     
   0.25800       9041.40     
   0.25900       9039.19     
   0.26000       9035.46     

          


       
                    
   0.26100       9033.91     
   0.26200       9033.13     
   0.26300       9032.86     
   0.26400       9032.48     
   0.26500       9029.15     
   0.26600       9024.13     
   0.26700       9020.97     
   0.26800       9018.43     
   0.26900       9017.29     
   0.27000       9015.86     
   0.27100       9011.96     
   0.27200       9005.77     
   0.27300       9001.15     
   0.27400       8997.21     
   0.27500       8994.99     
   0.27600       8992.68     
   0.27700       8987.86     
   0.27800       8980.78     
   0.27900       8974.46     
   0.28000       8969.41     

          


       
                    
   0.28100       8966.21     
   0.28200       8962.87     
   0.28300       8957.02     
   0.28400       8949.04     
   0.28500       8941.81     
   0.28600       8935.48     
   0.28700       8931.05     
   0.28800       8926.65     
   0.28900       8919.91     
   0.29000       8910.60     
   0.29100       8902.30     
   0.29200       8895.00     
   0.29300       8889.82     
   0.29400       8884.65     
   0.29500       8876.69     
   0.29600       8866.26     
   0.29700       8857.21     
   0.29800       8849.18     
   0.29900       8843.11     
   0.30000       8836.54     

          


       
                    
   0.30100       8829.65     
   0.30200       8816.35     
   0.30300       8807.73     
   0.30400       8800.10     
   0.30500       8793.02     
   0.30600       8785.91     
   0.30700       8776.68     
   0.30800       8764.42     
   0.30900       8754.82     
   0.31000       8746.01     
   0.31100       8738.62     
   0.31200       8731.61     
   0.31300       8723.20     
   0.31400       8710.10     
   0.31500       8700.68     
   0.31600       8692.38     
   0.31700       8684.73     
   0.31800       8677.46     
   0.31900       8668.48     
   0.32000       8656.27     

          


       
                    
   0.32100       8646.03     
   0.32200       8636.69     
   0.32300       8629.67     
   0.32400       8622.81     
   0.32500       8613.33     
   0.32600       8603.72     
   0.32700       8591.93     
   0.32800       8582.66     
   0.32900       8575.39     
   0.33000       8568.58     
   0.33100       8560.28     
   0.33200       8551.72     
   0.33300       8538.47     
   0.33400       8529.53     
   0.33500       8521.16     
   0.33600       8513.32     
   0.33700       8505.43     
   0.33800       8498.73     
   0.33900       8485.06     
   0.34000       8476.13     

          


       
                    
   0.34100       8468.24     
   0.34200       8459.94     
   0.34300       8451.96     
   0.34400       8444.89     
   0.34500       8431.08     
   0.34600       8420.81     
   0.34700       8411.65     
   0.34800       8403.15     
   0.34900       8394.43     
   0.35000       8385.85     
   0.35100       8376.65     
   0.35200       8363.19     
   0.35300       8352.89     
   0.35400       8344.56     
   0.35500       8336.82     
   0.35600       8325.68     
   0.35700       8314.95     
   0.35800       8302.07     
   0.35900       8290.53     
   0.36000       8282.05     

          


       
                    
   0.36100       8274.02     
   0.36200       8262.21     
   0.36300       8251.36     
   0.36400       8236.62     
   0.36500       8224.61     
   0.36600       8215.07     
   0.36700       8205.96     
   0.36800       8195.30     
   0.36900       8179.77     
   0.37000       8166.93     
   0.37100       8154.17     
   0.37200       8144.33     
   0.37300       8134.40     
   0.37400       8124.74     
   0.37500       8106.54     
   0.37600       8094.10     
   0.37700       8081.66     
   0.37800       8070.46     
   0.37900       8059.56     
   0.38000       8045.82     

          


       
                    
   0.38100       8032.11     
   0.38200       8018.74     
   0.38300       8008.53     
   0.38400       7999.45     
   0.38500       7984.98     
   0.38600       7967.81     
   0.38700       7957.14     
   0.38800       7946.05     
   0.38900       7934.73     
   0.39000       7924.46     
   0.39100       7910.21     
   0.39200       7892.63     
   0.39300       7882.82     
   0.39400       7871.71     
   0.39500       7860.86     
   0.39600       7850.64     
   0.39700       7837.70     
   0.39800       7826.90     
   0.39900       7809.35     
   0.40000       7796.75     

          


       
                    
   0.40100       7785.72     
   0.40200       7774.27     
   0.40300       7758.60     
   0.40400       7746.95     
   0.40500       7735.51     
   0.40600       7726.07     
   0.40700       7713.91     
   0.40800       7701.04     
   0.40900       7690.28     
   0.41000       7678.06     
   0.41100       7663.26     
   0.41200       7649.74     
   0.41300       7639.63     
   0.41400       7630.46     
   0.41500       7617.63     
   0.41600       7606.66     
   0.41700       7589.43     
   0.41800       7576.31     
   0.41900       7565.07     
   0.42000       7553.97     

          


       
                    
   0.42100       7540.81     
   0.42200       7529.57     
   0.42300       7514.73     
   0.42400       7500.07     
   0.42500       7490.14     
   0.42600       7481.32     
   0.42700       7467.61     
   0.42800       7454.96     
   0.42900       7438.91     
   0.43000       7424.88     
   0.43100       7413.88     
   0.43200       7402.46     
   0.43300       7388.61     
   0.43400       7376.96     
   0.43500       7363.21     
   0.43600       7348.43     
   0.43700       7338.16     
   0.43800       7326.47     
   0.43900       7313.30     
   0.44000       7301.35     

          


       
                    
   0.44100       7288.61     
   0.44200       7278.68     
   0.44300       7265.11     
   0.44400       7253.55     
   0.44500       7240.13     
   0.44600       7230.09     
   0.44700       7215.02     
   0.44800       7202.13     
   0.44900       7191.93     
   0.45000       7180.77     
   0.45100       7170.86     
   0.45200       7160.47     
   0.45300       7144.80     
   0.45400       7133.16     
   0.45500       7122.46     
   0.45600       7109.83     
   0.45700       7102.91     
   0.45800       7092.69     
   0.45900       7078.40     
   0.46000       7066.96     

          


       
                    
   0.46100       7054.06     
   0.46200       7045.97     
   0.46300       7038.34     
   0.46400       7024.16     
   0.46500       7009.53     
   0.46600       7001.99     
   0.46700       6992.57     
   0.46800       6983.52     
   0.46900       6974.42     
   0.47000       6963.47     
   0.47100       6950.06     
   0.47200       6937.53     
   0.47300       6928.26     
   0.47400       6920.47     
   0.47500       6908.90     
   0.47600       6898.14     
   0.47700       6887.51     
   0.47800       6880.15     
   0.47900       6864.03     
   0.48000       6853.31     

          


       
                    
   0.48100       6842.46     
   0.48200       6832.38     
   0.48300       6825.14     
   0.48400       6810.03     
   0.48500       6798.16     
   0.48600       6784.18     
   0.48700       6774.24     
   0.48800       6765.73     
   0.48900       6754.24     
   0.49000       6742.37     
   0.49100       6731.57     
   0.49200       6720.22     
   0.49300       6710.73     
   0.49400       6699.06     
   0.49500       6689.22     
   0.49600       6676.49     
   0.49700       6659.62     
   0.49800       6644.55     
   0.49900       6633.76     
   0.50000       6622.64     

          


       
                    
   0.50100       6614.05     
   0.50145       6600.72     
   0.50190       6593.62     
   0.50258       6588.00     
   0.50358       6580.44     
   0.50458       6564.81     
   0.50558       6547.12     
   0.50658       6550.95     
   0.50703       6533.25     
   0.50748       6530.23     
   0.50781       6521.86     
   0.50815       6517.81     
   0.50866       6507.97     
   0.50942       6493.26     
   0.51042       6492.86     
   0.51142       6475.10     
   0.51187       6468.97     
   0.51207       6458.29     
    1.0000       6455.21     
    1.0000       4679.92 
