
         


        
         0		0           
   0.10000E-02  0.200000E-005
   0.20000E-02  0.400000E-005
   0.30000E-02  0.600000E-005
   0.40000E-02  0.800000E-005
   0.50000E-02  0.100000E-004
   0.60000E-02  0.120000E-004
   0.70000E-02  0.140000E-004
   0.80000E-02  0.160000E-004
   0.90000E-02  0.180000E-004
   0.10000E-01  0.200000E-004
   0.11000E-01  0.220000E-004
   0.12000E-01  0.240000E-004
   0.13000E-01  0.260000E-004
   0.14000E-01  0.280000E-004
   0.15000E-01  0.300000E-004
   0.16000E-01  0.320000E-004
   0.17000E-01  0.340000E-004
   0.18000E-01  0.360000E-004
   0.19000E-01  0.380000E-004
   0.20000E-01  0.400000E-004

         


        
                    
   0.21000E-01  0.420000E-004
   0.22000E-01  0.440000E-004
   0.23000E-01  0.460000E-004
   0.24000E-01  0.480000E-004
   0.25000E-01  0.500000E-004
   0.26000E-01  0.520000E-004
   0.27000E-01  0.540000E-004
   0.28000E-01  0.560000E-004
   0.29000E-01  0.580000E-004
   0.30000E-01  0.600000E-004
   0.31000E-01  0.620000E-004
   0.32000E-01  0.640000E-004
   0.33000E-01  0.660000E-004
   0.34000E-01  0.680000E-004
   0.35000E-01  0.700000E-004
   0.36000E-01  0.720000E-004
   0.37000E-01  0.740000E-004
   0.38000E-01  0.760000E-004
   0.39000E-01  0.780000E-004
   0.40000E-01  0.800000E-004

         


        
                    
   0.41000E-01  0.820000E-004
   0.42000E-01  0.840000E-004
   0.43000E-01  0.860000E-004
   0.44000E-01  0.880000E-004
   0.45000E-01  0.900000E-004
   0.46000E-01  0.920000E-004
   0.47000E-01  0.940000E-004
   0.48000E-01  0.960000E-004
   0.49000E-01  0.980000E-004
   0.50000E-01  0.100000E-003
   0.51000E-01  0.102000E-003
   0.52000E-01  0.104000E-003
   0.53000E-01  0.106000E-003
   0.54000E-01  0.108000E-003
   0.55000E-01  0.110000E-003
   0.56000E-01  0.112000E-003
   0.57000E-01  0.114000E-003
   0.58000E-01  0.116000E-003
   0.59000E-01  0.118000E-003
   0.60000E-01  0.120000E-003

         


        
                    
   0.61000E-01  0.122000E-003
   0.62000E-01  0.124000E-003
   0.63000E-01  0.126000E-003
   0.64000E-01  0.128000E-003
   0.65000E-01  0.130000E-003
   0.66000E-01  0.132000E-003
   0.67000E-01  0.134000E-003
   0.68000E-01  0.136000E-003
   0.69000E-01  0.138000E-003
   0.70000E-01  0.140000E-003
   0.71000E-01  0.142000E-003
   0.72000E-01  0.144000E-003
   0.73000E-01  0.146000E-003
   0.74000E-01  0.148000E-003
   0.75000E-01  0.150000E-003
   0.76000E-01  0.152000E-003
   0.77000E-01  0.154000E-003
   0.78000E-01  0.156000E-003
   0.79000E-01  0.158000E-003
   0.80000E-01  0.160000E-003

         


        
                    
   0.81000E-01  0.162000E-003
   0.82000E-01  0.164000E-003
   0.83000E-01  0.166000E-003
   0.84000E-01  0.168000E-003
   0.85000E-01  0.170000E-003
   0.86000E-01  0.172000E-003
   0.87000E-01  0.174000E-003
   0.88000E-01  0.176000E-003
   0.89000E-01  0.178000E-003
   0.90000E-01  0.180000E-003
   0.91000E-01  0.182000E-003
   0.92000E-01  0.184000E-003
   0.93000E-01  0.186000E-003
   0.94000E-01  0.188000E-003
   0.95000E-01  0.190000E-003
   0.96000E-01  0.192000E-003
   0.97000E-01  0.194000E-003
   0.98000E-01  0.196000E-003
   0.99000E-01  0.198000E-003
   0.10000      0.200000E-003

         


        
                    
   0.10100      0.202000E-003
   0.10200      0.204000E-003
   0.10300      0.206000E-003
   0.10400      0.208000E-003
   0.10500      0.210000E-003
   0.10600      0.212000E-003
   0.10700      0.214000E-003
   0.10800      0.216000E-003
   0.10900      0.218000E-003
   0.11000      0.220000E-003
   0.11100      0.222000E-003
   0.11200      0.224000E-003
   0.11300      0.226000E-003
   0.11400      0.228000E-003
   0.11500      0.230000E-003
   0.11600      0.232000E-003
   0.11700      0.234000E-003
   0.11800      0.236000E-003
   0.11900      0.238000E-003
   0.12000      0.240000E-003

         


        
                    
   0.12100      0.242000E-003
   0.12200      0.244000E-003
   0.12300      0.246000E-003
   0.12400      0.248000E-003
   0.12500      0.250000E-003
   0.12600      0.252000E-003
   0.12700      0.254000E-003
   0.12800      0.256000E-003
   0.12900      0.258000E-003
   0.13000      0.260000E-003
   0.13100      0.262000E-003
   0.13200      0.264000E-003
   0.13300      0.266000E-003
   0.13400      0.268000E-003
   0.13500      0.270000E-003
   0.13600      0.272000E-003
   0.13700      0.274000E-003
   0.13800      0.276000E-003
   0.13900      0.278000E-003
   0.14000      0.280000E-003

         


        
                    
   0.14100      0.282000E-003
   0.14200      0.284000E-003
   0.14300      0.286000E-003
   0.14400      0.288000E-003
   0.14500      0.290000E-003
   0.14600      0.292000E-003
   0.14700      0.294000E-003
   0.14800      0.296000E-003
   0.14900      0.298000E-003
   0.15000      0.300000E-003
   0.15100      0.302000E-003
   0.15200      0.304000E-003
   0.15300      0.306000E-003
   0.15400      0.308000E-003
   0.15500      0.310000E-003
   0.15600      0.312000E-003
   0.15700      0.314000E-003
   0.15800      0.316000E-003
   0.15900      0.318000E-003
   0.16000      0.320000E-003

         


        
                    
   0.16100      0.322000E-003
   0.16200      0.324000E-003
   0.16300      0.326000E-003
   0.16400      0.328000E-003
   0.16500      0.330000E-003
   0.16600      0.332000E-003
   0.16700      0.334000E-003
   0.16800      0.336000E-003
   0.16900      0.338000E-003
   0.17000      0.340000E-003
   0.17100      0.342000E-003
   0.17200      0.344000E-003
   0.17300      0.346000E-003
   0.17400      0.348000E-003
   0.17500      0.350000E-003
   0.17600      0.352000E-003
   0.17700      0.354000E-003
   0.17800      0.356000E-003
   0.17900      0.358000E-003
   0.18000      0.360000E-003

         


        
                    
   0.18100      0.362000E-003
   0.18200      0.364000E-003
   0.18300      0.366000E-003
   0.18400      0.368000E-003
   0.18500      0.370000E-003
   0.18600      0.372000E-003
   0.18700      0.374000E-003
   0.18800      0.376000E-003
   0.18900      0.378000E-003
   0.19000      0.380000E-003
   0.19100      0.382000E-003
   0.19200      0.384000E-003
   0.19300      0.386000E-003
   0.19400      0.388000E-003
   0.19500      0.390000E-003
   0.19600      0.392000E-003
   0.19700      0.394000E-003
   0.19800      0.396000E-003
   0.19900      0.398000E-003
   0.20000      0.400000E-003

         


        
                    
   0.20100      0.402000E-003
   0.20200      0.404000E-003
   0.20300      0.406000E-003
   0.20400      0.408000E-003
   0.20500      0.410000E-003
   0.20600      0.412000E-003
   0.20700      0.414000E-003
   0.20800      0.416000E-003
   0.20900      0.418000E-003
   0.21000      0.420000E-003
   0.21100      0.422000E-003
   0.21200      0.424000E-003
   0.21300      0.426000E-003
   0.21400      0.428000E-003
   0.21500      0.430000E-003
   0.21600      0.432000E-003
   0.21700      0.434000E-003
   0.21800      0.436000E-003
   0.21900      0.438000E-003
   0.22000      0.440000E-003

         


        
                    
   0.22100      0.442000E-003
   0.22200      0.444000E-003
   0.22300      0.446000E-003
   0.22400      0.448000E-003
   0.22500      0.450000E-003
   0.22600      0.452000E-003
   0.22700      0.454000E-003
   0.22800      0.456000E-003
   0.22900      0.458000E-003
   0.23000      0.460000E-003
   0.23100      0.462000E-003
   0.23200      0.464000E-003
   0.23300      0.466000E-003
   0.23400      0.468000E-003
   0.23500      0.470000E-003
   0.23600      0.472000E-003
   0.23700      0.474000E-003
   0.23800      0.476000E-003
   0.23900      0.478000E-003
   0.24000      0.480000E-003

         


        
                    
   0.24100      0.482000E-003
   0.24200      0.484000E-003
   0.24300      0.486000E-003
   0.24400      0.488000E-003
   0.24500      0.490000E-003
   0.24600      0.492000E-003
   0.24700      0.494000E-003
   0.24800      0.496000E-003
   0.24900      0.498000E-003
   0.25000      0.500000E-003
   0.25100      0.502000E-003
   0.25200      0.504000E-003
   0.25300      0.506000E-003
   0.25400      0.508000E-003
   0.25500      0.510000E-003
   0.25600      0.512000E-003
   0.25700      0.514000E-003
   0.25800      0.516000E-003
   0.25900      0.518000E-003
   0.26000      0.520000E-003

         


        
                    
   0.26100      0.522000E-003
   0.26200      0.524000E-003
   0.26300      0.526000E-003
   0.26400      0.528000E-003
   0.26500      0.530000E-003
   0.26600      0.532000E-003
   0.26700      0.534000E-003
   0.26800      0.536000E-003
   0.26900      0.538000E-003
   0.27000      0.540000E-003
   0.27100      0.542000E-003
   0.27200      0.544000E-003
   0.27300      0.546000E-003
   0.27400      0.548000E-003
   0.27500      0.550000E-003
   0.27600      0.552000E-003
   0.27700      0.554000E-003
   0.27800      0.556000E-003
   0.27900      0.558000E-003
   0.28000      0.560000E-003

         


        
                    
   0.28100      0.562000E-003
   0.28200      0.564000E-003
   0.28300      0.566000E-003
   0.28400      0.568000E-003
   0.28500      0.570000E-003
   0.28600      0.572000E-003
   0.28700      0.574000E-003
   0.28800      0.576000E-003
   0.28900      0.578000E-003
   0.29000      0.580000E-003
   0.29100      0.582000E-003
   0.29200      0.584000E-003
   0.29300      0.586000E-003
   0.29400      0.588000E-003
   0.29500      0.590000E-003
   0.29600      0.592000E-003
   0.29700      0.594000E-003
   0.29800      0.596000E-003
   0.29900      0.598000E-003
   0.30000      0.600000E-003

         


        
                    
   0.30100      0.602000E-003
   0.30200      0.604000E-003
   0.30300      0.606000E-003
   0.30400      0.608000E-003
   0.30500      0.610000E-003
   0.30600      0.612000E-003
   0.30700      0.614000E-003
   0.30800      0.616000E-003
   0.30900      0.618000E-003
   0.31000      0.620000E-003
   0.31100      0.622000E-003
   0.31200      0.624000E-003
   0.31300      0.626000E-003
   0.31400      0.628000E-003
   0.31500      0.630000E-003
   0.31600      0.632000E-003
   0.31700      0.634000E-003
   0.31800      0.636000E-003
   0.31900      0.638000E-003
   0.32000      0.640000E-003

         


        
                    
   0.32100      0.642000E-003
   0.32200      0.644000E-003
   0.32300      0.646000E-003
   0.32400      0.648000E-003
   0.32500      0.650000E-003
   0.32600      0.652000E-003
   0.32700      0.654000E-003
   0.32800      0.656000E-003
   0.32900      0.658000E-003
   0.33000      0.660000E-003
   0.33100      0.662000E-003
   0.33200      0.664000E-003
   0.33300      0.666000E-003
   0.33400      0.668000E-003
   0.33500      0.670000E-003
   0.33600      0.672000E-003
   0.33700      0.674000E-003
   0.33800      0.676000E-003
   0.33900      0.678000E-003
   0.34000      0.680000E-003

         


        
                    
   0.34100      0.682000E-003
   0.34200      0.684000E-003
   0.34300      0.686000E-003
   0.34400      0.688000E-003
   0.34500      0.690000E-003
   0.34600      0.692000E-003
   0.34700      0.694000E-003
   0.34800      0.696000E-003
   0.34900      0.698000E-003
   0.35000      0.700000E-003
   0.35100      0.702000E-003
   0.35200      0.704000E-003
   0.35300      0.706000E-003
   0.35400      0.708000E-003
   0.35500      0.710000E-003
   0.35600      0.712000E-003
   0.35700      0.714000E-003
   0.35800      0.716000E-003
   0.35900      0.718000E-003
   0.36000      0.720000E-003

         


        
                    
   0.36100      0.722000E-003
   0.36200      0.724000E-003
   0.36300      0.726000E-003
   0.36400      0.728000E-003
   0.36500      0.730000E-003
   0.36600      0.732000E-003
   0.36700      0.734000E-003
   0.36800      0.736000E-003
   0.36900      0.738000E-003
   0.37000      0.740000E-003
   0.37100      0.742000E-003
   0.37200      0.744000E-003
   0.37300      0.746000E-003
   0.37400      0.748000E-003
   0.37500      0.750000E-003
   0.37600      0.752000E-003
   0.37700      0.754000E-003
   0.37800      0.756000E-003
   0.37900      0.758000E-003
   0.38000      0.760000E-003

         


        
                    
   0.38100      0.762000E-003
   0.38200      0.764000E-003
   0.38300      0.766000E-003
   0.38400      0.768000E-003
   0.38500      0.770000E-003
   0.38600      0.772000E-003
   0.38700      0.774000E-003
   0.38800      0.776000E-003
   0.38900      0.778000E-003
   0.39000      0.780000E-003
   0.39100      0.782000E-003
   0.39200      0.784000E-003
   0.39300      0.786000E-003
   0.39400      0.788000E-003
   0.39500      0.790000E-003
   0.39600      0.792000E-003
   0.39700      0.794000E-003
   0.39800      0.796000E-003
   0.39900      0.798000E-003
   0.40000      0.800000E-003

         


        
                    
   0.40100      0.802000E-003
   0.40200      0.804000E-003
   0.40300      0.806000E-003
   0.40400      0.808000E-003
   0.40500      0.810000E-003
   0.40600      0.812000E-003
   0.40700      0.814000E-003
   0.40800      0.816000E-003
   0.40900      0.818000E-003
   0.41000      0.820000E-003
   0.41100      0.822000E-003
   0.41200      0.824000E-003
   0.41300      0.826000E-003
   0.41400      0.828000E-003
   0.41500      0.830000E-003
   0.41600      0.832000E-003
   0.41700      0.834000E-003
   0.41800      0.836000E-003
   0.41900      0.838000E-003
   0.42000      0.840000E-003

         


        
                    
   0.42100      0.842000E-003
   0.42200      0.844000E-003
   0.42300      0.846000E-003
   0.42400      0.848000E-003
   0.42500      0.850000E-003
   0.42600      0.852000E-003
   0.42700      0.854000E-003
   0.42800      0.856000E-003
   0.42900      0.858000E-003
   0.43000      0.860000E-003
   0.43100      0.862000E-003
   0.43200      0.864000E-003
   0.43300      0.866000E-003
   0.43400      0.868000E-003
   0.43500      0.870000E-003
   0.43600      0.872000E-003
   0.43700      0.874000E-003
   0.43800      0.876000E-003
   0.43900      0.878000E-003
   0.44000      0.880000E-003

         


        
                    
   0.44100      0.882000E-003
   0.44200      0.884000E-003
   0.44300      0.886000E-003
   0.44400      0.888000E-003
   0.44500      0.890000E-003
   0.44600      0.892000E-003
   0.44700      0.894000E-003
   0.44800      0.896000E-003
   0.44900      0.898000E-003
   0.45000      0.900000E-003
   0.45100      0.902000E-003
   0.45200      0.904000E-003
   0.45300      0.906000E-003
   0.45400      0.908000E-003
   0.45500      0.910000E-003
   0.45600      0.912000E-003
   0.45700      0.914000E-003
   0.45800      0.916000E-003
   0.45900      0.918000E-003
   0.46000      0.920000E-003

         


        
                    
   0.46100      0.922000E-003
   0.46200      0.924000E-003
   0.46300      0.926000E-003
   0.46400      0.928000E-003
   0.46500      0.930000E-003
   0.46600      0.932000E-003
   0.46700      0.934000E-003
   0.46800      0.936000E-003
   0.46900      0.938000E-003
   0.47000      0.940000E-003
   0.47100      0.942000E-003
   0.47200      0.944000E-003
   0.47300      0.946000E-003
   0.47400      0.948000E-003
   0.47500      0.950000E-003
   0.47600      0.952000E-003
   0.47700      0.954000E-003
   0.47800      0.956000E-003
   0.47900      0.958000E-003
   0.48000      0.960000E-003

         


        
                    
   0.48100      0.962000E-003
   0.48200      0.964000E-003
   0.48300      0.966000E-003
   0.48400      0.968000E-003
   0.48500      0.970000E-003
   0.48600      0.972000E-003
   0.48700      0.974000E-003
   0.48800      0.976000E-003
   0.48900      0.978000E-003
   0.49000      0.980000E-003
   0.49100      0.982000E-003
   0.49200      0.984000E-003
   0.49300      0.986000E-003
   0.49400      0.988000E-003
   0.49500      0.990000E-003
   0.49600      0.992000E-003
   0.49700      0.994000E-003
   0.49800      0.996000E-003
   0.49900      0.998000E-003
   0.50000      0.100000E-002

         


        
                    
   0.50100      0.100200E-002
   0.50145      0.100290E-002
   0.50190      0.100380E-002
   0.50258      0.100515E-002
   0.50358      0.100715E-002
   0.50458      0.100915E-002
   0.50558      0.101115E-002
   0.50658      0.101315E-002
   0.50703      0.101405E-002
   0.50748      0.101495E-002
   0.50781      0.101563E-002
   0.50815      0.101630E-002
   0.50866      0.101731E-002
   0.50942      0.101883E-002
   0.51042      0.102083E-002
   0.51142      0.102283E-002
   0.51187      0.102373E-002
   0.51207      0.102414E-002
    1.0000      0.102416E-002

