
          


         
          0	    0          
   0.20000E-02   99.3823     
   0.40000E-02   198.765     
   0.60000E-02   298.147     
   0.80000E-02   397.529     
   0.10000E-01   496.911     
   0.12000E-01   596.294     
   0.14000E-01   695.676     
   0.16000E-01   795.058     
   0.18000E-01   894.440     
   0.20000E-01   993.823     
   0.22000E-01   1093.20     
   0.24000E-01   1192.59     
   0.26000E-01   1291.97     
   0.28000E-01   1391.35     
   0.30000E-01   1490.73     
   0.32000E-01   1590.12     
   0.34000E-01   1689.50     
   0.36000E-01   1788.88     
   0.38000E-01   1888.26     
   0.40000E-01   1987.65     

          


         
                    
   0.42000E-01   2087.03     
   0.44000E-01   2186.41     
   0.46000E-01   2285.51     
   0.48000E-01   2384.40     
   0.50000E-01   2483.20     
   0.52000E-01   2581.30     
   0.54000E-01   2679.34     
   0.56000E-01   2777.39     
   0.58000E-01   2875.45     
   0.60000E-01   2973.52     
   0.62000E-01   3071.58     
   0.64000E-01   3169.64     
   0.66000E-01   3267.61     
   0.68000E-01   3365.16     
   0.70000E-01   3462.70     
   0.72000E-01   3560.24     
   0.74000E-01   3657.59     
   0.76000E-01   3754.92     
   0.78000E-01   3852.21     
   0.80000E-01   3948.95     

          


         
                    
   0.82000E-01   4045.07     
   0.84000E-01   4140.28     
   0.86000E-01   4234.97     
   0.88000E-01   4329.31     
   0.90000E-01   4423.79     
   0.92000E-01   4517.96     
   0.94000E-01   4611.75     
   0.96000E-01   4705.60     
   0.98000E-01   4799.13     
   0.10000       4892.01     
   0.10200       4983.15     
   0.10400       5073.12     
   0.10600       5162.75     
   0.10800       5252.62     
   0.11000       5341.69     
   0.11200       5430.68     
   0.11400       5518.94     
   0.11600       5606.06     
   0.11800       5690.80     
   0.12000       5775.04     

          


         
                    
   0.12200       5858.88     
   0.12400       5942.18     
   0.12600       6025.38     
   0.12800       6107.33     
   0.13000       6186.28     
   0.13200       6263.09     
   0.13400       6340.89     
   0.13600       6417.43     
   0.13800       6493.59     
   0.14000       6567.12     
   0.14200       6637.34     
   0.14400       6707.17     
   0.14600       6776.95     
   0.14800       6845.85     
   0.15000       6911.45     
   0.15200       6973.41     
   0.15400       7036.23     
   0.15600       7098.21     
   0.15800       7158.54     
   0.16000       7213.59     

          


         
                    
   0.16200       7267.95     
   0.16400       7322.98     
   0.16600       7376.05     
   0.16800       7424.77     
   0.17000       7470.54     
   0.17200       7518.40     
   0.17400       7564.22     
   0.17600       7604.18     
   0.17800       7644.47     
   0.18000       7684.97     
   0.18200       7721.93     
   0.18400       7754.95     
   0.18600       7788.57     
   0.18800       7820.67     
   0.19000       7844.73     
   0.19200       7873.33     
   0.19400       7901.42     
   0.19600       7918.93     
   0.19800       7940.85     
   0.20000       7963.95     

          


         
                    
   0.20200       7975.10     
   0.20400       7990.87     
   0.20600       8008.00     
   0.20800       8012.69     
   0.21000       8023.17     
   0.21200       8035.97     
   0.21400       8038.24     
   0.21600       8040.39     
   0.21800       8044.94     
   0.22000       8037.21     
   0.22200       8039.08     
   0.22400       8031.46     
   0.22600       8029.21     
   0.22800       8027.28     
   0.23000       8013.80     
   0.23200       8011.58     
   0.23400       7999.75     
   0.23600       7988.95     
   0.23800       7981.86     
   0.24000       7967.42     

          


         
                    
   0.24200       7957.53     
   0.24400       7952.54     
   0.24600       7934.06     
   0.24800       7920.11     
   0.25000       7903.47     
   0.25200       7889.19     
   0.25400       7877.35     
   0.25600       7859.18     
   0.25800       7843.80     
   0.26000       7820.70     
   0.26200       7805.78     
   0.26400       7789.92     
   0.26600       7760.49     
   0.26800       7747.53     
   0.27000       7730.11     
   0.27200       7705.54     
   0.27400       7686.29     
   0.27600       7655.87     
   0.27800       7641.58     
   0.28000       7619.50     

          


         
                    
   0.28200       7593.18     
   0.28400       7578.51     
   0.28600       7552.85     
   0.28800       7535.53     
   0.29000       7519.41     
   0.29200       7493.79     
   0.29400       7471.48     
   0.29600       7459.08     
   0.29800       7434.33     
   0.30000       7414.43     
   0.30200       7396.94     
   0.30400       7373.50     
   0.30600       7359.94     
   0.30800       7336.40     
   0.31000       7315.68     
   0.31200       7296.59     
   0.31400       7269.24     
   0.31600       7255.26     
   0.31800       7235.75     
   0.32000       7210.94     

          


         
                    
   0.32200       7189.98     
   0.32400       7157.70     
   0.32600       7137.64     
   0.32800       7118.18     
   0.33000       7086.45     
   0.33200       7060.07     
   0.33400       7031.57     
   0.33600       7004.01     
   0.33800       6983.30     
   0.34000       6952.56     
   0.34200       6929.44     
   0.34400       6897.31     
   0.34600       6875.65     
   0.34800       6855.99     
   0.35000       6823.44     
   0.35200       6799.11     
   0.35400       6769.13     
   0.35600       6746.75     
   0.35800       6729.32     
   0.36000       6693.08     

          


         
                    
   0.36200       6675.85     
   0.36400       6651.32     
   0.36600       6615.92     
   0.36800       6603.80     
   0.37000       6568.51     
   0.37200       6535.48     
   0.37400       6530.19     
   0.37600       6492.31     
   0.37800       6465.09     
   0.38000       6441.46     
   0.38200       6420.21     
   0.38400       6395.95     
   0.38600       6377.93     
   0.38800       6337.93     
   0.39000       6319.90     
   0.39200       6303.51     
   0.39400       6261.65     
   0.39600       6237.51     
   0.39800       6200.64     
   0.40000       6198.02     

          


         
                    
   0.40200       6166.66     
   0.40400       6141.42     
   0.40600       6122.40     
   0.40800       6123.31     
   0.41000       6080.09     
   0.41200       6048.73     
   0.41400       6040.18     
   0.41600       6026.17     
   0.41800       5998.79     
   0.42000       5959.36     
   0.42200       5970.18     
   0.42400       5951.90     
   0.42600       5916.48     
   0.42800       5880.28     
   0.42818       5870.69     
   0.42819       5871.98     
 

