
         


         
      0	            0               
   0.20000E-02   101.603     
   0.40000E-02   203.206     
   0.60000E-02   304.809     
   0.80000E-02   406.412     
   0.10000E-01   508.015     
   0.12000E-01   609.618     
   0.14000E-01   711.221     
   0.16000E-01   812.824     
   0.18000E-01   914.427     
   0.20000E-01   1016.03     
   0.22000E-01   1117.63     
   0.24000E-01   1219.24     
   0.26000E-01   1320.84     
   0.28000E-01   1422.44     
   0.30000E-01   1524.04     
   0.32000E-01   1625.65     
   0.34000E-01   1727.25     
   0.36000E-01   1828.85     
   0.38000E-01   1930.46     
   0.40000E-01   2032.06     

         


         
                     
   0.42000E-01   2133.66     
   0.44000E-01   2235.27     
   0.46000E-01   2336.87     
   0.48000E-01   2438.47     
   0.50000E-01   2540.07     
   0.52000E-01   2641.68     
   0.54000E-01   2743.28     
   0.56000E-01   2844.88     
   0.58000E-01   2946.49     
   0.60000E-01   3048.09     
   0.62000E-01   3149.69     
   0.64000E-01   3251.30     
   0.66000E-01   3352.90     
   0.68000E-01   3454.50     
   0.70000E-01   3556.10     
   0.72000E-01   3657.71     
   0.74000E-01   3759.31     
   0.76000E-01   3860.91     
   0.78000E-01   3962.52     
   0.80000E-01   4064.12     

         


         
                     
   0.82000E-01   4164.10     
   0.84000E-01   4256.27     
   0.86000E-01   4347.98     
   0.88000E-01   4439.99     
   0.90000E-01   4532.12     
   0.92000E-01   4624.28     
   0.94000E-01   4716.43     
   0.96000E-01   4808.60     
   0.98000E-01   4900.78     
   0.10000       4992.99     
   0.10200       5085.22     
   0.10400       5177.46     
   0.10600       5269.73     
   0.10800       5362.01     
   0.11000       5454.31     
   0.11200       5546.62     
   0.11400       5638.96     
   0.11600       5731.31     
   0.11800       5823.67     
   0.12000       5912.53     

         


         
                     
   0.12200       5996.48     
   0.12400       6079.77     
   0.12600       6163.56     
   0.12800       6247.58     
   0.13000       6331.66     
   0.13200       6415.80     
   0.13400       6499.99     
   0.13600       6584.26     
   0.13800       6668.59     
   0.14000       6752.97     
   0.14200       6837.42     
   0.14400       6921.92     
   0.14600       7006.47     
   0.14800       7091.08     
   0.15000       7175.74     
   0.15200       7260.45     
   0.15400       7335.38     
   0.15600       7406.89     
   0.15800       7477.72     
   0.16000       7547.85     

         


         
                     
   0.16200       7618.98     
   0.16400       7690.55     
   0.16600       7762.20     
   0.16800       7834.03     
   0.17000       7906.05     
   0.17200       7978.26     
   0.17400       8049.36     
   0.17600       8111.82     
   0.17800       8170.75     
   0.18000       8230.89     
   0.18200       8292.18     
   0.18400       8354.10     
   0.18600       8416.22     
   0.18800       8478.69     
   0.19000       8541.50     
   0.19200       8604.64     
   0.19400       8668.19     
   0.19600       8729.23     
   0.19800       8773.86     
   0.20000       8818.43     

         


         
                     
   0.20200       8864.76     
   0.20400       8912.29     
   0.20600       8960.38     
   0.20800       9009.40     
   0.21000       9058.95     
   0.21200       9109.49     
   0.21400       9155.35     
   0.21600       9191.63     
   0.21800       9225.98     
   0.22000       9262.88     
   0.22200       9301.54     
   0.22400       9342.33     
   0.22600       9383.86     
   0.22800       9425.97     
   0.23000       9469.00     
   0.23200       9509.89     
   0.23400       9530.27     
   0.23600       9550.47     
   0.23800       9573.55     
   0.24000       9599.93     

         


         
                     
   0.24200       9627.80     
   0.24400       9657.16     
   0.24600       9688.13     
   0.24800       9705.66     
   0.25000       9723.18     
   0.25200       9736.46     
   0.25400       9753.57     
   0.25600       9774.24     
   0.25800       9797.27     
   0.26000       9821.56     
   0.26200       9847.42     
   0.26400       9866.22     
   0.26600       9863.67     
   0.26800       9864.78     
   0.27000       9870.47     
   0.27200       9879.47     
   0.27400       9893.18     
   0.27600       9908.96     
   0.27800       9919.33     
   0.28000       9917.74     

         


         
                     
   0.28200       9913.69     
   0.28400       9914.82     
   0.28600       9921.95     
   0.28800       9931.87     
   0.29000       9943.24     
   0.29200       9957.47     
   0.29400       9966.41     
   0.29600       9950.48     
   0.29800       9939.65     
   0.30000       9934.02     
   0.30200       9932.30     
   0.30400       9936.34     
   0.30600       9943.09     
   0.30800       9933.95     
   0.31000       9924.11     
   0.31200       9913.45     
   0.31400       9908.60     
   0.31600       9905.73     
   0.31800       9909.10     
   0.32000       9913.96     

         


         
                     
   0.32200       9919.90     
   0.32400       9901.30     
   0.32600       9878.80     
   0.32800       9860.65     
   0.33000       9850.70     
   0.33200       9846.49     
   0.33400       9844.03     
   0.33600       9824.92     
   0.33800       9807.69     
   0.34000       9787.65     
   0.34200       9773.91     
   0.34400       9767.16     
   0.34600       9762.52     
   0.34800       9761.29     
   0.35000       9754.58     
   0.35200       9724.17     
   0.35400       9694.39     
   0.35600       9671.52     
   0.35800       9659.62     
   0.36000       9651.35     

         


         
                     
   0.36200       9642.02     
   0.36400       9615.71     
   0.36600       9587.47     
   0.36800       9566.25     
   0.37000       9551.41     
   0.37200       9542.30     
   0.37400       9534.96     
   0.37600       9530.97     
   0.37800       9507.75     
   0.38000       9474.79     
   0.38200       9445.50     
   0.38400       9422.30     
   0.38600       9409.03     
   0.38800       9398.50     
   0.39000       9376.58     
   0.39200       9340.43     
   0.39400       9316.55     
   0.39600       9298.00     
   0.39800       9282.65     
   0.40000       9270.64     

         


         
                     
   0.40200       9261.95     
   0.40400       9247.32     
   0.40600       9206.74     
   0.40800       9169.74     
   0.41000       9141.34     
   0.41200       9126.04     
   0.41400       9110.57     
   0.41600       9093.52     
   0.41800       9054.18     
   0.42000       9023.50     
   0.42200       8998.35     
   0.42400       8979.19     
   0.42600       8966.56     
   0.42800       8956.60     
   0.43000       8946.35     
   0.43200       8908.59     
   0.43400       8869.94     
   0.43600       8837.84     
   0.43800       8817.84     
   0.44000       8800.77     

         


         
                     
   0.44200       8787.04     
   0.44400       8760.71     
   0.44600       8732.10     
   0.44800       8700.75     
   0.45000       8677.49     
   0.45200       8660.44     
   0.45400       8648.36     
   0.45600       8637.65     
   0.45800       8628.34     
   0.46000       8595.87     
   0.46200       8559.03     
   0.46400       8528.20     
   0.46600       8502.98     
   0.46800       8489.08     
   0.47000       8474.62     
   0.47200       8444.98     
   0.47400       8412.37     
   0.47600       8383.80     
   0.47800       8361.12     
   0.48000       8344.99     

         


         
                     
   0.48200       8330.10     
   0.48400       8319.27     
   0.48600       8305.35     
   0.48800       8265.90     
   0.49000       8224.06     
   0.49200       8195.07     
   0.49400       8173.23     
   0.49600       8158.10     
   0.49800       8141.18     
   0.50000       8101.18     
   0.50200       8071.17     
   0.50400       8044.35     
   0.50600       8024.22     
   0.50800       8009.34     
   0.51000       7995.67     
   0.51200       7983.85     
   0.51400       7959.44     
   0.51600       7919.16     
   0.51800       7880.82     
   0.52000       7857.20     

         


         
                     
   0.52200       7839.92     
   0.52400       7823.95     
   0.52600       7806.56     
   0.52800       7770.01     
   0.53000       7735.53     
   0.53200       7709.11     
   0.53400       7688.89     
   0.53600       7674.86     
   0.53800       7661.65     
   0.54000       7650.70     
   0.54200       7622.00     
   0.54400       7581.49     
   0.54600       7546.24     
   0.54800       7518.56     
   0.55000       7497.93     
   0.55200       7483.11     
   0.55400       7456.29     
   0.55600       7421.49     
   0.55800       7386.47     
   0.56000       7360.96     

         


         
                     
   0.56200       7345.24     
   0.56400       7329.58     
   0.56600       7315.98     
   0.56800       7304.37     
   0.57000       7264.56     
   0.57200       7221.99     
   0.57400       7181.07     
   0.57600       7163.98     
   0.57800       7149.76     
   0.58000       7131.50     
   0.58200       7096.44     
   0.58400       7061.91     
   0.58600       7034.94     
   0.58800       7012.80     
   0.59000       6995.86     
   0.59200       6981.60     
   0.59400       6970.12     
   0.59600       6962.16     
   0.59800       6910.69     
   0.60000       6877.00     

         


         
                     
   0.60200       6844.90     
   0.60400       6825.51     
   0.60600       6810.04     
   0.60800       6795.64     
   0.61000       6774.96     
   0.61200       6735.04     
   0.61400       6702.35     
   0.61600       6674.28     
   0.61800       6661.40     
   0.62000       6648.21     
   0.62200       6635.60     
   0.62400       6614.64     
   0.62600       6593.36     
   0.62800       6539.90     
   0.63000       6508.05     
   0.63200       6481.80     
   0.63400       6460.85     
   0.63600       6451.20     
   0.63800       6420.24     
   0.64000       6375.60     

         


         
                     
   0.64200       6350.16     
   0.64400       6331.21     
   0.64600       6313.25     
   0.64800       6298.38     
   0.65000       6285.53     
   0.65200       6248.44     
   0.65400       6202.22     
   0.65600       6179.31     
   0.65800       6155.18     
   0.66000       6136.72     
   0.66200       6118.69     
   0.66400       6104.45     
   0.66600       6061.44     
   0.66800       6026.18     
   0.67000       6000.09     
   0.67200       5981.65     
   0.67400       5968.94     
   0.67600       5954.09     
   0.67800       5942.31     
   0.67900       5935.00     

         


         
                     
   0.67945       5870.38     
   0.67990       5866.26     
   0.68058       5866.43     
   0.68159       5878.45     
   0.68311       5834.67     
   0.68511       5825.39     
   0.68711       5804.12     
   0.68911       5785.92     
   0.69111       5766.88     
   0.69311       5742.45     
   0.69511       5701.53     
   0.69711       5671.21     
   0.69911       5649.80     
   0.70111       5635.25     
   0.70311       5618.83     
   0.70511       5606.14     
   0.70601       5598.31     
   0.70641       5584.88     
 

